Range_laser,robv,robw,IRx1,IRy1,IRx2,IRy2,IRx3,IRy3,IRx4,IRy4,US1,US2,US3,US4
0.0,0,0,409.0,328.0,579.0,160.0,579.0,329.0,411.0,158.0,0,0,0,0
543.0,0,0,409.0,328.0,579.0,160.0,579.0,329.0,411.0,158.0,0,0,0,0
543.0,0.0,0.0,409.0,328.0,579.0,160.0,579.0,329.0,411.0,158.0,0,0,0,0
544.0,0.0,0.0,409.0,328.0,579.0,160.0,579.0,329.0,410.0,158.0,0,0,0,0
544.0,0.0,0.0,408.0,328.0,579.0,159.0,579.0,329.0,410.0,157.0,0,0,0,0
544.0,0.0,0.0,408.0,328.0,579.0,159.0,579.0,329.0,410.0,157.0,0,0,0,0
544.0,0.0,0.0,409.0,328.0,579.0,160.0,579.0,329.0,411.0,158.0,0,0,0,0
543.0,0.0,0.0,409.0,328.0,579.0,160.0,579.0,329.0,410.0,158.0,0,0,0,0
543.0,0.0,0.0,408.0,328.0,579.0,159.0,579.0,329.0,410.0,157.0,0,0,0,0
543.0,0.0,0.0,408.0,328.0,579.0,159.0,579.0,329.0,411.0,158.0,0,0,0,0
543.0,0.0,0.0,408.0,328.0,579.0,159.0,579.0,329.0,411.0,158.0,0,0,0,0
543.0,0.0,0.0,409.0,328.0,579.0,160.0,579.0,329.0,410.0,158.0,0,0,0,0
544.0,0.0,0.0,409.0,328.0,579.0,160.0,579.0,329.0,410.0,158.0,0,0,0,0
544.0,0.0,0.0,408.0,328.0,579.0,159.0,579.0,329.0,410.0,157.0,0,0,0,0
543.0,0.0,0.0,409.0,328.0,579.0,160.0,579.0,329.0,411.0,158.0,0,0,0,0
543.0,0.0,0.0,409.0,328.0,579.0,160.0,579.0,329.0,411.0,158.0,0,0,0,0
543.0,0.0,0.0,409.0,328.0,579.0,160.0,579.0,329.0,410.0,158.0,0,0,0,0
545.0,0.0,0.0,408.0,328.0,579.0,159.0,579.0,329.0,410.0,157.0,0,0,0,0
544.0,0.0,0.0,408.0,328.0,579.0,159.0,579.0,329.0,410.0,158.0,0,0,0,0
545.0,0.0,0.0,409.0,328.0,579.0,160.0,579.0,329.0,410.0,158.0,0,0,0,0
545.0,0.0,0.0,409.0,328.0,579.0,160.0,579.0,329.0,410.0,158.0,0,0,0,0
545.0,0.0,0.0,409.0,328.0,579.0,160.0,579.0,329.0,410.0,158.0,0,0,0,0
545.0,0.0,0.0,408.0,328.0,579.0,159.0,579.0,329.0,410.0,157.0,0,0,0,0
544.0,0.0,0.0,409.0,328.0,579.0,160.0,579.0,329.0,410.0,158.0,0,0,0,0
545.0,0.0,0.0,409.0,328.0,579.0,160.0,579.0,329.0,410.0,158.0,0,0,0,0
545.0,0.0,0.0,409.0,328.0,579.0,160.0,579.0,329.0,410.0,158.0,0,0,0,0
545.0,0.0,0.0,409.0,328.0,579.0,159.0,579.0,328.0,410.0,157.0,0,0,0,0
545.0,0.0,0.0,408.0,328.0,579.0,159.0,579.0,329.0,410.0,158.0,0,0,0,0
545.0,0.0,0.0,409.0,328.0,579.0,160.0,579.0,329.0,410.0,158.0,0,0,0,0
545.0,0.0,0.0,409.0,328.0,579.0,160.0,579.0,329.0,411.0,158.0,0,0,0,0
545.0,0.0,0.0,408.0,328.0,579.0,159.0,579.0,329.0,410.0,157.0,0,0,0,0
544.0,0.0,0.0,408.0,328.0,579.0,159.0,579.0,329.0,410.0,157.0,0,0,0,0
545.0,0.0,0.0,409.0,328.0,579.0,160.0,579.0,329.0,410.0,158.0,0,0,0,0
545.0,0.0,0.0,409.0,328.0,579.0,160.0,579.0,329.0,411.0,158.0,0,0,0,0
545.0,0.0,0.0,409.0,328.0,579.0,160.0,579.0,329.0,410.0,157.0,0,0,0,0
544.0,0.0,0.0,408.0,328.0,579.0,159.0,579.0,329.0,410.0,157.0,0,0,0,0
545.0,0.0,0.0,408.0,328.0,579.0,159.0,579.0,329.0,410.0,157.0,0,0,0,0
545.0,0.0,0.0,409.0,328.0,579.0,160.0,579.0,329.0,410.0,158.0,0,0,0,0
545.0,0.0,0.0,409.0,328.0,579.0,160.0,579.0,329.0,411.0,158.0,0,0,0,0
545.0,0.0,0.0,408.0,327.0,579.0,159.0,579.0,329.0,410.0,157.0,0,0,0,0
545.0,0.0,0.0,409.0,328.0,579.0,160.0,579.0,329.0,410.0,158.0,0,0,0,0
545.0,0.0,0.0,409.0,328.0,579.0,160.0,579.0,329.0,410.0,158.0,0,0,0,0
544.0,0.0,0.0,409.0,328.0,579.0,160.0,579.0,329.0,411.0,158.0,0,0,0,0
545.0,0.0,0.0,409.0,328.0,579.0,160.0,579.0,329.0,411.0,158.0,0,0,0,0
545.0,0.0,0.0,408.0,327.0,579.0,159.0,579.0,328.0,410.0,157.0,0,0,0,0
545.0,0.0,0.0,409.0,328.0,579.0,160.0,579.0,329.0,410.0,158.0,0,0,0,0
545.0,0.0,0.0,409.0,328.0,579.0,160.0,579.0,329.0,410.0,158.0,0,0,0,0
545.0,0.0,0.0,409.0,328.0,579.0,160.0,579.0,329.0,411.0,158.0,0,0,0,0
545.0,0.0,0.0,408.0,327.0,579.0,159.0,579.0,328.0,410.0,157.0,0,0,0,0
544.0,0.0,0.0,408.0,328.0,579.0,160.0,579.0,329.0,410.0,158.0,0,0,0,0
544.0,0.0,0.0,409.0,328.0,579.0,160.0,579.0,329.0,411.0,158.0,0,0,0,0
545.0,0.0,0.0,409.0,328.0,579.0,160.0,579.0,329.0,411.0,158.0,0,0,0,0
545.0,0.0,0.0,409.0,328.0,579.0,160.0,579.0,329.0,411.0,158.0,0,0,0,0
544.0,0.0,0.0,408.0,327.0,579.0,159.0,579.0,328.0,410.0,157.0,0,0,0,0
544.0,0.0,0.0,409.0,328.0,579.0,159.0,579.0,328.0,410.0,158.0,0,0,0,0
544.0,0.0,0.0,409.0,325.0,579.0,158.0,579.0,326.0,410.0,155.0,0,0,0,0
545.0,-0.051,0.0,409.0,329.0,577.0,163.0,576.0,330.0,411.0,162.0,0,0,0,0
545.0,-0.038,0.0,409.0,329.0,577.0,163.0,576.0,330.0,411.0,162.0,0,0,0,0
545.0,0.0,0.0,409.0,331.0,577.0,166.0,576.0,331.0,410.0,164.0,0,0,0,0
555.0,0.008,0.0,409.0,328.0,577.0,163.0,576.0,329.0,411.0,161.0,0,0,0,0
555.0,-0.004,0.0,410.0,329.0,578.0,164.0,577.0,330.0,411.0,162.0,0,0,0,0
556.0,-0.037,0.0,410.0,327.0,577.0,163.0,576.0,328.0,411.0,161.0,0,0,0,0
555.0,-0.037,0.0,410.0,327.0,577.0,163.0,576.0,328.0,411.0,161.0,0,0,0,0
557.0,-0.091,0.0,411.0,329.0,576.0,166.0,573.0,330.0,412.0,167.0,0,0,0,0
557.0,-0.094,0.0,412.0,332.0,574.0,172.0,573.0,332.0,414.0,172.0,0,0,0,0
576.0,-0.092,0.0,414.0,332.0,571.0,175.0,569.0,331.0,414.0,174.0,0,0,0,0
585.0,-0.095,0.0,415.0,334.0,569.0,180.0,569.0,333.0,416.0,180.0,0,0,0,0
585.0,-0.094,0.0,415.0,334.0,569.0,180.0,569.0,333.0,416.0,180.0,0,0,0,0
596.0,-0.094,0.0,416.0,334.0,567.0,182.0,567.0,332.0,416.0,182.0,0,0,0,0
606.0,-0.095,0.0,416.0,335.0,566.0,187.0,565.0,335.0,417.0,186.0,0,0,0,0
615.0,-0.094,0.0,416.0,335.0,565.0,189.0,563.0,334.0,418.0,189.0,0,0,0,0
615.0,-0.093,0.0,418.0,335.0,563.0,191.0,563.0,334.0,419.0,191.0,0,0,0,0
625.0,-0.094,0.0,418.0,335.0,563.0,191.0,563.0,334.0,419.0,191.0,0,0,0,0
625.0,-0.093,0.0,422.0,335.0,563.0,194.0,562.0,334.0,422.0,193.0,0,0,0,0
635.0,-0.093,0.0,424.0,336.0,563.0,196.0,561.0,334.0,423.0,195.0,0,0,0,0
656.0,-0.094,0.0,424.0,336.0,561.0,199.0,561.0,335.0,424.0,199.0,0,0,0,0
665.0,-0.093,0.0,424.0,335.0,560.0,200.0,560.0,334.0,425.0,200.0,0,0,0,0
675.0,-0.094,0.0,424.0,335.0,560.0,200.0,560.0,334.0,425.0,200.0,0,0,0,0
676.0,-0.093,0.0,427.0,336.0,561.0,203.0,560.0,336.0,428.0,203.0,0,0,0,0
676.0,-0.094,0.0,427.0,336.0,560.0,206.0,559.0,335.0,429.0,204.0,0,0,0,0
686.0,-0.094,0.0,429.0,336.0,560.0,208.0,558.0,336.0,430.0,207.0,0,0,0,0
712.0,-0.093,0.0,430.0,337.0,558.0,209.0,557.0,337.0,431.0,209.0,0,0,0,0
720.0,-0.094,0.0,430.0,337.0,558.0,209.0,557.0,337.0,431.0,209.0,0,0,0,0
730.0,-0.093,0.0,431.0,337.0,557.0,213.0,555.0,337.0,430.0,213.0,0,0,0,0
741.0,-0.094,0.0,431.0,337.0,556.0,215.0,554.0,338.0,432.0,216.0,0,0,0,0
741.0,-0.095,0.0,432.0,338.0,555.0,216.0,554.0,339.0,432.0,216.0,0,0,0,0
749.0,-0.093,0.0,433.0,339.0,555.0,219.0,554.0,339.0,434.0,219.0,0,0,0,0
750.0,-0.093,0.0,435.0,340.0,554.0,222.0,553.0,340.0,435.0,222.0,0,0,0,0
759.0,-0.093,0.0,435.0,340.0,554.0,222.0,553.0,340.0,435.0,222.0,0,0,0,0
780.0,-0.094,0.0,436.0,340.0,554.0,224.0,553.0,340.0,437.0,223.0,0,0,0,0
779.0,-0.094,0.0,438.0,342.0,552.0,226.0,552.0,342.0,438.0,225.0,0,0,0,0
788.0,-0.093,0.0,438.0,342.0,552.0,229.0,552.0,343.0,439.0,229.0,0,0,0,0
788.0,-0.094,0.0,438.0,342.0,552.0,231.0,552.0,343.0,439.0,231.0,0,0,0,0
799.0,-0.094,0.0,438.0,342.0,552.0,231.0,552.0,343.0,439.0,231.0,0,0,0,0
826.0,-0.093,0.0,439.0,343.0,551.0,233.0,552.0,344.0,440.0,232.0,0,0,0,0
835.0,-0.093,0.0,442.0,343.0,552.0,234.0,552.0,344.0,441.0,233.0,0,0,0,0
845.0,-0.094,0.0,442.0,343.0,551.0,236.0,551.0,343.0,442.0,236.0,0,0,0,0
846.0,-0.094,0.0,443.0,344.0,551.0,237.0,551.0,343.0,443.0,238.0,0,0,0,0
846.0,-0.094,0.0,443.0,344.0,551.0,237.0,551.0,343.0,443.0,238.0,0,0,0,0
854.0,-0.094,0.0,444.0,344.0,550.0,238.0,551.0,343.0,445.0,239.0,0,0,0,0
872.0,-0.094,0.0,445.0,344.0,549.0,240.0,550.0,344.0,445.0,240.0,0,0,0,0
872.0,-0.093,0.0,445.0,343.0,550.0,241.0,550.0,344.0,446.0,242.0,0,0,0,0
882.0,-0.082,0.0,447.0,346.0,549.0,244.0,550.0,345.0,448.0,244.0,0,0,0,0
891.0,-0.058,0.0,447.0,346.0,549.0,244.0,550.0,345.0,448.0,244.0,0,0,0,0
891.0,-0.026,0.0,448.0,346.0,549.0,245.0,550.0,345.0,448.0,245.0,0,0,0,0
903.0,-0.026,0.0,448.0,345.0,549.0,244.0,549.0,344.0,448.0,244.0,0,0,0,0
913.0,-0.003,0.0,447.0,344.0,549.0,244.0,549.0,344.0,448.0,244.0,0,0,0,0
914.0,-0.033,0.0,447.0,341.0,550.0,243.0,549.0,343.0,448.0,242.0,0,0,0,0
913.0,-0.067,0.0,449.0,345.0,549.0,245.0,549.0,344.0,449.0,244.0,0,0,0,0
912.0,-0.092,0.0,449.0,345.0,549.0,245.0,549.0,344.0,449.0,244.0,0,0,0,0
912.0,-0.093,0.0,450.0,346.0,549.0,247.0,549.0,344.0,451.0,247.0,0,0,0,0
921.0,-0.093,0.0,451.0,346.0,548.0,249.0,548.0,344.0,451.0,248.0,0,0,0,0
942.0,-0.054,0.0,451.0,347.0,548.0,251.0,548.0,347.0,452.0,250.0,0,0,0,0
951.0,-0.025,0.0,451.0,347.0,548.0,251.0,547.0,346.0,452.0,250.0,0,0,0,0
951.0,-0.002,0.0,451.0,347.0,548.0,251.0,547.0,346.0,452.0,250.0,0,0,0,0
951.0,0.0,0.0,451.0,347.0,548.0,250.0,546.0,344.0,451.0,249.0,0,0,0,0
951.0,0.034,0.0,451.0,347.0,548.0,250.0,546.0,345.0,451.0,250.0,0,0,0,0
952.0,0.034,0.0,450.0,346.0,548.0,249.0,546.0,344.0,451.0,248.0,0,0,0,0
952.0,0.034,0.0,450.0,344.0,548.0,246.0,548.0,344.0,451.0,246.0,0,0,0,0
941.0,0.001,0.0,450.0,344.0,548.0,246.0,548.0,344.0,451.0,246.0,0,0,0,0
941.0,-0.001,0.0,451.0,346.0,548.0,248.0,548.0,344.0,451.0,247.0,0,0,0,0
941.0,0.0,0.0,451.0,346.0,548.0,249.0,549.0,344.0,451.0,248.0,0,0,0,0
941.0,0.036,0.0,451.0,346.0,548.0,249.0,548.0,344.0,451.0,248.0,0,0,0,0
941.0,0.036,0.0,449.0,346.0,548.0,248.0,547.0,344.0,450.0,247.0,0,0,0,0
941.0,0.096,0.0,449.0,346.0,548.0,248.0,547.0,344.0,450.0,247.0,0,0,0,0
931.0,0.127,0.0,448.0,346.0,548.0,247.0,548.0,344.0,448.0,245.0,0,0,0,0
921.0,0.157,0.0,447.0,346.0,550.0,245.0,550.0,345.0,448.0,245.0,0,0,0,0
902.0,0.186,0.0,444.0,344.0,550.0,241.0,550.0,344.0,446.0,241.0,0,0,0,0
902.0,0.217,0.0,443.0,344.0,550.0,238.0,551.0,344.0,443.0,240.0,0,0,0,0
891.0,0.217,0.0,441.0,345.0,552.0,234.0,552.0,344.0,440.0,235.0,0,0,0,0
846.0,0.275,0.0,441.0,345.0,552.0,234.0,552.0,344.0,440.0,235.0,0,0,0,0
818.0,0.306,0.0,437.0,343.0,553.0,229.0,552.0,344.0,438.0,230.0,0,0,0,0
790.0,0.335,0.0,433.0,342.0,556.0,223.0,554.0,341.0,434.0,222.0,0,0,0,0
750.0,0.364,0.0,430.0,338.0,558.0,211.0,557.0,339.0,430.0,212.0,0,0,0,0
750.0,0.365,0.0,424.0,336.0,561.0,201.0,561.0,336.0,425.0,200.0,0,0,0,0
750.0,0.365,0.0,424.0,336.0,561.0,201.0,561.0,336.0,425.0,200.0,0,0,0,0
676.0,0.297,0.0,420.0,336.0,564.0,192.0,563.0,335.0,421.0,192.0,0,0,0,0
647.0,0.275,0.0,416.0,335.0,567.0,185.0,566.0,334.0,416.0,185.0,0,0,0,0
615.0,0.246,0.0,415.0,334.0,572.0,176.0,572.0,334.0,415.0,175.0,0,0,0,0
595.0,0.219,0.0,411.0,331.0,576.0,167.0,575.0,331.0,412.0,166.0,0,0,0,0
595.0,0.184,0.0174532925199,411.0,331.0,576.0,167.0,575.0,331.0,412.0,166.0,0,0,0,0
576.0,0.153,-0.0174532925199,407.0,330.0,579.0,160.0,578.0,330.0,409.0,157.0,0,0,0,0
555.0,0.153,-0.0174532925199,404.0,329.0,583.0,154.0,581.0,329.0,407.0,154.0,0,0,0,0
533.0,0.098,0.0,404.0,326.0,584.0,150.0,583.0,328.0,405.0,147.0,0,0,0,0
514.0,0.066,0.0,401.0,324.0,586.0,144.0,584.0,326.0,403.0,141.0,0,0,0,0
504.0,0.036,0.0,401.0,324.0,586.0,144.0,584.0,326.0,403.0,141.0,0,0,0,0
503.0,0.006,0.0,401.0,324.0,586.0,143.0,584.0,325.0,402.0,140.0,0,0,0,0
503.0,0.0,0.0,401.0,324.0,586.0,144.0,585.0,326.0,403.0,141.0,0,0,0,0
503.0,0.0,0.0,402.0,324.0,586.0,144.0,585.0,326.0,403.0,141.0,0,0,0,0
504.0,-0.003,0.0,401.0,324.0,586.0,143.0,584.0,326.0,402.0,141.0,0,0,0,0
505.0,-0.036,0.0,401.0,324.0,586.0,143.0,584.0,326.0,402.0,141.0,0,0,0,0
504.0,-0.052,0.0,402.0,322.0,587.0,141.0,585.0,321.0,403.0,138.0,0,0,0,0
506.0,-0.036,0.0,404.0,328.0,584.0,151.0,583.0,329.0,405.0,148.0,0,0,0,0
506.0,-0.012,0.0,404.0,325.0,585.0,146.0,582.0,325.0,404.0,145.0,0,0,0,0
505.0,-0.012,0.0,405.0,324.0,585.0,145.0,583.0,324.0,404.0,143.0,0,0,0,0
515.0,-0.077,0.0,405.0,324.0,585.0,145.0,583.0,324.0,404.0,143.0,0,0,0,0
516.0,-0.093,0.0,404.0,326.0,583.0,152.0,581.0,327.0,407.0,150.0,0,0,0,0
526.0,-0.093,0.0,407.0,329.0,580.0,158.0,579.0,329.0,409.0,156.0,0,0,0,0
535.0,-0.093,0.0,410.0,328.0,580.0,162.0,579.0,329.0,411.0,159.0,0,0,0,0
546.0,-0.094,0.0,411.0,328.0,578.0,164.0,577.0,330.0,412.0,162.0,0,0,0,0
546.0,-0.094,0.0,412.0,331.0,575.0,168.0,574.0,331.0,412.0,169.0,0,0,0,0
556.0,-0.094,0.0,412.0,331.0,575.0,168.0,574.0,331.0,412.0,169.0,0,0,0,0
567.0,-0.094,0.0,414.0,330.0,575.0,171.0,574.0,331.0,415.0,171.0,0,0,0,0
578.0,-0.095,0.0,415.0,333.0,572.0,176.0,571.0,333.0,415.0,176.0,0,0,0,0
587.0,-0.092,0.0,416.0,333.0,570.0,179.0,570.0,332.0,416.0,179.0,0,0,0,0
597.0,-0.094,0.0,416.0,334.0,569.0,182.0,568.0,332.0,416.0,183.0,0,0,0,0
597.0,-0.094,0.0,416.0,334.0,569.0,182.0,568.0,332.0,416.0,183.0,0,0,0,0
597.0,-0.094,0.0,417.0,335.0,567.0,187.0,566.0,335.0,418.0,187.0,0,0,0,0
608.0,-0.094,0.0,417.0,335.0,566.0,189.0,564.0,334.0,419.0,188.0,0,0,0,0
626.0,-0.094,0.0,421.0,335.0,564.0,191.0,564.0,334.0,421.0,191.0,0,0,0,0
636.0,-0.094,0.0,423.0,336.0,564.0,194.0,563.0,334.0,423.0,193.0,0,0,0,0
647.0,-0.093,0.0,423.0,336.0,564.0,194.0,563.0,334.0,423.0,193.0,0,0,0,0
647.0,-0.094,0.0,424.0,336.0,564.0,196.0,562.0,334.0,424.0,195.0,0,0,0,0
647.0,-0.094,0.0,424.0,336.0,562.0,199.0,562.0,335.0,425.0,199.0,0,0,0,0
669.0,-0.093,0.0,426.0,335.0,561.0,200.0,561.0,334.0,427.0,200.0,0,0,0,0
677.0,-0.095,0.0,429.0,336.0,562.0,203.0,561.0,336.0,429.0,203.0,0,0,0,0
677.0,-0.095,0.0,429.0,336.0,562.0,203.0,561.0,336.0,429.0,203.0,0,0,0,0
677.0,-0.095,0.0,430.0,336.0,560.0,206.0,560.0,335.0,430.0,205.0,0,0,0,0
677.0,-0.095,0.0,431.0,336.0,560.0,208.0,559.0,336.0,432.0,208.0,0,0,0,0
704.0,-0.094,0.0,431.0,336.0,559.0,209.0,558.0,337.0,432.0,208.0,0,0,0,0
723.0,-0.094,0.0,431.0,336.0,558.0,212.0,557.0,337.0,432.0,213.0,0,0,0,0
733.0,-0.093,0.0,431.0,336.0,558.0,212.0,557.0,337.0,432.0,213.0,0,0,0,0
741.0,-0.094,0.0,432.0,337.0,557.0,215.0,556.0,338.0,432.0,215.0,0,0,0,0
741.0,-0.095,0.0,433.0,338.0,557.0,216.0,555.0,339.0,433.0,216.0,0,0,0,0
741.0,-0.093,0.0,435.0,339.0,556.0,219.0,555.0,339.0,436.0,219.0,0,0,0,0
751.0,-0.093,0.0,436.0,340.0,556.0,223.0,554.0,339.0,438.0,222.0,0,0,0,0
772.0,-0.094,0.0,438.0,341.0,555.0,224.0,553.0,340.0,439.0,223.0,0,0,0,0
781.0,-0.094,0.0,438.0,341.0,555.0,224.0,553.0,340.0,439.0,223.0,0,0,0,0
782.0,-0.094,0.0,439.0,341.0,554.0,226.0,553.0,341.0,439.0,225.0,0,0,0,0
790.0,-0.094,0.0,439.0,342.0,553.0,229.0,552.0,343.0,439.0,228.0,0,0,0,0
790.0,-0.094,0.0,440.0,341.0,554.0,231.0,552.0,343.0,440.0,231.0,0,0,0,0
809.0,-0.094,0.0,441.0,343.0,552.0,233.0,552.0,344.0,441.0,232.0,0,0,0,0
828.0,-0.093,0.0,441.0,343.0,552.0,233.0,552.0,344.0,441.0,232.0,0,0,0,0
837.0,-0.094,0.0,443.0,344.0,552.0,234.0,552.0,344.0,443.0,233.0,0,0,0,0
846.0,-0.093,0.0,443.0,344.0,552.0,235.0,552.0,344.0,444.0,236.0,0,0,0,0
846.0,-0.094,0.0,444.0,344.0,552.0,237.0,552.0,344.0,445.0,238.0,0,0,0,0
846.0,-0.094,0.0,445.0,343.0,552.0,237.0,552.0,344.0,446.0,238.0,0,0,0,0
865.0,-0.094,0.0,445.0,343.0,552.0,237.0,552.0,344.0,446.0,238.0,0,0,0,0
873.0,-0.094,0.0,446.0,344.0,552.0,241.0,552.0,344.0,447.0,240.0,0,0,0,0
883.0,-0.093,0.0,447.0,343.0,551.0,242.0,551.0,344.0,448.0,242.0,0,0,0,0
884.0,-0.094,0.0,448.0,344.0,551.0,243.0,551.0,344.0,448.0,243.0,0,0,0,0
893.0,-0.094,0.0,449.0,345.0,550.0,245.0,550.0,344.0,449.0,244.0,0,0,0,0
893.0,-0.093,0.0,449.0,345.0,550.0,245.0,550.0,344.0,449.0,244.0,0,0,0,0
913.0,-0.093,0.0,450.0,345.0,550.0,245.0,550.0,344.0,451.0,246.0,0,0,0,0
923.0,-0.094,0.0,451.0,346.0,549.0,248.0,550.0,345.0,452.0,248.0,0,0,0,0
942.0,-0.093,0.0,452.0,346.0,549.0,249.0,549.0,345.0,452.0,248.0,0,0,0,0
943.0,-0.083,0.0,452.0,348.0,549.0,252.0,548.0,348.0,453.0,252.0,0,0,0,0
952.0,-0.053,0.0,452.0,348.0,548.0,253.0,548.0,348.0,452.0,253.0,0,0,0,0
952.0,-0.026,0.0,452.0,348.0,548.0,253.0,548.0,348.0,452.0,253.0,0,0,0,0
971.0,-0.026,0.0,452.0,348.0,548.0,253.0,547.0,349.0,452.0,253.0,0,0,0,0
962.0,0.0,0.0,452.0,348.0,548.0,252.0,547.0,347.0,453.0,252.0,0,0,0,0
971.0,0.0,0.0,452.0,348.0,548.0,252.0,547.0,347.0,453.0,252.0,0,0,0,0
962.0,0.0,0.0,452.0,348.0,548.0,252.0,547.0,347.0,453.0,252.0,0,0,0,0
962.0,0.0,0.0,452.0,348.0,548.0,252.0,547.0,347.0,453.0,252.0,0,0,0,0
962.0,0.0,0.0,452.0,347.0,548.0,252.0,547.0,347.0,453.0,252.0,0,0,0,0
962.0,0.0,0.0,452.0,348.0,548.0,252.0,547.0,347.0,453.0,252.0,0,0,0,0
971.0,0.0,0.0,452.0,348.0,548.0,252.0,547.0,347.0,453.0,252.0,0,0,0,0
971.0,0.0,0.0,452.0,348.0,548.0,252.0,547.0,347.0,453.0,252.0,0,0,0,0
962.0,0.0,0.0,452.0,348.0,548.0,252.0,547.0,347.0,453.0,252.0,0,0,0,0
962.0,0.0,0.0,452.0,347.0,548.0,252.0,547.0,347.0,453.0,252.0,0,0,0,0
971.0,0.0,0.0,452.0,347.0,548.0,252.0,547.0,347.0,453.0,252.0,0,0,0,0
971.0,0.0,0.0,452.0,347.0,548.0,252.0,547.0,347.0,453.0,252.0,0,0,0,0
962.0,0.0,0.0,452.0,347.0,548.0,252.0,547.0,346.0,453.0,251.0,0,0,0,0
962.0,0.0,0.0,452.0,347.0,548.0,252.0,547.0,346.0,453.0,251.0,0,0,0,0
971.0,0.0,0.0,452.0,347.0,548.0,252.0,547.0,347.0,453.0,252.0,0,0,0,0
962.0,0.0,0.0,452.0,347.0,548.0,252.0,547.0,347.0,453.0,252.0,0,0,0,0
971.0,0.0,0.0,452.0,347.0,548.0,252.0,547.0,346.0,453.0,251.0,0,0,0,0
971.0,0.0,0.0,452.0,347.0,548.0,252.0,547.0,347.0,453.0,252.0,0,0,0,0
962.0,0.0,0.0,452.0,347.0,548.0,252.0,547.0,347.0,453.0,252.0,0,0,0,0
962.0,0.0,0.0,452.0,347.0,548.0,252.0,547.0,347.0,453.0,252.0,0,0,0,0
962.0,0.033,0.0,452.0,347.0,548.0,252.0,547.0,347.0,453.0,252.0,0,0,0,0
971.0,0.044,0.0,451.0,347.0,548.0,252.0,547.0,346.0,452.0,250.0,0,0,0,0
963.0,0.025,0.0,451.0,346.0,548.0,249.0,548.0,344.0,452.0,248.0,0,0,0,0
963.0,0.001,0.0,452.0,346.0,548.0,250.0,548.0,344.0,452.0,249.0,0,0,0,0
952.0,0.001,0.0,452.0,346.0,548.0,250.0,548.0,344.0,452.0,249.0,0,0,0,0
953.0,0.003,0.0,452.0,346.0,548.0,251.0,548.0,344.0,452.0,250.0,0,0,0,0
953.0,0.037,0.0,451.0,346.0,548.0,251.0,548.0,345.0,452.0,250.0,0,0,0,0
962.0,0.07,0.0,451.0,346.0,548.0,250.0,548.0,345.0,452.0,249.0,0,0,0,0
952.0,0.098,0.0,451.0,346.0,549.0,248.0,549.0,345.0,451.0,248.0,0,0,0,0
952.0,0.129,0.0,451.0,346.0,549.0,248.0,549.0,345.0,451.0,248.0,0,0,0,0
943.0,0.129,0.0,449.0,346.0,549.0,246.0,550.0,345.0,449.0,246.0,0,0,0,0
914.0,0.188,0.0,448.0,346.0,551.0,244.0,551.0,344.0,448.0,244.0,0,0,0,0
903.0,0.218,0.0,445.0,347.0,551.0,242.0,551.0,345.0,446.0,242.0,0,0,0,0
884.0,0.248,0.0,443.0,345.0,552.0,237.0,552.0,344.0,443.0,239.0,0,0,0,0
857.0,0.277,0.0,443.0,345.0,552.0,237.0,552.0,344.0,443.0,239.0,0,0,0,0
857.0,0.307,0.0,440.0,344.0,553.0,233.0,552.0,344.0,440.0,232.0,0,0,0,0
828.0,0.307,0.0,437.0,343.0,556.0,224.0,553.0,343.0,438.0,224.0,0,0,0,0
792.0,0.365,0.0,432.0,340.0,559.0,216.0,557.0,340.0,432.0,216.0,0,0,0,0
761.0,0.374,0.0,430.0,336.0,561.0,204.0,560.0,336.0,430.0,204.0,0,0,0,0
733.0,0.373,0.0,430.0,336.0,561.0,204.0,560.0,336.0,430.0,204.0,0,0,0,0
687.0,0.361,0.0,424.0,336.0,564.0,195.0,563.0,336.0,424.0,196.0,0,0,0,0
687.0,0.331,0.0,417.0,336.0,568.0,188.0,568.0,337.0,419.0,187.0,0,0,0,0
657.0,0.331,0.0,415.0,330.0,574.0,172.0,574.0,331.0,415.0,171.0,0,0,0,0
587.0,0.267,0.0,410.0,330.0,579.0,163.0,578.0,331.0,411.0,161.0,0,0,0,0
557.0,0.239,0.0,407.0,330.0,585.0,154.0,582.0,329.0,409.0,153.0,0,0,0,0
537.0,0.213,0.0,407.0,330.0,585.0,154.0,582.0,329.0,409.0,153.0,0,0,0,0
517.0,0.184,0.0,402.0,324.0,588.0,142.0,587.0,324.0,404.0,139.0,0,0,0,0
517.0,0.153,0.0,397.0,323.0,590.0,133.0,588.0,323.0,398.0,132.0,0,0,0,0
491.0,0.153,0.0,393.0,322.0,593.0,125.0,591.0,320.0,394.0,122.0,0,0,0,0
470.0,0.094,0.0,389.0,321.0,595.0,121.0,592.0,320.0,390.0,117.0,0,0,0,0
451.0,0.064,0.0,389.0,321.0,595.0,121.0,592.0,320.0,390.0,117.0,0,0,0,0
451.0,0.036,0.0,388.0,319.0,594.0,115.0,592.0,319.0,388.0,113.0,0,0,0,0
450.0,0.006,0.0,387.0,319.0,594.0,115.0,592.0,319.0,388.0,112.0,0,0,0,0
450.0,0.0,0.0,388.0,320.0,595.0,115.0,593.0,319.0,389.0,113.0,0,0,0,0
439.0,0.0,0.0,388.0,316.0,596.0,112.0,595.0,314.0,390.0,109.0,0,0,0,0
448.0,-0.045,0.0,388.0,316.0,596.0,112.0,595.0,314.0,390.0,109.0,0,0,0,0
450.0,-0.03,0.0,390.0,321.0,594.0,121.0,592.0,320.0,391.0,118.0,0,0,0,0
448.0,0.0,0.0,391.0,321.0,594.0,122.0,592.0,320.0,392.0,119.0,0,0,0,0
464.0,0.0,0.0,390.0,320.0,595.0,120.0,592.0,320.0,391.0,117.0,0,0,0,0
464.0,0.0,0.0,390.0,320.0,595.0,121.0,592.0,320.0,391.0,118.0,0,0,0,0
450.0,0.0,0.0,390.0,320.0,595.0,121.0,592.0,320.0,391.0,118.0,0,0,0,0
452.0,-0.073,0.0,393.0,317.0,595.0,120.0,592.0,318.0,393.0,117.0,0,0,0,0
463.0,-0.093,0.0,395.0,322.0,594.0,128.0,592.0,320.0,396.0,125.0,0,0,0,0
474.0,-0.094,0.0,399.0,323.0,592.0,133.0,590.0,322.0,400.0,131.0,0,0,0,0
485.0,-0.094,0.0,401.0,323.0,591.0,137.0,588.0,323.0,403.0,136.0,0,0,0,0
485.0,-0.094,0.0,401.0,323.0,591.0,137.0,588.0,323.0,403.0,136.0,0,0,0,0
495.0,-0.094,0.0,404.0,325.0,589.0,143.0,587.0,324.0,405.0,140.0,0,0,0,0
505.0,-0.094,0.0,406.0,325.0,587.0,148.0,586.0,327.0,408.0,147.0,0,0,0,0
506.0,-0.056,0.0,408.0,329.0,586.0,154.0,584.0,329.0,410.0,152.0,0,0,0,0
518.0,-0.023,0.0,410.0,329.0,586.0,155.0,584.0,329.0,411.0,153.0,0,0,0,0
527.0,-0.002,0.0,409.0,326.0,585.0,153.0,584.0,328.0,411.0,151.0,0,0,0,0
527.0,0.0,0.0,409.0,326.0,585.0,153.0,584.0,328.0,411.0,151.0,0,0,0,0
527.0,0.0,0.0,410.0,327.0,586.0,154.0,585.0,328.0,411.0,152.0,0,0,0,0
528.0,0.0,0.0,409.0,326.0,586.0,153.0,584.0,327.0,411.0,151.0,0,0,0,0
527.0,0.0,0.0,410.0,326.0,586.0,153.0,584.0,327.0,411.0,151.0,0,0,0,0
527.0,0.0,0.0,410.0,327.0,586.0,154.0,585.0,328.0,411.0,152.0,0,0,0,0
528.0,0.0,0.0,410.0,327.0,586.0,154.0,585.0,328.0,411.0,152.0,0,0,0,0
528.0,0.0,0.0,410.0,327.0,586.0,154.0,585.0,328.0,411.0,151.0,0,0,0,0
528.0,0.0,0.0,410.0,326.0,586.0,153.0,584.0,327.0,411.0,151.0,0,0,0,0
527.0,0.0,0.0,410.0,326.0,586.0,153.0,584.0,327.0,411.0,151.0,0,0,0,0
528.0,-0.007,0.0,410.0,326.0,586.0,153.0,584.0,327.0,411.0,151.0,0,0,0,0
527.0,-0.039,0.0,410.0,326.0,586.0,153.0,584.0,327.0,411.0,151.0,0,0,0,0
528.0,-0.047,0.0,411.0,326.0,586.0,153.0,584.0,326.0,412.0,150.0,0,0,0,0
528.0,-0.033,0.0,411.0,331.0,583.0,160.0,581.0,331.0,412.0,159.0,0,0,0,0
537.0,-0.001,0.0,411.0,327.0,583.0,157.0,580.0,328.0,412.0,155.0,0,0,0,0
537.0,0.002,0.0,411.0,327.0,585.0,156.0,582.0,328.0,412.0,153.0,0,0,0,0
537.0,0.002,0.0,411.0,327.0,585.0,156.0,582.0,328.0,412.0,153.0,0,0,0,0
538.0,-0.038,0.0,411.0,327.0,584.0,156.0,580.0,327.0,411.0,153.0,0,0,0,0
538.0,-0.071,0.0,412.0,327.0,583.0,157.0,580.0,327.0,413.0,155.0,0,0,0,0
538.0,-0.093,0.0,413.0,330.0,581.0,164.0,579.0,330.0,414.0,163.0,0,0,0,0
550.0,-0.094,0.0,415.0,331.0,579.0,168.0,578.0,331.0,415.0,166.0,0,0,0,0
550.0,-0.093,0.0,415.0,331.0,579.0,168.0,578.0,331.0,415.0,166.0,0,0,0,0
558.0,-0.093,0.0,415.0,331.0,577.0,170.0,576.0,331.0,416.0,171.0,0,0,0,0
578.0,-0.093,0.0,416.0,331.0,575.0,173.0,574.0,331.0,417.0,173.0,0,0,0,0
588.0,-0.094,0.0,417.0,333.0,574.0,179.0,572.0,333.0,418.0,178.0,0,0,0,0
590.0,-0.094,0.0,417.0,335.0,571.0,182.0,571.0,334.0,418.0,183.0,0,0,0,0
608.0,-0.093,0.0,418.0,335.0,569.0,185.0,569.0,333.0,419.0,184.0,0,0,0,0
609.0,-0.095,0.0,418.0,335.0,569.0,185.0,569.0,333.0,419.0,184.0,0,0,0,0
609.0,-0.094,0.0,421.0,335.0,568.0,188.0,568.0,335.0,421.0,188.0,0,0,0,0
619.0,-0.094,0.0,422.0,335.0,567.0,190.0,566.0,334.0,423.0,190.0,0,0,0,0
627.0,-0.094,0.0,424.0,336.0,566.0,193.0,565.0,335.0,423.0,192.0,0,0,0,0
636.0,-0.094,0.0,424.0,335.0,565.0,194.0,564.0,334.0,424.0,194.0,0,0,0,0
647.0,-0.094,0.0,424.0,335.0,565.0,194.0,564.0,334.0,424.0,194.0,0,0,0,0
649.0,-0.094,0.0,424.0,335.0,566.0,198.0,564.0,335.0,426.0,197.0,0,0,0,0
659.0,-0.094,0.0,427.0,334.0,565.0,199.0,563.0,334.0,429.0,199.0,0,0,0,0
677.0,-0.094,0.0,429.0,335.0,563.0,201.0,561.0,334.0,430.0,200.0,0,0,0,0
677.0,-0.093,0.0,431.0,336.0,562.0,205.0,561.0,336.0,430.0,205.0,0,0,0,0
677.0,-0.093,0.0,431.0,336.0,562.0,205.0,561.0,336.0,430.0,205.0,0,0,0,0
687.0,-0.094,0.0,432.0,336.0,560.0,208.0,560.0,336.0,432.0,207.0,0,0,0,0
704.0,-0.093,0.0,431.0,336.0,560.0,208.0,559.0,336.0,432.0,208.0,0,0,0,0
715.0,-0.094,0.0,431.0,336.0,558.0,210.0,559.0,336.0,432.0,209.0,0,0,0,0
723.0,-0.094,0.0,433.0,337.0,559.0,214.0,559.0,337.0,433.0,214.0,0,0,0,0
733.0,-0.094,0.0,433.0,337.0,559.0,214.0,559.0,337.0,433.0,214.0,0,0,0,0
733.0,-0.094,0.0,434.0,338.0,558.0,216.0,557.0,338.0,434.0,216.0,0,0,0,0
742.0,-0.094,0.0,436.0,339.0,558.0,218.0,556.0,339.0,437.0,217.0,0,0,0,0
752.0,-0.094,0.0,438.0,339.0,558.0,221.0,556.0,339.0,438.0,221.0,0,0,0,0
762.0,-0.093,0.0,439.0,341.0,557.0,224.0,554.0,340.0,439.0,223.0,0,0,0,0
773.0,-0.094,0.0,439.0,341.0,556.0,224.0,554.0,340.0,440.0,224.0,0,0,0,0
782.0,-0.094,0.0,439.0,341.0,556.0,224.0,554.0,340.0,440.0,224.0,0,0,0,0
791.0,-0.093,0.0,440.0,341.0,554.0,228.0,552.0,343.0,440.0,228.0,0,0,0,0
791.0,-0.094,0.0,441.0,342.0,555.0,231.0,552.0,343.0,441.0,230.0,0,0,0,0
800.0,-0.094,0.0,442.0,343.0,554.0,232.0,552.0,344.0,442.0,232.0,0,0,0,0
811.0,-0.094,0.0,442.0,343.0,554.0,232.0,552.0,344.0,442.0,232.0,0,0,0,0
829.0,-0.094,0.0,443.0,344.0,553.0,234.0,552.0,344.0,442.0,233.0,0,0,0,0
838.0,-0.094,0.0,444.0,344.0,554.0,236.0,552.0,344.0,445.0,235.0,0,0,0,0
849.0,-0.094,0.0,445.0,343.0,553.0,237.0,552.0,344.0,446.0,237.0,0,0,0,0
849.0,-0.094,0.0,445.0,343.0,553.0,237.0,552.0,344.0,446.0,238.0,0,0,0,0
856.0,-0.094,0.0,446.0,342.0,553.0,238.0,552.0,344.0,447.0,239.0,0,0,0,0
866.0,-0.094,0.0,446.0,342.0,553.0,238.0,552.0,344.0,447.0,239.0,0,0,0,0
884.0,-0.093,0.0,448.0,344.0,553.0,242.0,552.0,344.0,449.0,241.0,0,0,0,0
894.0,-0.094,0.0,449.0,344.0,552.0,242.0,552.0,344.0,449.0,241.0,0,0,0,0
903.0,-0.094,0.0,450.0,345.0,552.0,244.0,551.0,344.0,450.0,243.0,0,0,0,0
903.0,-0.094,0.0,451.0,345.0,551.0,245.0,551.0,344.0,451.0,246.0,0,0,0,0
914.0,-0.094,0.0,451.0,345.0,551.0,245.0,551.0,344.0,451.0,246.0,0,0,0,0
914.0,-0.093,0.0,452.0,346.0,551.0,246.0,550.0,344.0,452.0,247.0,0,0,0,0
934.0,-0.094,0.0,452.0,346.0,550.0,248.0,550.0,345.0,452.0,248.0,0,0,0,0
943.0,-0.093,0.0,452.0,346.0,549.0,250.0,549.0,345.0,452.0,249.0,0,0,0,0
943.0,-0.082,0.0,452.0,348.0,548.0,252.0,548.0,348.0,453.0,252.0,0,0,0,0
943.0,-0.053,0.0,452.0,348.0,548.0,252.0,548.0,348.0,453.0,252.0,0,0,0,0
962.0,-0.053,0.0,453.0,349.0,548.0,256.0,548.0,351.0,453.0,255.0,0,0,0,0
962.0,-0.026,0.0,452.0,348.0,548.0,255.0,548.0,350.0,453.0,255.0,0,0,0,0
972.0,0.0,0.0,452.0,348.0,548.0,253.0,548.0,348.0,453.0,253.0,0,0,0,0
972.0,0.0,0.0,453.0,348.0,548.0,253.0,548.0,348.0,453.0,253.0,0,0,0,0
972.0,0.0,0.0,453.0,348.0,548.0,253.0,548.0,348.0,453.0,253.0,0,0,0,0
972.0,0.0,0.0,453.0,348.0,548.0,253.0,548.0,348.0,453.0,253.0,0,0,0,0
972.0,0.0,0.0,452.0,348.0,548.0,253.0,547.0,347.0,453.0,252.0,0,0,0,0
972.0,0.0,0.0,453.0,348.0,548.0,253.0,548.0,348.0,453.0,253.0,0,0,0,0
972.0,0.0,0.0,453.0,348.0,548.0,253.0,548.0,348.0,453.0,253.0,0,0,0,0
972.0,0.0,0.0,453.0,348.0,548.0,253.0,547.0,347.0,453.0,252.0,0,0,0,0
972.0,0.035,0.0,453.0,348.0,548.0,253.0,547.0,347.0,453.0,252.0,0,0,0,0
972.0,0.049,0.0,452.0,348.0,548.0,253.0,547.0,348.0,452.0,254.0,0,0,0,0
972.0,0.049,0.0,452.0,345.0,548.0,250.0,549.0,344.0,452.0,249.0,0,0,0,0
973.0,0.032,0.0,452.0,347.0,549.0,252.0,548.0,347.0,453.0,251.0,0,0,0,0
962.0,0.031,0.0,452.0,348.0,548.0,252.0,548.0,348.0,453.0,252.0,0,0,0,0
962.0,0.071,0.0,452.0,348.0,548.0,252.0,548.0,348.0,453.0,252.0,0,0,0,0
953.0,0.1,0.0,452.0,346.0,548.0,249.0,549.0,344.0,452.0,248.0,0,0,0,0
953.0,0.125,0.0,451.0,347.0,550.0,249.0,550.0,346.0,452.0,248.0,0,0,0,0
952.0,0.125,0.0,450.0,347.0,551.0,246.0,550.0,345.0,450.0,246.0,0,0,0,0
942.0,0.16,0.0,448.0,344.0,551.0,243.0,551.0,344.0,448.0,242.0,0,0,0,0
904.0,0.217,0.0,448.0,344.0,551.0,243.0,551.0,344.0,448.0,242.0,0,0,0,0
885.0,0.248,0.0,446.0,345.0,552.0,241.0,551.0,344.0,446.0,240.0,0,0,0,0
856.0,0.276,0.0,443.0,344.0,553.0,237.0,552.0,344.0,444.0,238.0,0,0,0,0
856.0,0.305,0.0,440.0,344.0,554.0,232.0,552.0,344.0,440.0,232.0,0,0,0,0
839.0,0.305,0.0,437.0,342.0,557.0,223.0,555.0,341.0,438.0,223.0,0,0,0,0
800.0,0.338,0.0,437.0,342.0,557.0,223.0,555.0,341.0,438.0,223.0,0,0,0,0
773.0,0.376,0.0,432.0,340.0,559.0,215.0,558.0,338.0,432.0,215.0,0,0,0,0
733.0,0.361,0.0,430.0,336.0,563.0,203.0,562.0,336.0,430.0,202.0,0,0,0,0
695.0,0.332,0.0,424.0,335.0,565.0,192.0,564.0,334.0,423.0,192.0,0,0,0,0
695.0,0.307,0.0,417.0,335.0,568.0,187.0,569.0,335.0,418.0,186.0,0,0,0,0
658.0,0.307,0.0,417.0,335.0,568.0,187.0,569.0,335.0,418.0,186.0,0,0,0,0
627.0,0.273,0.0,416.0,332.0,574.0,173.0,574.0,332.0,416.0,174.0,0,0,0,0
578.0,0.219,0.0,412.0,329.0,578.0,165.0,578.0,330.0,414.0,164.0,0,0,0,0
557.0,0.185,0.0,410.0,330.0,582.0,159.0,581.0,331.0,411.0,158.0,0,0,0,0
537.0,0.152,0.0,406.0,327.0,586.0,151.0,585.0,328.0,408.0,148.0,0,0,0,0
537.0,0.127,0.0,404.0,326.0,589.0,145.0,587.0,328.0,404.0,142.0,0,0,0,0
526.0,0.127,0.0,404.0,326.0,589.0,145.0,587.0,328.0,404.0,142.0,0,0,0,0
506.0,0.074,0.0,402.0,322.0,590.0,136.0,588.0,322.0,403.0,134.0,0,0,0,0
497.0,-0.017,0.0,402.0,324.0,590.0,140.0,588.0,324.0,403.0,138.0,0,0,0,0
495.0,-0.004,0.0,403.0,326.0,590.0,145.0,587.0,328.0,404.0,142.0,0,0,0,0
505.0,0.0,0.0,402.0,324.0,589.0,141.0,588.0,324.0,403.0,138.0,0,0,0,0
505.0,0.0,0.0,402.0,324.0,589.0,141.0,588.0,324.0,403.0,138.0,0,0,0,0
505.0,0.0,0.0,402.0,324.0,590.0,141.0,588.0,324.0,404.0,138.0,0,0,0,0
505.0,-0.001,0.0,402.0,325.0,589.0,142.0,588.0,324.0,404.0,139.0,0,0,0,0
495.0,0.0,0.0,402.0,324.0,590.0,141.0,588.0,324.0,404.0,139.0,0,0,0,0
497.0,0.0,0.0,402.0,324.0,589.0,141.0,588.0,324.0,404.0,139.0,0,0,0,0
505.0,-0.001,0.0,402.0,324.0,589.0,141.0,588.0,324.0,404.0,139.0,0,0,0,0
505.0,0.0,0.0,402.0,324.0,589.0,141.0,588.0,324.0,404.0,139.0,0,0,0,0
505.0,0.0,0.0,403.0,324.0,590.0,141.0,588.0,324.0,404.0,139.0,0,0,0,0
505.0,0.0,0.0,402.0,324.0,589.0,142.0,588.0,324.0,404.0,139.0,0,0,0,0
497.0,0.0,0.0,402.0,324.0,589.0,141.0,588.0,323.0,404.0,138.0,0,0,0,0
497.0,0.0,0.0,402.0,324.0,589.0,141.0,588.0,323.0,404.0,138.0,0,0,0,0
505.0,-0.001,0.0,402.0,324.0,589.0,141.0,588.0,324.0,404.0,139.0,0,0,0,0
505.0,-0.001,0.0,403.0,324.0,590.0,141.0,588.0,324.0,404.0,139.0,0,0,0,0
506.0,0.0,0.0,402.0,324.0,590.0,141.0,588.0,323.0,404.0,139.0,0,0,0,0
497.0,0.0,0.0,402.0,324.0,589.0,141.0,588.0,324.0,404.0,139.0,0,0,0,0
497.0,-0.001,0.0,403.0,324.0,590.0,141.0,588.0,324.0,404.0,139.0,0,0,0,0
497.0,-0.001,0.0,403.0,324.0,590.0,141.0,588.0,324.0,404.0,139.0,0,0,0,0
497.0,-0.001,0.0,403.0,324.0,590.0,141.0,588.0,324.0,404.0,139.0,0,0,0,0
506.0,-0.001,0.0,402.0,324.0,590.0,141.0,588.0,324.0,404.0,138.0,0,0,0,0
506.0,-0.001,0.0,402.0,324.0,589.0,141.0,588.0,323.0,404.0,138.0,0,0,0,0
506.0,-0.001,0.0,403.0,324.0,590.0,141.0,588.0,324.0,404.0,139.0,0,0,0,0
506.0,-0.001,0.0,403.0,324.0,590.0,141.0,588.0,324.0,404.0,139.0,0,0,0,0
506.0,-0.001,0.0,402.0,324.0,590.0,141.0,588.0,324.0,404.0,139.0,0,0,0,0
506.0,-0.001,0.0,402.0,324.0,589.0,141.0,588.0,323.0,404.0,138.0,0,0,0,0
506.0,-0.001,0.0,403.0,324.0,590.0,141.0,588.0,324.0,404.0,139.0,0,0,0,0
506.0,-0.001,0.0,403.0,324.0,590.0,141.0,588.0,323.0,404.0,139.0,0,0,0,0
506.0,-0.001,0.0,403.0,324.0,590.0,141.0,588.0,323.0,404.0,139.0,0,0,0,0
497.0,-0.001,0.0,402.0,324.0,590.0,141.0,588.0,323.0,404.0,138.0,0,0,0,0
497.0,-0.001,0.0,402.0,324.0,589.0,141.0,588.0,323.0,404.0,138.0,0,0,0,0
497.0,-0.001,0.0,403.0,324.0,590.0,141.0,588.0,324.0,404.0,139.0,0,0,0,0
506.0,-0.001,0.0,402.0,324.0,590.0,141.0,588.0,323.0,404.0,139.0,0,0,0,0
506.0,-0.001,0.0,402.0,324.0,590.0,141.0,588.0,323.0,404.0,139.0,0,0,0,0
498.0,-0.001,0.0,402.0,324.0,589.0,141.0,588.0,323.0,404.0,138.0,0,0,0,0
