Range_laser,robv,robw,IRx1,IRy1,IRx2,IRy2,IRx3,IRy3,IRx4,IRy4,US1,US2,US3,US4
0.0,0,0,488.0,373.0,504.0,372.0,1023.0,1023.0,1023.0,1023.0,0,0,0,0
8111.0,0,0,488.0,373.0,504.0,372.0,1023.0,1023.0,1023.0,1023.0,0,0,0,0
8112.0,0.0,0.0,488.0,373.0,504.0,372.0,1023.0,1023.0,1023.0,1023.0,0,0,0,0
8111.0,0.0,0.0,488.0,373.0,504.0,372.0,1023.0,1023.0,1023.0,1023.0,0,0,0,0
8113.0,0.0,0.0,488.0,373.0,504.0,372.0,1023.0,1023.0,1023.0,1023.0,0,0,0,0
8113.0,0.0,0.0,488.0,373.0,504.0,372.0,1023.0,1023.0,1023.0,1023.0,0,0,0,0
8114.0,0.0,0.0,488.0,373.0,504.0,372.0,1023.0,1023.0,1023.0,1023.0,0,0,0,0
8114.0,0.0,0.0,488.0,373.0,504.0,372.0,1023.0,1023.0,1023.0,1023.0,0,0,0,0
8113.0,0.0,0.0,488.0,373.0,504.0,372.0,1023.0,1023.0,1023.0,1023.0,0,0,0,0
8113.0,0.0,0.0,488.0,373.0,504.0,372.0,1023.0,1023.0,1023.0,1023.0,0,0,0,0
8113.0,0.0,0.0,488.0,373.0,504.0,372.0,1023.0,1023.0,1023.0,1023.0,0,0,0,0
8113.0,0.0,0.0,488.0,373.0,504.0,372.0,1023.0,1023.0,1023.0,1023.0,0,0,0,0
8113.0,0.0,0.0,488.0,373.0,504.0,372.0,1023.0,1023.0,1023.0,1023.0,0,0,0,0
8113.0,0.0,0.0,488.0,373.0,504.0,372.0,1023.0,1023.0,1023.0,1023.0,0,0,0,0
8113.0,0.0,0.0,488.0,373.0,504.0,372.0,1023.0,1023.0,1023.0,1023.0,0,0,0,0
8115.0,0.0,0.0,488.0,373.0,504.0,372.0,1023.0,1023.0,1023.0,1023.0,0,0,0,0
8113.0,0.0,0.0,488.0,372.0,504.0,372.0,1023.0,1023.0,1023.0,1023.0,0,0,0,0
8113.0,0.0,0.0,488.0,373.0,504.0,372.0,1023.0,1023.0,1023.0,1023.0,0,0,0,0
8113.0,0.0,0.0,488.0,373.0,504.0,372.0,1023.0,1023.0,1023.0,1023.0,0,0,0,0
8113.0,0.0,0.0,488.0,373.0,504.0,372.0,1023.0,1023.0,1023.0,1023.0,0,0,0,0
8113.0,0.0,0.0,488.0,373.0,504.0,372.0,1023.0,1023.0,1023.0,1023.0,0,0,0,0
8113.0,0.0,0.0,488.0,373.0,504.0,372.0,1023.0,1023.0,1023.0,1023.0,0,0,0,0
8113.0,0.0,0.0,488.0,373.0,504.0,372.0,1023.0,1023.0,1023.0,1023.0,0,0,0,0
8113.0,0.0,0.0,488.0,373.0,504.0,372.0,1023.0,1023.0,1023.0,1023.0,0,0,0,0
8113.0,0.0,0.0,488.0,373.0,504.0,372.0,1023.0,1023.0,1023.0,1023.0,0,0,0,0
8114.0,0.0,0.0,488.0,373.0,504.0,372.0,1023.0,1023.0,1023.0,1023.0,0,0,0,0
8114.0,0.0,0.0,488.0,373.0,504.0,372.0,1023.0,1023.0,1023.0,1023.0,0,0,0,0
8113.0,0.0,0.0,488.0,373.0,504.0,372.0,1023.0,1023.0,1023.0,1023.0,0,0,0,0
8113.0,0.0,0.0,488.0,373.0,504.0,372.0,1023.0,1023.0,1023.0,1023.0,0,0,0,0
8113.0,0.0,0.0,488.0,373.0,504.0,372.0,1023.0,1023.0,1023.0,1023.0,0,0,0,0
8113.0,0.0,0.0,488.0,373.0,504.0,372.0,1023.0,1023.0,1023.0,1023.0,0,0,0,0
8113.0,0.0,0.0,488.0,373.0,504.0,372.0,1023.0,1023.0,1023.0,1023.0,0,0,0,0
8113.0,0.0,0.0,488.0,373.0,504.0,372.0,1023.0,1023.0,1023.0,1023.0,0,0,0,0
8113.0,0.0,0.0,488.0,373.0,504.0,372.0,1023.0,1023.0,1023.0,1023.0,0,0,0,0
8113.0,0.005,0.0,488.0,373.0,504.0,372.0,1023.0,1023.0,1023.0,1023.0,0,0,0,0
8114.0,0.035,0.0,488.0,371.0,504.0,368.0,1023.0,1023.0,1023.0,1023.0,0,0,0,0
8114.0,0.048,0.0,488.0,371.0,1023.0,1023.0,1023.0,1023.0,1023.0,1023.0,0,0,0,0
8115.0,0.048,0.0,488.0,372.0,1023.0,1023.0,1023.0,1023.0,1023.0,1023.0,0,0,0,0
8103.0,0.026,0.0,488.0,372.0,1023.0,1023.0,1023.0,1023.0,1023.0,1023.0,0,0,0,0
8095.0,-0.005,0.0,488.0,375.0,504.0,372.0,1023.0,1023.0,1023.0,1023.0,0,0,0,0
8104.0,0.005,0.0174532925199,488.0,372.0,504.0,369.0,1023.0,1023.0,1023.0,1023.0,0,0,0,0
8104.0,0.036,0.0,488.0,371.0,1023.0,1023.0,1023.0,1023.0,1023.0,1023.0,0,0,0,0
8102.0,0.069,0.0,488.0,369.0,1023.0,1023.0,1023.0,1023.0,1023.0,1023.0,0,0,0,0
8102.0,0.099,0.0,488.0,372.0,1023.0,1023.0,1023.0,1023.0,1023.0,1023.0,0,0,0,0
8104.0,0.099,0.0,488.0,372.0,1023.0,1023.0,1023.0,1023.0,1023.0,1023.0,0,0,0,0
8096.0,0.129,0.0,488.0,372.0,1023.0,1023.0,1023.0,1023.0,1023.0,1023.0,0,0,0,0
8068.0,0.188,0.0,488.0,372.0,1023.0,1023.0,1023.0,1023.0,1023.0,1023.0,0,0,0,0
8049.0,0.216,0.0,488.0,372.0,1023.0,1023.0,1023.0,1023.0,1023.0,1023.0,0,0,0,0
8032.0,0.247,0.0,489.0,372.0,1023.0,1023.0,1023.0,1023.0,1023.0,1023.0,0,0,0,0
8032.0,0.277,0.0,489.0,372.0,1023.0,1023.0,1023.0,1023.0,1023.0,1023.0,0,0,0,0
8015.0,0.277,0.0,490.0,373.0,1023.0,1023.0,1023.0,1023.0,1023.0,1023.0,0,0,0,0
7986.0,0.307,0.0,489.0,372.0,1023.0,1023.0,1023.0,1023.0,1023.0,1023.0,0,0,0,0
7916.0,0.345,0.0,490.0,368.0,492.0,384.0,1023.0,1023.0,1023.0,1023.0,0,0,0,0
7888.0,0.341,0.0,491.0,368.0,492.0,384.0,1023.0,1023.0,1023.0,1023.0,0,0,0,0
7868.0,0.364,0.0,491.0,368.0,492.0,384.0,1023.0,1023.0,1023.0,1023.0,0,0,0,0
7868.0,0.364,0.0,496.0,392.0,495.0,376.0,1023.0,1023.0,1023.0,1023.0,0,0,0,0
7827.0,0.364,0.0,1023.0,1023.0,1023.0,1023.0,1023.0,1023.0,1023.0,1023.0,0,0,0,0
7827.0,0.339,0.0,496.0,368.0,493.0,384.0,1023.0,1023.0,1023.0,1023.0,0,0,0,0
7750.0,0.271,0.0,492.0,368.0,492.0,384.0,1023.0,1023.0,1023.0,1023.0,0,0,0,0
7721.0,0.267,0.0,492.0,368.0,492.0,384.0,1023.0,1023.0,1023.0,1023.0,0,0,0,0
7702.0,0.295,0.0,492.0,368.0,492.0,384.0,1023.0,1023.0,1023.0,1023.0,0,0,0,0
7702.0,0.324,0.0,495.0,368.0,495.0,384.0,1023.0,1023.0,1023.0,1023.0,0,0,0,0
7672.0,0.324,0.0,496.0,371.0,1023.0,1023.0,1023.0,1023.0,1023.0,1023.0,0,0,0,0
7646.0,0.354,0.0,494.0,371.0,1023.0,1023.0,1023.0,1023.0,1023.0,1023.0,0,0,0,0
7578.0,0.373,0.0,494.0,371.0,1023.0,1023.0,1023.0,1023.0,1023.0,1023.0,0,0,0,0
7539.0,0.373,0.0,493.0,368.0,496.0,384.0,1023.0,1023.0,1023.0,1023.0,0,0,0,0
7501.0,0.373,0.0,496.0,368.0,492.0,384.0,1023.0,1023.0,1023.0,1023.0,0,0,0,0
7501.0,0.373,0.0,496.0,368.0,496.0,384.0,1023.0,1023.0,1023.0,1023.0,0,0,0,0
7463.0,0.375,0.0,496.0,368.0,496.0,384.0,1023.0,1023.0,1023.0,1023.0,0,0,0,0
7428.0,0.375,0.0,496.0,368.0,496.0,384.0,1023.0,1023.0,1023.0,1023.0,0,0,0,0
7355.0,0.362,0.0,496.0,372.0,1023.0,1023.0,1023.0,1023.0,1023.0,1023.0,0,0,0,0
7324.0,0.325,0.0,492.0,376.0,492.0,360.0,1023.0,1023.0,1023.0,1023.0,0,0,0,0
7324.0,0.33,0.0,492.0,372.0,1023.0,1023.0,1023.0,1023.0,1023.0,1023.0,0,0,0,0
7290.0,0.307,0.0,492.0,376.0,489.0,360.0,1023.0,1023.0,1023.0,1023.0,0,0,0,0
7290.0,0.281,0.0,492.0,376.0,488.0,360.0,1023.0,1023.0,1023.0,1023.0,0,0,0,0
7262.0,0.281,0.0,492.0,376.0,488.0,360.0,1023.0,1023.0,1023.0,1023.0,0,0,0,0
7235.0,0.243,0.0,493.0,373.0,1023.0,1023.0,1023.0,1023.0,1023.0,1023.0,0,0,0,0
7187.0,0.27,0.0,492.0,368.0,492.0,384.0,1023.0,1023.0,1023.0,1023.0,0,0,0,0
7166.0,0.299,0.0,491.0,368.0,493.0,384.0,1023.0,1023.0,1023.0,1023.0,0,0,0,0
7131.0,0.325,0.0,488.0,368.0,492.0,384.0,1023.0,1023.0,1023.0,1023.0,0,0,0,0
7131.0,0.358,0.0,488.0,368.0,492.0,384.0,1023.0,1023.0,1023.0,1023.0,0,0,0,0
7102.0,0.358,0.0,488.0,368.0,492.0,384.0,1023.0,1023.0,1023.0,1023.0,0,0,0,0
7069.0,0.372,0.0,488.0,368.0,492.0,384.0,1023.0,1023.0,1023.0,1023.0,0,0,0,0
7032.0,0.371,0.0,494.0,371.0,1023.0,1023.0,1023.0,1023.0,1023.0,1023.0,0,0,0,0
6964.0,0.375,0.0,496.0,372.0,1023.0,1023.0,1023.0,1023.0,1023.0,1023.0,0,0,0,0
6927.0,0.376,0.0,496.0,372.0,1023.0,1023.0,1023.0,1023.0,1023.0,1023.0,0,0,0,0
6927.0,0.359,0.0,496.0,372.0,1023.0,1023.0,1023.0,1023.0,1023.0,1023.0,0,0,0,0
6892.0,0.359,0.0,496.0,376.0,1023.0,1023.0,1023.0,1023.0,1023.0,1023.0,0,0,0,0
6855.0,0.337,0.0,495.0,376.0,496.0,360.0,1023.0,1023.0,1023.0,1023.0,0,0,0,0
6855.0,0.301,0.0,496.0,376.0,496.0,360.0,1023.0,1023.0,1023.0,1023.0,0,0,0,0
6798.0,0.245,0.0,496.0,376.0,496.0,360.0,1023.0,1023.0,1023.0,1023.0,0,0,0,0
6768.0,0.237,0.0,492.0,376.0,488.0,360.0,1023.0,1023.0,1023.0,1023.0,0,0,0,0
6768.0,0.261,0.0,492.0,376.0,1023.0,1023.0,1023.0,1023.0,1023.0,1023.0,0,0,0,0
6739.0,0.261,0.0,488.0,372.0,1023.0,1023.0,1023.0,1023.0,1023.0,1023.0,0,0,0,0
6729.0,0.275,0.0,488.0,376.0,504.0,376.0,488.0,360.0,504.0,360.0,0,0,0,0
6699.0,0.252,0.0,488.0,376.0,504.0,376.0,488.0,360.0,504.0,360.0,0,0,0,0
6638.0,0.259,0.0,488.0,376.0,504.0,376.0,488.0,360.0,1023.0,1023.0,0,0,0,0
6618.0,0.3,0.0,488.0,371.0,504.0,372.0,1023.0,1023.0,1023.0,1023.0,0,0,0,0
6618.0,0.323,0.0,488.0,376.0,504.0,376.0,488.0,360.0,504.0,360.0,0,0,0,0
6600.0,0.323,0.0,488.0,368.0,504.0,368.0,488.0,384.0,504.0,384.0,0,0,0,0
6558.0,0.352,0.0,488.0,373.0,504.0,372.0,1023.0,1023.0,1023.0,1023.0,0,0,0,0
6519.0,0.375,0.0,488.0,373.0,504.0,372.0,1023.0,1023.0,1023.0,1023.0,0,0,0,0
6480.0,0.374,0.0,488.0,368.0,504.0,368.0,488.0,384.0,504.0,384.0,0,0,0,0
6442.0,0.373,0.0,488.0,368.0,504.0,368.0,488.0,384.0,504.0,384.0,0,0,0,0
6442.0,0.376,0.0,488.0,368.0,504.0,368.0,488.0,384.0,504.0,384.0,0,0,0,0
6406.0,0.376,0.0,488.0,392.0,504.0,392.0,488.0,376.0,504.0,376.0,0,0,0,0
6377.0,0.363,0.0,488.0,392.0,504.0,392.0,488.0,376.0,504.0,376.0,0,0,0,0
6336.0,0.336,0.0,496.0,392.0,1023.0,1023.0,488.0,376.0,504.0,376.0,0,0,0,0
6268.0,0.333,0.0,488.0,392.0,1016.0,1023.0,488.0,376.0,504.0,376.0,0,0,0,0
6242.0,0.311,0.0,488.0,392.0,504.0,384.0,488.0,376.0,1023.0,1023.0,0,0,0,0
6242.0,0.281,0.0,488.0,368.0,504.0,384.0,488.0,384.0,504.0,368.0,0,0,0,0
6204.0,0.281,0.0,488.0,368.0,504.0,384.0,488.0,384.0,504.0,368.0,0,0,0,0
6174.0,0.236,0.0,488.0,368.0,488.0,384.0,504.0,384.0,504.0,368.0,0,0,0,0
6149.0,0.235,0.0,488.0,368.0,488.0,384.0,504.0,384.0,504.0,368.0,0,0,0,0
6104.0,0.301,0.0,488.0,368.0,488.0,384.0,504.0,376.0,1023.0,1023.0,0,0,0,0
6074.0,0.326,0.0,488.0,376.0,488.0,360.0,504.0,374.0,1023.0,1023.0,0,0,0,0
6048.0,0.357,0.0,488.0,376.0,488.0,360.0,504.0,374.0,1023.0,1023.0,0,0,0,0
6048.0,0.373,0.0,488.0,376.0,488.0,360.0,1023.0,1023.0,504.0,360.0,0,0,0,0
6012.0,0.373,0.0,488.0,376.0,488.0,360.0,504.0,368.0,1023.0,1023.0,0,0,0,0
6012.0,0.372,0.0,488.0,352.0,488.0,368.0,504.0,367.0,1023.0,1023.0,0,0,0,0
5929.0,0.37,0.0,488.0,376.0,488.0,360.0,504.0,368.0,1023.0,1023.0,0,0,0,0
5901.0,0.376,0.0,488.0,376.0,488.0,360.0,504.0,368.0,1023.0,1023.0,0,0,0,0
5864.0,0.366,0.0,488.0,376.0,488.0,360.0,504.0,360.0,504.0,376.0,0,0,0,0
5864.0,0.366,0.0,488.0,352.0,496.0,368.0,1023.0,1023.0,504.0,352.0,0,0,0,0
5864.0,0.366,0.0,488.0,352.0,488.0,368.0,504.0,368.0,504.0,352.0,0,0,0,0
5798.0,0.299,0.0,488.0,352.0,496.0,368.0,1023.0,1023.0,504.0,352.0,0,0,0,0
5798.0,0.268,0.0,488.0,352.0,496.0,368.0,1023.0,1023.0,504.0,352.0,0,0,0,0
5700.0,0.214,0.0,488.0,352.0,496.0,368.0,1023.0,1023.0,504.0,352.0,0,0,0,0
5700.0,0.214,0.0,488.0,352.0,496.0,368.0,1023.0,1023.0,504.0,352.0,0,0,0,0
5679.0,0.155,0.0,488.0,352.0,496.0,368.0,1023.0,1023.0,504.0,352.0,0,0,0,0
5662.0,0.155,0.0,488.0,352.0,496.0,368.0,1023.0,1023.0,504.0,352.0,0,0,0,0
5654.0,0.125,0.0,488.0,352.0,496.0,368.0,1023.0,1023.0,504.0,352.0,0,0,0,0
5654.0,0.124,0.0,488.0,352.0,496.0,368.0,1023.0,1023.0,504.0,352.0,0,0,0,0
5617.0,0.179,0.0,488.0,352.0,488.0,368.0,504.0,365.0,1023.0,1023.0,0,0,0,0
5617.0,0.179,0.0,488.0,352.0,488.0,368.0,504.0,369.0,504.0,352.0,0,0,0,0
5595.0,0.234,0.0,488.0,352.0,488.0,368.0,504.0,372.0,504.0,352.0,0,0,0,0
5578.0,0.234,0.0,488.0,352.0,488.0,372.0,504.0,372.0,504.0,352.0,0,0,0,0
5578.0,0.268,0.0,488.0,352.0,488.0,372.0,504.0,372.0,504.0,352.0,0,0,0,0
5578.0,0.268,0.0,488.0,360.0,488.0,376.0,504.0,376.0,504.0,360.0,0,0,0,0
5494.0,0.355,0.0,488.0,360.0,488.0,376.0,504.0,360.0,505.0,376.0,0,0,0,0
5494.0,0.355,0.0,488.0,360.0,488.0,376.0,504.0,368.0,1023.0,1023.0,0,0,0,0
5467.0,0.371,0.0,488.0,360.0,488.0,376.0,504.0,368.0,1023.0,1023.0,0,0,0,0
5433.0,0.371,0.0,488.0,360.0,488.0,376.0,504.0,368.0,1023.0,1023.0,0,0,0,0
5394.0,0.373,0.0,488.0,360.0,488.0,376.0,504.0,360.0,506.0,376.0,0,0,0,0
5366.0,0.373,0.0,488.0,360.0,488.0,376.0,504.0,360.0,506.0,376.0,0,0,0,0
5291.0,0.361,0.0,488.0,360.0,488.0,376.0,504.0,360.0,500.0,376.0,0,0,0,0
5244.0,0.338,0.0,488.0,360.0,488.0,376.0,504.0,360.0,506.0,376.0,0,0,0,0
5244.0,0.303,0.0,488.0,360.0,488.0,376.0,504.0,360.0,506.0,376.0,0,0,0,0
5217.0,0.303,0.0,488.0,360.0,488.0,376.0,504.0,360.0,506.0,376.0,0,0,0,0
5182.0,0.29,0.0,488.0,360.0,488.0,376.0,504.0,360.0,505.0,376.0,0,0,0,0
5155.0,0.322,0.0,488.0,360.0,488.0,376.0,512.0,360.0,510.0,376.0,0,0,0,0
5119.0,0.312,0.0,488.0,376.0,1023.0,1023.0,512.0,359.0,509.0,376.0,0,0,0,0
5089.0,0.291,0.0,512.0,360.0,1023.0,1023.0,488.0,360.0,500.0,376.0,0,0,0,0
5089.0,0.323,0.0,512.0,360.0,1023.0,1023.0,488.0,360.0,500.0,376.0,0,0,0,0
5061.0,0.323,0.0,496.0,360.0,512.0,373.0,1008.0,1023.0,1023.0,1023.0,0,0,0,0
5034.0,0.362,0.0,488.0,360.0,510.0,376.0,512.0,360.0,488.0,376.0,0,0,0,0
5007.0,0.371,0.0,496.0,360.0,512.0,380.0,512.0,360.0,496.0,376.0,0,0,0,0
4921.0,0.371,0.0,496.0,360.0,512.0,372.0,496.0,384.0,1023.0,1023.0,0,0,0,0
4892.0,0.376,0.0,496.0,360.0,512.0,372.0,496.0,384.0,1023.0,1023.0,0,0,0,0
4892.0,0.375,0.0,496.0,384.0,512.0,372.0,496.0,360.0,1023.0,1023.0,0,0,0,0
4863.0,0.375,0.0,496.0,380.0,512.0,380.0,496.0,360.0,512.0,360.0,0,0,0,0
4814.0,0.373,0.0,496.0,376.0,512.0,379.0,496.0,360.0,512.0,360.0,0,0,0,0
4783.0,0.375,0.0,494.0,376.0,512.0,376.0,496.0,360.0,512.0,360.0,0,0,0,0
4706.0,0.335,0.0,494.0,376.0,512.0,376.0,496.0,360.0,512.0,360.0,0,0,0,0
4678.0,0.301,0.0,494.0,376.0,1023.0,1023.0,496.0,352.0,512.0,365.0,0,0,0,0
4678.0,0.295,0.0,496.0,352.0,1023.0,1023.0,493.0,376.0,513.0,365.0,0,0,0,0
4649.0,0.295,0.0,496.0,360.0,512.0,380.0,496.0,381.0,512.0,360.0,0,0,0,0
4649.0,0.325,0.0,496.0,356.0,516.0,376.0,494.0,376.0,512.0,360.0,0,0,0,0
4621.0,0.335,0.0,496.0,356.0,516.0,376.0,494.0,376.0,512.0,360.0,0,0,0,0
4546.0,0.267,0.0,496.0,360.0,514.0,378.0,494.0,376.0,512.0,360.0,0,0,0,0
4517.0,0.239,0.0,496.0,360.0,512.0,380.0,493.0,376.0,512.0,359.0,0,0,0,0
4493.0,0.23,0.0,495.0,360.0,512.0,380.0,496.0,376.0,512.0,360.0,0,0,0,0
4493.0,0.255,0.0,493.0,384.0,515.0,383.0,496.0,362.0,512.0,360.0,0,0,0,0
4473.0,0.255,0.0,493.0,384.0,515.0,383.0,496.0,362.0,512.0,360.0,0,0,0,0
4455.0,0.289,0.0,495.0,360.0,512.0,380.0,496.0,380.0,514.0,360.0,0,0,0,0
4427.0,0.317,0.0,494.0,360.0,513.0,381.0,496.0,380.0,514.0,360.0,0,0,0,0
4370.0,0.372,0.0,496.0,360.0,513.0,384.0,496.0,380.0,516.0,360.0,0,0,0,0
4332.0,0.376,0.0,496.0,358.0,514.0,377.0,496.0,379.0,513.0,360.0,0,0,0,0
4332.0,0.371,0.0,496.0,356.0,520.0,376.0,496.0,380.0,519.0,360.0,0,0,0,0
4295.0,0.371,0.0,496.0,356.0,520.0,376.0,496.0,380.0,519.0,360.0,0,0,0,0
4251.0,0.373,0.0,496.0,360.0,517.0,381.0,496.0,380.0,517.0,360.0,0,0,0,0
4220.0,0.375,0.0,496.0,360.0,517.0,381.0,496.0,380.0,516.0,360.0,0,0,0,0
4148.0,0.373,0.0,496.0,360.0,517.0,381.0,496.0,380.0,516.0,360.0,0,0,0,0
4148.0,0.359,0.0,496.0,356.0,520.0,380.0,496.0,380.0,518.0,360.0,0,0,0,0
4148.0,0.335,0.0,496.0,356.0,520.0,380.0,496.0,380.0,518.0,360.0,0,0,0,0
4122.0,0.335,0.0,496.0,356.0,517.0,378.0,496.0,380.0,520.0,356.0,0,0,0,0
4075.0,0.298,0.0,495.0,356.0,517.0,381.0,496.0,380.0,516.0,360.0,0,0,0,0
4037.0,0.297,0.0,496.0,388.0,517.0,386.0,496.0,364.0,520.0,364.0,0,0,0,0
3991.0,0.332,0.0,496.0,356.0,517.0,381.0,496.0,380.0,519.0,356.0,0,0,0,0
3962.0,0.307,0.0,496.0,356.0,517.0,381.0,496.0,380.0,519.0,356.0,0,0,0,0
3962.0,0.268,0.0,496.0,356.0,520.0,380.0,496.0,380.0,520.0,356.0,0,0,0,0
3924.0,0.268,0.0,494.0,356.0,517.0,381.0,494.0,380.0,517.0,357.0,0,0,0,0
3895.0,0.238,0.0,496.0,356.0,520.0,380.0,496.0,380.0,520.0,356.0,0,0,0,0
3875.0,0.24,0.0,496.0,356.0,518.0,380.0,496.0,380.0,520.0,356.0,0,0,0,0
3828.0,0.295,0.0,496.0,356.0,518.0,380.0,496.0,380.0,520.0,356.0,0,0,0,0
3799.0,0.326,0.0,496.0,356.0,520.0,383.0,496.0,380.0,520.0,356.0,0,0,0,0
3799.0,0.356,0.0,496.0,356.0,521.0,380.0,496.0,380.0,520.0,356.0,0,0,0,0
3771.0,0.356,0.0,496.0,356.0,520.0,380.0,496.0,380.0,520.0,356.0,0,0,0,0
3733.0,0.373,0.0,496.0,356.0,521.0,379.0,496.0,380.0,521.0,355.0,0,0,0,0
3733.0,0.373,0.0,496.0,356.0,521.0,379.0,496.0,380.0,521.0,355.0,0,0,0,0
3656.0,0.373,0.0,496.0,356.0,522.0,378.0,521.0,355.0,496.0,380.0,0,0,0,0
3620.0,0.373,0.0,496.0,356.0,522.0,381.0,520.0,355.0,496.0,380.0,0,0,0,0
3620.0,0.358,0.0,496.0,356.0,522.0,381.0,520.0,356.0,498.0,381.0,0,0,0,0
3583.0,0.358,0.0,497.0,355.0,522.0,380.0,523.0,352.0,496.0,380.0,0,0,0,0
3547.0,0.333,0.0,498.0,353.0,522.0,378.0,524.0,352.0,497.0,379.0,0,0,0,0
3509.0,0.303,0.0,498.0,353.0,522.0,378.0,524.0,352.0,497.0,379.0,0,0,0,0
3451.0,0.244,0.0,498.0,349.0,522.0,378.0,524.0,352.0,498.0,378.0,0,0,0,0
3424.0,0.234,0.0,498.0,349.0,523.0,377.0,524.0,352.0,497.0,377.0,0,0,0,0
3424.0,0.265,0.0,498.0,354.0,525.0,381.0,524.0,353.0,496.0,380.0,0,0,0,0
3405.0,0.265,0.0,498.0,349.0,524.0,378.0,524.0,352.0,497.0,377.0,0,0,0,0
3377.0,0.272,0.0,498.0,349.0,524.0,378.0,524.0,352.0,497.0,377.0,0,0,0,0
3349.0,0.247,0.0,496.0,348.0,526.0,376.0,525.0,349.0,498.0,377.0,0,0,0,0
3305.0,0.181,0.0,498.0,349.0,527.0,376.0,525.0,349.0,498.0,378.0,0,0,0,0
3287.0,0.18,0.0,498.0,349.0,525.0,349.0,527.0,376.0,498.0,378.0,0,0,0,0
3287.0,0.206,0.0,498.0,349.0,1023.0,1023.0,525.0,365.0,498.0,378.0,0,0,0,0
3287.0,0.206,0.0,498.0,349.0,1023.0,1023.0,525.0,365.0,498.0,378.0,0,0,0,0
3268.0,0.238,0.0,498.0,349.0,525.0,349.0,525.0,378.0,498.0,377.0,0,0,0,0
3250.0,0.266,0.0,497.0,348.0,525.0,349.0,525.0,377.0,497.0,377.0,0,0,0,0
3204.0,0.327,0.0,496.0,348.0,528.0,348.0,527.0,376.0,497.0,376.0,0,0,0,0
3168.0,0.353,0.0,498.0,349.0,527.0,352.0,526.0,380.0,497.0,380.0,0,0,0,0
3168.0,0.376,0.0,498.0,349.0,527.0,352.0,526.0,380.0,497.0,380.0,0,0,0,0
3130.0,0.376,0.0,496.0,348.0,528.0,348.0,528.0,376.0,498.0,378.0,0,0,0,0
3102.0,0.374,0.0,498.0,349.0,529.0,378.0,530.0,350.0,498.0,378.0,0,0,0,0
3064.0,0.37,0.0,498.0,350.0,528.0,384.0,528.0,352.0,498.0,381.0,0,0,0,0
2997.0,0.338,0.0,498.0,349.0,531.0,381.0,530.0,350.0,498.0,381.0,0,0,0,0
2957.0,0.299,0.0,498.0,349.0,531.0,381.0,530.0,350.0,498.0,381.0,0,0,0,0
2957.0,0.271,0.0,499.0,350.0,530.0,382.0,531.0,350.0,498.0,381.0,0,0,0,0
2927.0,0.271,0.0,499.0,351.0,528.0,383.0,531.0,353.0,498.0,383.0,0,0,0,0
2898.0,0.243,0.0,497.0,348.0,531.0,380.0,530.0,349.0,498.0,381.0,0,0,0,0
2878.0,0.216,0.0,498.0,346.0,531.0,379.0,530.0,346.0,498.0,378.0,0,0,0,0
2859.0,0.152,0.0,500.0,344.0,532.0,380.0,532.0,345.0,498.0,378.0,0,0,0,0
2839.0,0.126,0.0,500.0,344.0,532.0,380.0,532.0,345.0,498.0,378.0,0,0,0,0
2839.0,0.092,0.0,499.0,345.0,532.0,380.0,532.0,344.0,498.0,378.0,0,0,0,0
2820.0,0.092,0.0,498.0,342.0,529.0,375.0,532.0,344.0,496.0,376.0,0,0,0,0
2811.0,0.068,0.0,499.0,342.0,532.0,373.0,533.0,341.0,498.0,374.0,0,0,0,0
2802.0,0.056,0.0,498.0,344.0,531.0,379.0,532.0,344.0,497.0,376.0,0,0,0,0
2783.0,0.096,0.0,498.0,344.0,531.0,379.0,532.0,344.0,497.0,376.0,0,0,0,0
2783.0,0.066,0.0,498.0,341.0,530.0,374.0,532.0,342.0,496.0,375.0,0,0,0,0
2783.0,0.03,0.0,498.0,338.0,532.0,372.0,533.0,341.0,499.0,372.0,0,0,0,0
2764.0,0.03,0.0,499.0,342.0,534.0,374.0,533.0,341.0,498.0,373.0,0,0,0,0
2764.0,0.005,0.0,498.0,341.0,532.0,373.0,533.0,341.0,499.0,373.0,0,0,0,0
2764.0,0.041,0.0,498.0,341.0,532.0,373.0,533.0,341.0,499.0,373.0,0,0,0,0
2764.0,0.071,0.0,498.0,341.0,532.0,375.0,533.0,341.0,497.0,376.0,0,0,0,0
2754.0,0.1,0.0,498.0,341.0,532.0,373.0,533.0,341.0,498.0,373.0,0,0,0,0
2754.0,0.13,0.0,498.0,338.0,532.0,372.0,533.0,339.0,499.0,372.0,0,0,0,0
2745.0,0.13,0.0,498.0,338.0,532.0,372.0,533.0,338.0,499.0,371.0,0,0,0,0
2726.0,0.159,0.0,498.0,338.0,532.0,372.0,533.0,338.0,499.0,371.0,0,0,0,0
2717.0,0.218,0.0,499.0,335.0,534.0,369.0,534.0,336.0,499.0,371.0,0,0,0,0
2698.0,0.248,0.0,498.0,333.0,534.0,369.0,534.0,336.0,497.0,369.0,0,0,0,0
2679.0,0.279,0.0,499.0,331.0,534.0,366.0,533.0,333.0,497.0,367.0,0,0,0,0
2679.0,0.308,0.0,499.0,331.0,534.0,366.0,532.0,331.0,497.0,366.0,0,0,0,0
2650.0,0.308,0.0,499.0,331.0,534.0,366.0,532.0,331.0,497.0,366.0,0,0,0,0
2624.0,0.338,0.0,496.0,328.0,534.0,366.0,535.0,328.0,498.0,366.0,0,0,0,0
2558.0,0.374,0.0,496.0,328.0,534.0,366.0,535.0,328.0,497.0,366.0,0,0,0,0
2518.0,0.376,0.0,496.0,328.0,534.0,366.0,536.0,328.0,498.0,366.0,0,0,0,0
2480.0,0.37,0.0,496.0,328.0,535.0,366.0,536.0,328.0,497.0,366.0,0,0,0,0
2480.0,0.373,0.0,500.0,332.0,536.0,369.0,539.0,332.0,499.0,371.0,0,0,0,0
2444.0,0.373,0.0,500.0,332.0,536.0,369.0,539.0,332.0,499.0,371.0,0,0,0,0
2417.0,0.364,0.0,498.0,330.0,536.0,369.0,539.0,331.0,497.0,369.0,0,0,0,0
2345.0,0.307,0.0,498.0,330.0,537.0,369.0,539.0,331.0,497.0,369.0,0,0,0,0
2305.0,0.271,0.0,500.0,332.0,540.0,372.0,540.0,332.0,500.0,372.0,0,0,0,0
2305.0,0.266,0.0,500.0,332.0,542.0,374.0,541.0,333.0,500.0,372.0,0,0,0,0
2287.0,0.266,0.0,500.0,332.0,542.0,374.0,541.0,333.0,500.0,372.0,0,0,0,0
2259.0,0.269,0.0,502.0,329.0,543.0,372.0,542.0,330.0,500.0,372.0,0,0,0,0
2259.0,0.253,0.0,500.0,324.0,543.0,365.0,541.0,323.0,500.0,364.0,0,0,0,0
2203.0,0.171,0.0,500.0,324.0,542.0,367.0,542.0,326.0,500.0,367.0,0,0,0,0
2184.0,0.179,0.0,501.0,325.0,543.0,368.0,544.0,327.0,502.0,368.0,0,0,0,0
2163.0,0.209,0.0,501.0,325.0,543.0,368.0,544.0,327.0,502.0,368.0,0,0,0,0
2163.0,0.212,0.0,500.0,324.0,543.0,367.0,543.0,324.0,500.0,367.0,0,0,0,0
2153.0,0.212,0.0,500.0,323.0,543.0,366.0,544.0,321.0,501.0,365.0,0,0,0,0
2124.0,0.188,0.0,502.0,320.0,544.0,364.0,545.0,321.0,500.0,364.0,0,0,0,0
2105.0,0.148,0.0,502.0,319.0,544.0,364.0,545.0,320.0,500.0,364.0,0,0,0,0
2085.0,0.122,0.0,502.0,319.0,544.0,364.0,545.0,320.0,500.0,364.0,0,0,0,0
2066.0,0.068,0.0,502.0,318.0,544.0,362.0,545.0,318.0,502.0,361.0,0,0,0,0
2056.0,0.035,0.0,501.0,318.0,544.0,361.0,545.0,318.0,502.0,361.0,0,0,0,0
2056.0,0.004,0.0,502.0,318.0,544.0,362.0,545.0,318.0,502.0,361.0,0,0,0,0
2056.0,0.004,0.0,502.0,318.0,544.0,363.0,545.0,319.0,500.0,364.0,0,0,0,0
2056.0,0.0,0.0,502.0,318.0,544.0,363.0,545.0,319.0,500.0,364.0,0,0,0,0
2057.0,0.0,0.0,502.0,318.0,544.0,363.0,545.0,319.0,500.0,363.0,0,0,0,0
2046.0,0.001,0.10471975512,498.0,319.0,544.0,364.0,544.0,319.0,500.0,364.0,0,0,0,0
2046.0,0.0,0.0,496.0,318.0,543.0,361.0,542.0,318.0,496.0,362.0,0,0,0,0
2045.0,0.0,0.0,496.0,318.0,542.0,361.0,542.0,318.0,496.0,362.0,0,0,0,0
2045.0,0.0,0.0,496.0,318.0,542.0,361.0,542.0,318.0,496.0,362.0,0,0,0,0
2056.0,0.0,0.0,496.0,318.0,542.0,361.0,542.0,318.0,496.0,362.0,0,0,0,0
2045.0,0.0,0.0,496.0,318.0,542.0,361.0,542.0,318.0,496.0,362.0,0,0,0,0
2056.0,0.008,0.0,496.0,318.0,542.0,361.0,542.0,318.0,496.0,362.0,0,0,0,0
2056.0,0.033,0.0,496.0,317.0,540.0,363.0,542.0,319.0,496.0,362.0,0,0,0,0
2056.0,0.049,0.0,495.0,317.0,541.0,362.0,542.0,318.0,496.0,362.0,0,0,0,0
2057.0,0.049,0.0,495.0,317.0,541.0,362.0,542.0,318.0,496.0,362.0,0,0,0,0
2045.0,0.021,0.0,496.0,317.0,541.0,360.0,542.0,318.0,496.0,362.0,0,0,0,0
2046.0,0.0,0.0,496.0,317.0,541.0,362.0,542.0,318.0,496.0,362.0,0,0,0,0
2046.0,0.007,0.0,496.0,317.0,542.0,361.0,542.0,318.0,496.0,362.0,0,0,0,0
2046.0,0.036,0.0,495.0,320.0,540.0,368.0,542.0,321.0,495.0,365.0,0,0,0,0
2046.0,0.071,0.0,495.0,320.0,540.0,368.0,542.0,321.0,495.0,365.0,0,0,0,0
2046.0,0.071,0.0,495.0,318.0,541.0,365.0,542.0,319.0,496.0,364.0,0,0,0,0
2036.0,0.093,0.0,493.0,319.0,537.0,367.0,539.0,320.0,494.0,366.0,0,0,0,0
2036.0,0.13,0.0,493.0,320.0,537.0,367.0,539.0,320.0,494.0,366.0,0,0,0,0
2017.0,0.189,0.0,493.0,320.0,537.0,367.0,538.0,321.0,493.0,368.0,0,0,0,0
1996.0,0.217,0.0,493.0,320.0,537.0,367.0,538.0,321.0,493.0,368.0,0,0,0,0
1996.0,0.248,0.0,490.0,320.0,536.0,368.0,537.0,320.0,490.0,367.0,0,0,0,0
1977.0,0.248,0.0,489.0,320.0,536.0,368.0,537.0,321.0,488.0,368.0,0,0,0,0
1957.0,0.274,0.0,487.0,321.0,536.0,369.0,536.0,322.0,487.0,369.0,0,0,0,0
1937.0,0.302,0.0,487.0,320.0,536.0,369.0,536.0,321.0,486.0,368.0,0,0,0,0
1881.0,0.366,0.0,487.0,318.0,536.0,368.0,538.0,319.0,487.0,368.0,0,0,0,0
1842.0,0.373,0.0,487.0,318.0,536.0,368.0,538.0,319.0,487.0,368.0,0,0,0,0
1842.0,0.374,0.0,487.0,318.0,536.0,368.0,537.0,319.0,487.0,368.0,0,0,0,0
1805.0,0.374,0.0,487.0,314.0,536.0,368.0,539.0,315.0,485.0,367.0,0,0,0,0
1768.0,0.365,0.0,486.0,312.0,537.0,367.0,539.0,312.0,484.0,367.0,0,0,0,0
1730.0,0.333,0.0,486.0,312.0,537.0,367.0,539.0,312.0,484.0,367.0,0,0,0,0
1666.0,0.275,0.0,485.0,312.0,538.0,369.0,540.0,315.0,484.0,368.0,0,0,0,0
1646.0,0.266,0.0,484.0,312.0,540.0,368.0,542.0,312.0,484.0,368.0,0,0,0,0
1646.0,0.293,0.0,485.0,314.0,541.0,374.0,543.0,318.0,481.0,375.0,0,0,0,0
1646.0,0.293,0.0,480.0,315.0,541.0,375.0,543.0,317.0,480.0,374.0,0,0,0,0
1615.0,0.304,0.0,480.0,309.0,542.0,368.0,543.0,311.0,480.0,368.0,0,0,0,0
1597.0,0.279,0.0,480.0,309.0,542.0,368.0,543.0,311.0,480.0,368.0,0,0,0,0
1597.0,0.279,0.0,480.0,308.0,542.0,369.0,543.0,309.0,480.0,368.0,0,0,0,0
1597.0,0.279,0.0,480.0,306.0,542.0,369.0,544.0,308.0,480.0,369.0,0,0,0,0
1597.0,0.279,0.0,480.0,305.0,542.0,368.0,544.0,305.0,480.0,367.0,0,0,0,0
1494.0,0.265,0.0,480.0,300.0,543.0,366.0,544.0,302.0,479.0,366.0,0,0,0,0
1467.0,0.265,0.0,480.0,300.0,543.0,366.0,544.0,302.0,479.0,366.0,0,0,0,0
1439.0,0.295,0.0,480.0,295.0,545.0,361.0,545.0,296.0,479.0,361.0,0,0,0,0
1411.0,0.325,0.0,480.0,289.0,545.0,358.0,544.0,290.0,479.0,358.0,0,0,0,0
1352.0,0.372,0.0,479.0,285.0,548.0,356.0,548.0,287.0,478.0,353.0,0,0,0,0
1316.0,0.375,0.0,478.0,279.0,548.0,351.0,550.0,280.0,477.0,351.0,0,0,0,0
1316.0,0.374,0.0,478.0,279.0,548.0,351.0,550.0,280.0,477.0,351.0,0,0,0,0
1279.0,0.374,0.0,473.0,279.0,548.0,354.0,550.0,279.0,473.0,353.0,0,0,0,0
1239.0,0.366,0.0,473.0,271.0,550.0,348.0,553.0,273.0,474.0,349.0,0,0,0,0
1202.0,0.344,0.0,474.0,268.0,553.0,349.0,553.0,270.0,473.0,348.0,0,0,0,0
1172.0,0.275,0.0,474.0,266.0,555.0,349.0,556.0,268.0,473.0,348.0,0,0,0,0
1136.0,0.249,0.0,472.0,264.0,556.0,349.0,557.0,266.0,471.0,348.0,0,0,0,0
1136.0,0.218,0.0,472.0,264.0,556.0,349.0,557.0,266.0,471.0,348.0,0,0,0,0
1117.0,0.218,0.0,470.0,262.0,556.0,349.0,558.0,264.0,469.0,348.0,0,0,0,0
1096.0,0.194,0.0,469.0,260.0,557.0,348.0,558.0,261.0,469.0,347.0,0,0,0,0
1069.0,0.154,0.0,469.0,259.0,557.0,348.0,559.0,260.0,468.0,348.0,0,0,0,0
1040.0,0.179,0.0,469.0,260.0,557.0,352.0,560.0,263.0,468.0,351.0,0,0,0,0
1019.0,0.189,0.0,469.0,260.0,557.0,352.0,560.0,263.0,468.0,351.0,0,0,0,0
1019.0,0.162,0.0,468.0,254.0,560.0,349.0,562.0,256.0,467.0,346.0,0,0,0,0
998.0,0.146,0.0,469.0,252.0,563.0,347.0,565.0,253.0,468.0,346.0,0,0,0,0
980.0,0.146,0.0,469.0,256.0,564.0,352.0,566.0,258.0,468.0,351.0,0,0,0,0
969.0,0.178,0.0,469.0,247.0,568.0,347.0,568.0,250.0,468.0,345.0,0,0,0,0
930.0,0.214,0.0,469.0,247.0,568.0,347.0,568.0,250.0,468.0,345.0,0,0,0,0
910.0,0.267,0.0,469.0,246.0,568.0,348.0,571.0,248.0,468.0,346.0,0,0,0,0
910.0,0.3,0.0,466.0,242.0,569.0,349.0,572.0,245.0,464.0,347.0,0,0,0,0
882.0,0.327,0.0,464.0,236.0,572.0,345.0,574.0,238.0,463.0,345.0,0,0,0,0
855.0,0.327,0.0,463.0,228.0,576.0,344.0,577.0,231.0,462.0,343.0,0,0,0,0
855.0,0.36,0.0,463.0,228.0,576.0,344.0,577.0,231.0,462.0,343.0,0,0,0,0
779.0,0.373,0.0,463.0,216.0,581.0,340.0,583.0,219.0,459.0,337.0,0,0,0,0
737.0,0.361,0.0,457.0,208.0,584.0,338.0,586.0,211.0,456.0,336.0,0,0,0,0
737.0,0.3,0.0,456.0,200.0,588.0,337.0,591.0,202.0,454.0,335.0,0,0,0,0
712.0,0.269,0.0,453.0,191.0,591.0,336.0,594.0,194.0,449.0,334.0,0,0,0,0
682.0,0.243,0.0,453.0,191.0,591.0,336.0,594.0,194.0,449.0,334.0,0,0,0,0
653.0,0.243,0.0,449.0,187.0,595.0,337.0,597.0,190.0,447.0,335.0,0,0,0,0
601.0,0.219,0.0,447.0,177.0,598.0,333.0,601.0,180.0,444.0,332.0,0,0,0,0
583.0,0.184,0.0,445.0,168.0,603.0,331.0,605.0,171.0,442.0,330.0,0,0,0,0
583.0,0.144,0.0,444.0,163.0,605.0,331.0,607.0,167.0,441.0,329.0,0,0,0,0
564.0,0.175,0.0,444.0,159.0,611.0,331.0,613.0,162.0,442.0,330.0,0,0,0,0
552.0,0.187,0.0,444.0,159.0,611.0,331.0,613.0,162.0,442.0,330.0,0,0,0,0
542.0,0.187,0.0,441.0,140.0,616.0,322.0,618.0,147.0,436.0,321.0,0,0,0,0
502.0,0.161,0.0,438.0,134.0,620.0,321.0,623.0,139.0,436.0,318.0,0,0,0,0
502.0,0.122,0.0,437.0,133.0,622.0,326.0,625.0,140.0,434.0,322.0,0,0,0,0
502.0,0.066,0.0,436.0,124.0,624.0,320.0,627.0,130.0,432.0,316.0,0,0,0,0
485.0,0.056,0.0,436.0,124.0,624.0,320.0,627.0,130.0,432.0,316.0,0,0,0,0
485.0,0.083,0.0,435.0,121.0,625.0,319.0,628.0,126.0,431.0,315.0,0,0,0,0
475.0,0.083,0.0,435.0,121.0,629.0,321.0,631.0,126.0,431.0,318.0,0,0,0,0
464.0,0.098,0.0,432.0,106.0,632.0,312.0,635.0,112.0,428.0,310.0,0,0,0,0
455.0,0.069,0.0,431.0,104.0,634.0,314.0,636.0,110.0,428.0,311.0,0,0,0,0
455.0,0.006,0.0,431.0,104.0,634.0,314.0,636.0,110.0,428.0,311.0,0,0,0,0
443.0,0.011,0.0,431.0,104.0,635.0,314.0,637.0,110.0,428.0,311.0,0,0,0,0
444.0,0.039,0.0,432.0,105.0,635.0,315.0,637.0,111.0,428.0,312.0,0,0,0,0
444.0,0.039,0.0,429.0,100.0,636.0,313.0,638.0,107.0,427.0,310.0,0,0,0,0
436.0,0.052,0.0,428.0,95.0,638.0,310.0,641.0,100.0,426.0,308.0,0,0,0,0
432.0,0.024,0.0,428.0,95.0,638.0,310.0,641.0,100.0,426.0,308.0,0,0,0,0
432.0,-0.001,0.0,428.0,94.0,639.0,311.0,642.0,100.0,426.0,308.0,0,0,0,0
434.0,0.006,0.0,428.0,96.0,638.0,311.0,641.0,101.0,426.0,308.0,0,0,0,0
433.0,0.04,0.0,428.0,97.0,638.0,312.0,640.0,102.0,426.0,309.0,0,0,0,0
435.0,0.04,0.0,427.0,90.0,640.0,309.0,643.0,96.0,424.0,306.0,0,0,0,0
434.0,0.046,0.0,427.0,90.0,640.0,309.0,643.0,96.0,424.0,306.0,0,0,0,0
422.0,0.045,0.0,426.0,86.0,641.0,308.0,644.0,92.0,423.0,305.0,0,0,0,0
422.0,0.104,0.0,426.0,86.0,644.0,311.0,646.0,92.0,423.0,308.0,0,0,0,0
418.0,0.129,0.0,423.0,73.0,648.0,305.0,651.0,78.0,420.0,301.0,0,0,0,0
421.0,0.161,0.0,420.0,63.0,655.0,305.0,659.0,69.0,417.0,302.0,0,0,0,0
406.0,0.192,0.0,416.0,40.0,666.0,297.0,668.0,48.0,412.0,294.0,0,0,0,0
370.0,0.192,0.0,416.0,40.0,666.0,297.0,668.0,48.0,412.0,294.0,0,0,0,0
349.0,0.198,0.0,414.0,18.0,678.0,289.0,682.0,21.0,407.0,284.0,0,0,0,0
349.0,0.172,0.0,411.0,5.0,692.0,283.0,697.0,9.0,404.0,278.0,0,0,0,0
337.0,0.104,0.0,408.0,0.0,1023.0,1023.0,706.0,1.0,401.0,275.0,0,0,0,0
315.0,0.081,0.0,1023.0,1023.0,1023.0,1023.0,1023.0,1023.0,1023.0,1023.0,0,0,0,0
305.0,0.05,0.0,1023.0,1023.0,1023.0,1023.0,1023.0,1023.0,1023.0,1023.0,0,0,0,0
289.0,0.05,0.0,1023.0,1023.0,1023.0,1023.0,1023.0,1023.0,1023.0,1023.0,0,0,0,0
287.0,0.022,0.0,1023.0,1023.0,1023.0,1023.0,1023.0,1023.0,1023.0,1023.0,0,0,0,0
287.0,0.001,0.0,1023.0,1023.0,1023.0,1023.0,1023.0,1023.0,1023.0,1023.0,0,0,0,0
287.0,0.0,0.0,1023.0,1023.0,1023.0,1023.0,1023.0,1023.0,1023.0,1023.0,0,0,0,0
287.0,0.0,0.0,1023.0,1023.0,1023.0,1023.0,1023.0,1023.0,1023.0,1023.0,0,0,0,0
287.0,0.0,0.0,1023.0,1023.0,1023.0,1023.0,1023.0,1023.0,1023.0,1023.0,0,0,0,0
287.0,0.0,0.0,1023.0,1023.0,1023.0,1023.0,1023.0,1023.0,1023.0,1023.0,0,0,0,0
287.0,0.0,0.0,1023.0,1023.0,1023.0,1023.0,1023.0,1023.0,1023.0,1023.0,0,0,0,0
287.0,0.0,0.0,1023.0,1023.0,1023.0,1023.0,1023.0,1023.0,1023.0,1023.0,0,0,0,0
287.0,0.0,0.0,1023.0,1023.0,1023.0,1023.0,1023.0,1023.0,1023.0,1023.0,0,0,0,0
287.0,-0.035,0.0,1023.0,1023.0,1023.0,1023.0,1023.0,1023.0,1023.0,1023.0,0,0,0,0
289.0,-0.049,0.0,1023.0,1023.0,1023.0,1023.0,1023.0,1023.0,1023.0,1023.0,0,0,0,0
289.0,-0.049,0.0,1023.0,1023.0,1023.0,1023.0,1023.0,1023.0,1023.0,1023.0,0,0,0,0
300.0,-0.033,0.0,1023.0,1023.0,1023.0,1023.0,1023.0,1023.0,1023.0,1023.0,0,0,0,0
300.0,-0.007,0.0,1023.0,1023.0,1023.0,1023.0,1023.0,1023.0,1023.0,1023.0,0,0,0,0
300.0,-0.073,0.0,1023.0,1023.0,1023.0,1023.0,1023.0,1023.0,1023.0,1023.0,0,0,0,0
298.0,-0.093,0.0,1023.0,1023.0,1023.0,1023.0,1023.0,1023.0,1023.0,1023.0,0,0,0,0
308.0,-0.092,0.0,699.0,9.0,1023.0,1023.0,1023.0,1023.0,406.0,278.0,0,0,0,0
312.0,-0.092,0.0,692.0,14.0,688.0,286.0,1023.0,1023.0,409.0,281.0,0,0,0,0
336.0,-0.095,0.0,692.0,14.0,688.0,286.0,1023.0,1023.0,409.0,281.0,0,0,0,0
336.0,-0.094,0.0,685.0,22.0,681.0,289.0,1023.0,1023.0,410.0,285.0,0,0,0,0
336.0,-0.095,0.0,677.0,30.0,674.0,291.0,1023.0,1023.0,411.0,286.0,0,0,0,0
347.0,-0.094,0.0,671.0,45.0,668.0,295.0,418.0,36.0,414.0,292.0,0,0,0,0
351.0,-0.094,0.0,667.0,52.0,664.0,297.0,420.0,44.0,416.0,294.0,0,0,0,0
360.0,-0.094,0.0,661.0,64.0,657.0,300.0,422.0,57.0,418.0,298.0,0,0,0,0
374.0,-0.094,0.0,661.0,64.0,657.0,300.0,422.0,57.0,418.0,298.0,0,0,0,0
383.0,-0.094,0.0,657.0,72.0,654.0,302.0,424.0,65.0,420.0,300.0,0,0,0,0
383.0,-0.094,0.0,653.0,80.0,650.0,305.0,426.0,74.0,423.0,303.0,0,0,0,0
394.0,-0.093,0.0,652.0,88.0,648.0,307.0,429.0,82.0,426.0,305.0,0,0,0,0
408.0,-0.093,0.0,647.0,95.0,644.0,308.0,431.0,89.0,428.0,306.0,0,0,0,0
419.0,-0.093,0.0,647.0,95.0,644.0,308.0,431.0,89.0,428.0,306.0,0,0,0,0
434.0,-0.094,0.0,643.0,104.0,640.0,311.0,434.0,98.0,430.0,309.0,0,0,0,0
443.0,-0.093,0.0,642.0,110.0,638.0,313.0,435.0,104.0,433.0,310.0,0,0,0,0
443.0,-0.058,0.0,639.0,117.0,635.0,316.0,437.0,112.0,435.0,313.0,0,0,0,0
455.0,-0.026,0.0,636.0,121.0,633.0,318.0,438.0,116.0,434.0,315.0,0,0,0,0
455.0,-0.002,0.0,636.0,121.0,633.0,318.0,438.0,116.0,434.0,315.0,0,0,0,0
465.0,-0.002,0.0,636.0,120.0,634.0,316.0,437.0,114.0,435.0,313.0,0,0,0,0
465.0,0.0,0.0,636.0,120.0,634.0,316.0,438.0,114.0,435.0,313.0,0,0,0,0
465.0,0.0,0.0,636.0,119.0,634.0,316.0,438.0,114.0,435.0,313.0,0,0,0,0
465.0,0.0,0.0,636.0,120.0,634.0,316.0,438.0,114.0,435.0,313.0,0,0,0,0
466.0,0.0,0.0,636.0,120.0,634.0,316.0,438.0,114.0,435.0,313.0,0,0,0,0
466.0,0.0,0.0,636.0,120.0,634.0,316.0,438.0,114.0,435.0,313.0,0,0,0,0
474.0,0.0,0.0,636.0,120.0,634.0,316.0,438.0,114.0,435.0,313.0,0,0,0,0
465.0,0.0,0.0,636.0,119.0,634.0,316.0,438.0,114.0,435.0,313.0,0,0,0,0
466.0,0.0,0.0,636.0,119.0,634.0,316.0,438.0,114.0,435.0,313.0,0,0,0,0
466.0,0.0,0.0,636.0,120.0,634.0,316.0,438.0,114.0,435.0,313.0,0,0,0,0
466.0,0.0,0.0,636.0,120.0,634.0,316.0,438.0,114.0,435.0,313.0,0,0,0,0
465.0,0.0,0.0,636.0,119.0,634.0,316.0,438.0,114.0,435.0,313.0,0,0,0,0
466.0,0.0,0.0,636.0,119.0,634.0,316.0,438.0,114.0,435.0,313.0,0,0,0,0
466.0,0.0,0.0,636.0,119.0,634.0,316.0,438.0,114.0,435.0,313.0,0,0,0,0
