US1,US2,US3,US4
0,0,0,0
0,0,0,0
0,4.46899986267,6.46799993515,6.46999979019
0,4.46899986267,6.46799993515,6.46999979019
0,4.46899986267,6.46799993515,6.46999979019
0,4.46899986267,6.46799993515,6.46999979019
0,4.46899986267,6.46799993515,6.46999979019
4.61199998856,4.46299982071,6.4470000267,6.44899988174
4.61199998856,4.46299982071,6.4470000267,6.44899988174
4.61199998856,4.46299982071,6.4470000267,6.44899988174
4.61199998856,4.46299982071,6.4470000267,6.44899988174
4.61199998856,4.46299982071,6.4470000267,6.44899988174
4.61199998856,4.46299982071,6.4470000267,6.44899988174
4.61800003052,4.46299982071,6.45800018311,6.46000003815
4.61800003052,4.46299982071,6.45800018311,6.46000003815
4.61800003052,4.46299982071,6.45800018311,6.46000003815
4.61800003052,4.46299982071,6.45800018311,6.46000003815
4.61800003052,4.46299982071,6.45800018311,6.46000003815
4.61100006104,4.46899986267,10.7250003815,10.7250003815
4.61100006104,4.46899986267,10.7250003815,10.7250003815
4.61100006104,4.46899986267,10.7250003815,10.7250003815
4.61100006104,4.46899986267,10.7250003815,10.7250003815
4.61100006104,4.46899986267,10.7250003815,10.7250003815
4.60599994659,4.47499990463,10.7250003815,10.7250003815
4.60599994659,4.47499990463,10.7250003815,10.7250003815
4.60599994659,4.47499990463,10.7250003815,10.7250003815
4.60599994659,4.47499990463,10.7250003815,10.7250003815
4.60599994659,4.47499990463,10.7250003815,10.7250003815
4.60599994659,4.47499990463,10.7250003815,10.7250003815
10.7250003815,4.48000001907,10.7250003815,10.7250003815
10.7250003815,4.48000001907,10.7250003815,10.7250003815
10.7250003815,4.48000001907,10.7250003815,10.7250003815
10.7250003815,4.48000001907,10.7250003815,10.7250003815
10.7250003815,4.48000001907,10.7250003815,10.7250003815
4.62699985504,4.47399997711,10.7250003815,10.7250003815
4.62699985504,4.47399997711,10.7250003815,10.7250003815
4.62699985504,4.47399997711,10.7250003815,10.7250003815
4.62699985504,4.47399997711,10.7250003815,10.7250003815
4.62699985504,4.47399997711,10.7250003815,10.7250003815
4.60400009155,4.46899986267,10.7250003815,10.7250003815
4.60400009155,4.46899986267,10.7250003815,10.7250003815
4.60400009155,4.46899986267,10.7250003815,10.7250003815
4.60400009155,4.46899986267,10.7250003815,10.7250003815
4.60400009155,4.46899986267,10.7250003815,10.7250003815
4.60400009155,4.46899986267,10.7250003815,10.7250003815
4.59999990463,4.46500015259,10.7250003815,10.7250003815
4.59999990463,4.46500015259,10.7250003815,10.7250003815
4.59999990463,4.46500015259,10.7250003815,10.7250003815
4.59999990463,4.46500015259,10.7250003815,10.7250003815
4.59999990463,4.46500015259,10.7250003815,10.7250003815
4.59299993515,4.47100019455,10.7250003815,10.7250003815
4.59299993515,4.47100019455,10.7250003815,10.7250003815
4.59299993515,4.47100019455,10.7250003815,10.7250003815
4.59299993515,4.47100019455,10.7250003815,10.7250003815
4.59299993515,4.47100019455,10.7250003815,10.7250003815
10.7250003815,4.47300004959,10.7250003815,10.7250003815
10.7250003815,4.47300004959,10.7250003815,10.7250003815
10.7250003815,4.47300004959,10.7250003815,10.7250003815
10.7250003815,4.47300004959,10.7250003815,10.7250003815
10.7250003815,4.47300004959,10.7250003815,10.7250003815
10.7250003815,4.47300004959,10.7250003815,10.7250003815
10.7250003815,4.48000001907,10.7250003815,10.7250003815
10.7250003815,4.48000001907,10.7250003815,10.7250003815
10.7250003815,4.48000001907,10.7250003815,10.7250003815
10.7250003815,4.48000001907,10.7250003815,10.7250003815
10.7250003815,4.48000001907,10.7250003815,10.7250003815
4.62200021744,4.47300004959,10.7250003815,10.7250003815
4.62200021744,4.47300004959,10.7250003815,10.7250003815
4.62200021744,4.47300004959,10.7250003815,10.7250003815
4.62200021744,4.47300004959,10.7250003815,10.7250003815
4.62200021744,4.47300004959,10.7250003815,10.7250003815
4.60900020599,4.47399997711,10.7250003815,10.7250003815
4.60900020599,4.47399997711,10.7250003815,10.7250003815
4.60900020599,4.47399997711,10.7250003815,10.7250003815
4.60900020599,4.47399997711,10.7250003815,10.7250003815
4.60900020599,4.47399997711,10.7250003815,10.7250003815
4.60900020599,4.47399997711,10.7250003815,10.7250003815
4.61600017548,4.46899986267,10.7250003815,10.7250003815
4.61600017548,4.46899986267,10.7250003815,10.7250003815
4.61600017548,4.46899986267,10.7250003815,10.7250003815
4.61600017548,4.46899986267,10.7250003815,10.7250003815
4.61600017548,4.46899986267,10.7250003815,10.7250003815
4.59100008011,4.47399997711,10.7250003815,10.7250003815
4.59100008011,4.47399997711,10.7250003815,10.7250003815
4.59100008011,4.47399997711,10.7250003815,10.7250003815
4.59100008011,4.47399997711,10.7250003815,10.7250003815
4.59100008011,4.47399997711,10.7250003815,10.7250003815
10.7250003815,4.47499990463,10.7250003815,10.7250003815
10.7250003815,4.47499990463,10.7250003815,10.7250003815
10.7250003815,4.47499990463,10.7250003815,10.7250003815
10.7250003815,4.47499990463,10.7250003815,10.7250003815
10.7250003815,4.47499990463,10.7250003815,10.7250003815
10.7250003815,4.47499990463,10.7250003815,10.7250003815
10.7250003815,4.47700023651,10.7250003815,10.7250003815
10.7250003815,4.47700023651,10.7250003815,10.7250003815
10.7250003815,4.47700023651,10.7250003815,10.7250003815
10.7250003815,4.47700023651,10.7250003815,10.7250003815
10.7250003815,4.47700023651,10.7250003815,10.7250003815
10.7250003815,4.47599983215,10.7250003815,10.7250003815
10.7250003815,4.47599983215,10.7250003815,10.7250003815
10.7250003815,4.47599983215,10.7250003815,10.7250003815
10.7250003815,4.47599983215,10.7250003815,10.7250003815
10.7250003815,4.47599983215,10.7250003815,10.7250003815
10.7250003815,4.47599983215,10.7250003815,10.7250003815
4.60400009155,4.47300004959,10.7250003815,10.7250003815
4.60400009155,4.47300004959,10.7250003815,10.7250003815
4.60400009155,4.47300004959,10.7250003815,10.7250003815
4.60400009155,4.47300004959,10.7250003815,10.7250003815
4.60400009155,4.47300004959,10.7250003815,10.7250003815
4.57499980927,4.47399997711,10.7250003815,10.7250003815
4.57499980927,4.47399997711,10.7250003815,10.7250003815
4.57499980927,4.47399997711,10.7250003815,10.7250003815
4.57499980927,4.47399997711,10.7250003815,10.7250003815
4.57499980927,4.47399997711,10.7250003815,10.7250003815
4.58500003815,4.46799993515,10.7250003815,10.7250003815
4.58500003815,4.46799993515,10.7250003815,10.7250003815
4.58500003815,4.46799993515,10.7250003815,10.7250003815
4.58500003815,4.46799993515,10.7250003815,10.7250003815
4.58500003815,4.46799993515,10.7250003815,10.7250003815
4.58500003815,4.46799993515,10.7250003815,10.7250003815
4.61499977112,4.47399997711,10.7250003815,10.7250003815
4.61499977112,4.47399997711,10.7250003815,10.7250003815
4.61499977112,4.47399997711,10.7250003815,10.7250003815
4.61499977112,4.47399997711,10.7250003815,10.7250003815
4.61499977112,4.47399997711,10.7250003815,10.7250003815
4.60900020599,4.47399997711,10.7250003815,10.7250003815
4.60900020599,4.47399997711,10.7250003815,10.7250003815
4.60900020599,4.47399997711,10.7250003815,10.7250003815
4.60900020599,4.47399997711,10.7250003815,10.7250003815
4.60900020599,4.47399997711,10.7250003815,10.7250003815
4.59600019455,4.46700000763,10.7250003815,10.7250003815
4.59600019455,4.46700000763,10.7250003815,10.7250003815
4.59600019455,4.46700000763,10.7250003815,10.7250003815
4.59600019455,4.46700000763,10.7250003815,10.7250003815
4.59600019455,4.46700000763,10.7250003815,10.7250003815
4.59600019455,4.46700000763,10.7250003815,10.7250003815
4.57499980927,4.46400022507,10.7250003815,10.7250003815
4.57499980927,4.46400022507,10.7250003815,10.7250003815
4.57499980927,4.46400022507,10.7250003815,10.7250003815
4.57499980927,4.46400022507,10.7250003815,10.7250003815
4.57499980927,4.46400022507,10.7250003815,10.7250003815
4.57399988174,4.46299982071,10.7250003815,10.7250003815
4.57399988174,4.46299982071,10.7250003815,10.7250003815
4.57399988174,4.46299982071,10.7250003815,10.7250003815
4.57399988174,4.46299982071,10.7250003815,10.7250003815
4.57399988174,4.46299982071,10.7250003815,10.7250003815
4.58599996567,4.47300004959,10.7250003815,10.7250003815
4.58599996567,4.47300004959,10.7250003815,10.7250003815
4.58599996567,4.47300004959,10.7250003815,10.7250003815
4.58599996567,4.47300004959,10.7250003815,10.7250003815
4.58599996567,4.47300004959,10.7250003815,10.7250003815
4.59800004959,4.46700000763,10.7250003815,10.7250003815
4.59800004959,4.46700000763,10.7250003815,10.7250003815
4.59800004959,4.46700000763,10.7250003815,10.7250003815
4.59800004959,4.46700000763,10.7250003815,10.7250003815
4.59800004959,4.46700000763,10.7250003815,10.7250003815
4.59800004959,4.46700000763,10.7250003815,10.7250003815
4.61000013351,4.46099996567,10.7250003815,10.7250003815
4.61000013351,4.46099996567,10.7250003815,10.7250003815
4.61000013351,4.46099996567,10.7250003815,10.7250003815
4.61000013351,4.46099996567,10.7250003815,10.7250003815
4.61000013351,4.46099996567,10.7250003815,10.7250003815
4.58400011063,4.46099996567,10.7250003815,10.7250003815
4.58400011063,4.46099996567,10.7250003815,10.7250003815
4.58400011063,4.46099996567,10.7250003815,10.7250003815
4.58400011063,4.46099996567,10.7250003815,10.7250003815
4.58400011063,4.46099996567,10.7250003815,10.7250003815
4.58400011063,4.46099996567,10.7250003815,10.7250003815
4.61600017548,4.46299982071,10.7250003815,10.7250003815
4.61600017548,4.46299982071,10.7250003815,10.7250003815
4.61600017548,4.46299982071,10.7250003815,10.7250003815
4.61600017548,4.46299982071,10.7250003815,10.7250003815
4.61600017548,4.46299982071,10.7250003815,10.7250003815
4.63899993896,4.46799993515,10.7250003815,10.7250003815
4.63899993896,4.46799993515,10.7250003815,10.7250003815
4.63899993896,4.46799993515,10.7250003815,10.7250003815
4.63899993896,4.46799993515,10.7250003815,10.7250003815
4.63899993896,4.46799993515,10.7250003815,10.7250003815
4.60300016403,4.46799993515,10.7250003815,10.7250003815
4.60300016403,4.46799993515,10.7250003815,10.7250003815
4.60300016403,4.46799993515,10.7250003815,10.7250003815
4.60300016403,4.46799993515,10.7250003815,10.7250003815
4.60300016403,4.46799993515,10.7250003815,10.7250003815
4.60300016403,4.46799993515,10.7250003815,10.7250003815
4.58599996567,4.46400022507,10.7250003815,10.7250003815
4.58599996567,4.46400022507,10.7250003815,10.7250003815
4.58599996567,4.46400022507,10.7250003815,10.7250003815
4.58599996567,4.46400022507,10.7250003815,10.7250003815
4.58599996567,4.46400022507,10.7250003815,10.7250003815
4.5689997673,4.46400022507,10.7250003815,10.7250003815
4.5689997673,4.46400022507,10.7250003815,10.7250003815
4.5689997673,4.46400022507,10.7250003815,10.7250003815
4.5689997673,4.46400022507,10.7250003815,10.7250003815
4.5689997673,4.46400022507,10.7250003815,10.7250003815
4.64799976349,4.47399997711,10.7250003815,10.7250003815
4.64799976349,4.47399997711,10.7250003815,10.7250003815
4.64799976349,4.47399997711,10.7250003815,10.7250003815
4.64799976349,4.47399997711,10.7250003815,10.7250003815
4.64799976349,4.47399997711,10.7250003815,10.7250003815
4.59299993515,4.47499990463,10.7250003815,10.7250003815
4.59299993515,4.47499990463,10.7250003815,10.7250003815
4.59299993515,4.47499990463,10.7250003815,10.7250003815
4.59299993515,4.47499990463,10.7250003815,10.7250003815
4.59299993515,4.47499990463,10.7250003815,10.7250003815
4.59299993515,4.47499990463,10.7250003815,10.7250003815
4.59800004959,4.46700000763,10.7250003815,10.7250003815
4.59800004959,4.46700000763,10.7250003815,10.7250003815
4.59800004959,4.46700000763,10.7250003815,10.7250003815
4.59800004959,4.46700000763,10.7250003815,10.7250003815
4.59800004959,4.46700000763,10.7250003815,10.7250003815
4.59000015259,4.46700000763,10.7250003815,10.7250003815
4.59000015259,4.46700000763,10.7250003815,10.7250003815
4.59000015259,4.46700000763,10.7250003815,10.7250003815
4.59000015259,4.46700000763,10.7250003815,10.7250003815
4.59000015259,4.46700000763,10.7250003815,10.7250003815
4.63899993896,4.47399997711,10.7250003815,10.7250003815
4.63899993896,4.47399997711,10.7250003815,10.7250003815
4.63899993896,4.47399997711,10.7250003815,10.7250003815
4.63899993896,4.47399997711,10.7250003815,10.7250003815
4.63899993896,4.47399997711,10.7250003815,10.7250003815
4.63899993896,4.47399997711,10.7250003815,10.7250003815
4.59700012207,4.46799993515,10.7250003815,10.7250003815
4.59700012207,4.46799993515,10.7250003815,10.7250003815
4.59700012207,4.46799993515,10.7250003815,10.7250003815
4.59700012207,4.46799993515,10.7250003815,10.7250003815
4.59700012207,4.46799993515,10.7250003815,10.7250003815
4.61199998856,4.46500015259,10.7250003815,10.7250003815
4.61199998856,4.46500015259,10.7250003815,10.7250003815
4.61199998856,4.46500015259,10.7250003815,10.7250003815
4.61199998856,4.46500015259,10.7250003815,10.7250003815
4.61199998856,4.46500015259,10.7250003815,10.7250003815
4.61199998856,4.46500015259,10.7250003815,10.7250003815
4.59299993515,4.46400022507,10.7250003815,10.7250003815
4.59299993515,4.46400022507,10.7250003815,10.7250003815
4.59299993515,4.46400022507,10.7250003815,10.7250003815
4.59299993515,4.46400022507,10.7250003815,10.7250003815
4.59299993515,4.46400022507,10.7250003815,10.7250003815
4.62300014496,4.47599983215,10.7250003815,10.7250003815
4.62300014496,4.47599983215,10.7250003815,10.7250003815
4.62300014496,4.47599983215,10.7250003815,10.7250003815
4.62300014496,4.47599983215,10.7250003815,10.7250003815
4.62300014496,4.47599983215,10.7250003815,10.7250003815
4.57399988174,4.46799993515,10.7250003815,10.7250003815
4.57399988174,4.46799993515,10.7250003815,10.7250003815
4.57399988174,4.46799993515,10.7250003815,10.7250003815
4.57399988174,4.46799993515,10.7250003815,10.7250003815
4.57399988174,4.46799993515,10.7250003815,10.7250003815
4.57399988174,4.46799993515,10.7250003815,10.7250003815
4.61000013351,4.46799993515,5.98299980164,5.98500013351
4.61000013351,4.46799993515,5.98299980164,5.98500013351
4.61000013351,4.46799993515,5.98299980164,5.98500013351
4.61000013351,4.46799993515,5.98299980164,5.98500013351
4.61000013351,4.46799993515,5.98299980164,5.98500013351
4.59999990463,4.46299982071,4.6939997673,4.69600009918
4.59999990463,4.46299982071,4.6939997673,4.69600009918
4.59999990463,4.46299982071,4.6939997673,4.69600009918
4.59999990463,4.46299982071,4.6939997673,4.69600009918
4.59999990463,4.46299982071,4.6939997673,4.69600009918
4.76700019836,4.47300004959,10.7250003815,10.7250003815
4.76700019836,4.47300004959,10.7250003815,10.7250003815
4.76700019836,4.47300004959,10.7250003815,10.7250003815
4.76700019836,4.47300004959,10.7250003815,10.7250003815
4.76700019836,4.47300004959,10.7250003815,10.7250003815
4.80999994278,4.47300004959,4.6779999733,4.67999982834
4.80999994278,4.47300004959,4.6779999733,4.67999982834
4.80999994278,4.47300004959,4.6779999733,4.67999982834
4.80999994278,4.47300004959,4.6779999733,4.67999982834
4.80999994278,4.47300004959,4.6779999733,4.67999982834
4.80999994278,4.47300004959,4.6779999733,4.67999982834
4.58500003815,4.46199989319,4.6859998703,4.68699979782
4.58500003815,4.46199989319,4.6859998703,4.68699979782
4.58500003815,4.46199989319,4.6859998703,4.68699979782
4.58500003815,4.46199989319,4.6859998703,4.68699979782
4.58500003815,4.46199989319,4.6859998703,4.68699979782
4.58799982071,4.45900011063,10.7250003815,10.7250003815
4.58799982071,4.45900011063,10.7250003815,10.7250003815
4.58799982071,4.45900011063,10.7250003815,10.7250003815
4.58799982071,4.45900011063,10.7250003815,10.7250003815
4.58799982071,4.45900011063,10.7250003815,10.7250003815
4.617000103,4.46400022507,4.78499984741,4.78700017929
4.617000103,4.46400022507,4.78499984741,4.78700017929
4.617000103,4.46400022507,4.78499984741,4.78700017929
4.617000103,4.46400022507,4.78499984741,4.78700017929
4.617000103,4.46400022507,4.78499984741,4.78700017929
4.617000103,4.46400022507,4.78499984741,4.78700017929
4.67199993134,4.46299982071,10.7250003815,10.7250003815
4.67199993134,4.46299982071,10.7250003815,10.7250003815
4.67199993134,4.46299982071,10.7250003815,10.7250003815
4.67199993134,4.46299982071,10.7250003815,10.7250003815
4.67199993134,4.46299982071,10.7250003815,10.7250003815
4.53299999237,4.46899986267,10.7250003815,10.7250003815
4.53299999237,4.46899986267,10.7250003815,10.7250003815
4.53299999237,4.46899986267,10.7250003815,10.7250003815
4.53299999237,4.46899986267,10.7250003815,10.7250003815
4.53299999237,4.46899986267,10.7250003815,10.7250003815
4.5609998703,4.46799993515,10.7250003815,10.7250003815
4.5609998703,4.46799993515,10.7250003815,10.7250003815
4.5609998703,4.46799993515,10.7250003815,10.7250003815
4.5609998703,4.46799993515,10.7250003815,10.7250003815
4.5609998703,4.46799993515,10.7250003815,10.7250003815
4.5609998703,4.46799993515,10.7250003815,10.7250003815
4.55499982834,4.46799993515,10.7250003815,10.7250003815
4.55499982834,4.46799993515,10.7250003815,10.7250003815
4.55499982834,4.46799993515,10.7250003815,10.7250003815
4.55499982834,4.46799993515,10.7250003815,10.7250003815
4.55499982834,4.46799993515,10.7250003815,10.7250003815
4.59700012207,4.46199989319,10.7250003815,10.7250003815
4.59700012207,4.46199989319,10.7250003815,10.7250003815
4.59700012207,4.46199989319,10.7250003815,10.7250003815
4.59700012207,4.46199989319,10.7250003815,10.7250003815
4.59700012207,4.46199989319,10.7250003815,10.7250003815
4.54199981689,4.45499992371,5.7389998436,5.74100017548
4.54199981689,4.45499992371,5.7389998436,5.74100017548
4.54199981689,4.45499992371,5.7389998436,5.74100017548
4.54199981689,4.45499992371,5.7389998436,5.74100017548
4.54199981689,4.45499992371,5.7389998436,5.74100017548
4.54199981689,4.45499992371,5.7389998436,5.74100017548
4.52400016785,4.44999980927,5.73699998856,5.7389998436
4.52400016785,4.44999980927,5.73699998856,5.7389998436
4.52400016785,4.44999980927,5.73699998856,5.7389998436
4.52400016785,4.44999980927,5.73699998856,5.7389998436
4.52400016785,4.44999980927,5.73699998856,5.7389998436
4.53299999237,4.46500015259,5.78200006485,5.77500009537
4.53299999237,4.46500015259,5.78200006485,5.77500009537
4.53299999237,4.46500015259,5.78200006485,5.77500009537
4.53299999237,4.46500015259,5.78200006485,5.77500009537
4.53299999237,4.46500015259,5.78200006485,5.77500009537
4.60400009155,4.46099996567,5.77099990845,5.77199983597
4.60400009155,4.46099996567,5.77099990845,5.77199983597
4.60400009155,4.46099996567,5.77099990845,5.77199983597
4.60400009155,4.46099996567,5.77099990845,5.77199983597
4.60400009155,4.46099996567,5.77099990845,5.77199983597
4.71999979019,4.44999980927,5.74900007248,5.75099992752
4.71999979019,4.44999980927,5.74900007248,5.75099992752
4.71999979019,4.44999980927,5.74900007248,5.75099992752
4.71999979019,4.44999980927,5.74900007248,5.75099992752
4.71999979019,4.44999980927,5.74900007248,5.75099992752
4.71999979019,4.44999980927,5.74900007248,5.75099992752
4.70699977875,4.44999980927,5.75699996948,5.757999897
4.70699977875,4.44999980927,5.75699996948,5.757999897
4.70699977875,4.44999980927,5.75699996948,5.757999897
4.70699977875,4.44999980927,5.75699996948,5.757999897
4.70699977875,4.44999980927,5.75699996948,5.757999897
4.67100000381,4.44999980927,5.74599981308,5.74800014496
4.67100000381,4.44999980927,5.74599981308,5.74800014496
4.67100000381,4.44999980927,5.74599981308,5.74800014496
4.67100000381,4.44999980927,5.74599981308,5.74800014496
4.67100000381,4.44999980927,5.74599981308,5.74800014496
4.67100000381,4.44999980927,5.74599981308,5.74800014496
4.69500017166,4.44999980927,5.76499986649,5.76700019836
4.69500017166,4.44999980927,5.76499986649,5.76700019836
4.69500017166,4.44999980927,5.76499986649,5.76700019836
4.69500017166,4.44999980927,5.76499986649,5.76700019836
4.69500017166,4.44999980927,5.76499986649,5.76700019836
4.86499977112,4.45599985123,5.76399993896,5.76599979401
4.86499977112,4.45599985123,5.76399993896,5.76599979401
4.86499977112,4.45599985123,5.76399993896,5.76599979401
4.86499977112,4.45599985123,5.76399993896,5.76599979401
4.86499977112,4.45599985123,5.76399993896,5.76599979401
4.67600011826,4.44999980927,5.76800012589,5.76300001144
4.67600011826,4.44999980927,5.76800012589,5.76300001144
4.67600011826,4.44999980927,5.76800012589,5.76300001144
4.67600011826,4.44999980927,5.76800012589,5.76300001144
4.67600011826,4.44999980927,5.76800012589,5.76300001144
4.67600011826,4.44999980927,5.76800012589,5.76300001144
4.63500022888,4.44600009918,5.76800012589,5.76999998093
4.63500022888,4.44600009918,5.76800012589,5.76999998093
4.63500022888,4.44600009918,5.76800012589,5.76999998093
4.63500022888,4.44600009918,5.76800012589,5.76999998093
4.63500022888,4.44600009918,5.76800012589,5.76999998093
4.64099979401,4.44600009918,4.72300004959,4.72499990463
4.64099979401,4.44600009918,4.72300004959,4.72499990463
4.64099979401,4.44600009918,4.72300004959,4.72499990463
4.64099979401,4.44600009918,4.72300004959,4.72499990463
4.64099979401,4.44600009918,4.72300004959,4.72499990463
4.64099979401,4.44600009918,4.72300004959,4.72499990463
4.63000011444,4.4439997673,4.74300003052,4.74399995804
4.63000011444,4.4439997673,4.74300003052,4.74399995804
4.63000011444,4.4439997673,4.74300003052,4.74399995804
4.63000011444,4.4439997673,4.74300003052,4.74399995804
4.63000011444,4.4439997673,4.74300003052,4.74399995804
4.65399980545,4.4439997673,5.77299976349,5.77500009537
4.65399980545,4.4439997673,5.77299976349,5.77500009537
4.65399980545,4.4439997673,5.77299976349,5.77500009537
4.65399980545,4.4439997673,5.77299976349,5.77500009537
4.65399980545,4.4439997673,5.77299976349,5.77500009537
4.70300006866,4.45699977875,5.78200006485,5.78399991989
4.70300006866,4.45699977875,5.78200006485,5.78399991989
4.70300006866,4.45699977875,5.78200006485,5.78399991989
4.70300006866,4.45699977875,5.78200006485,5.78399991989
4.70300006866,4.45699977875,5.78200006485,5.78399991989
4.70300006866,4.45699977875,5.78200006485,5.78399991989
4.69000005722,4.45100021362,5.75500011444,5.75699996948
4.69000005722,4.45100021362,5.75500011444,5.75699996948
4.69000005722,4.45100021362,5.75500011444,5.75699996948
4.69000005722,4.45100021362,5.75500011444,5.75699996948
4.69000005722,4.45100021362,5.75500011444,5.75699996948
4.7389998436,4.45100021362,4.73999977112,4.742000103
4.7389998436,4.45100021362,4.73999977112,4.742000103
4.7389998436,4.45100021362,4.73999977112,4.742000103
4.7389998436,4.45100021362,4.73999977112,4.742000103
4.7389998436,4.45100021362,4.73999977112,4.742000103
4.71500015259,4.4390001297,5.78599977493,5.78100013733
4.71500015259,4.4390001297,5.78599977493,5.78100013733
4.71500015259,4.4390001297,5.78599977493,5.78100013733
4.71500015259,4.4390001297,5.78599977493,5.78100013733
4.71500015259,4.4390001297,5.78599977493,5.78100013733
4.71500015259,4.4390001297,5.78599977493,5.78100013733
4.68699979782,4.44999980927,5.78299999237,5.78499984741
4.68699979782,4.44999980927,5.78299999237,5.78499984741
4.68699979782,4.44999980927,5.78299999237,5.78499984741
4.68699979782,4.44999980927,5.78299999237,5.78499984741
4.68699979782,4.44999980927,5.78299999237,5.78499984741
10.7250003815,4.45200014114,5.75,5.74499988556
10.7250003815,4.45200014114,5.75,5.74499988556
10.7250003815,4.45200014114,5.75,5.74499988556
10.7250003815,4.45200014114,5.75,5.74499988556
10.7250003815,4.45200014114,5.75,5.74499988556
4.73299980164,4.44500017166,5.73099994659,5.73299980164
4.73299980164,4.44500017166,5.73099994659,5.73299980164
4.73299980164,4.44500017166,5.73099994659,5.73299980164
4.73299980164,4.44500017166,5.73099994659,5.73299980164
4.73299980164,4.44500017166,5.73099994659,5.73299980164
4.72599983215,4.43800020218,5.73500013351,5.73699998856
4.72599983215,4.43800020218,5.73500013351,5.73699998856
4.72599983215,4.43800020218,5.73500013351,5.73699998856
4.72599983215,4.43800020218,5.73500013351,5.73699998856
4.72599983215,4.43800020218,5.73500013351,5.73699998856
4.72599983215,4.43800020218,5.73500013351,5.73699998856
4.75099992752,4.43800020218,5.742000103,5.74300003052
4.75099992752,4.43800020218,5.742000103,5.74300003052
4.75099992752,4.43800020218,5.742000103,5.74300003052
4.75099992752,4.43800020218,5.742000103,5.74300003052
4.75099992752,4.43800020218,5.742000103,5.74300003052
4.7389998436,4.44500017166,5.75199985504,5.75400018692
4.7389998436,4.44500017166,5.75199985504,5.75400018692
4.7389998436,4.44500017166,5.75199985504,5.75400018692
4.7389998436,4.44500017166,5.75199985504,5.75400018692
4.7389998436,4.44500017166,5.75199985504,5.75400018692
4.75,4.44999980927,5.76000022888,5.76200008392
4.75,4.44999980927,5.76000022888,5.76200008392
4.75,4.44999980927,5.76000022888,5.76200008392
4.75,4.44999980927,5.76000022888,5.76200008392
4.75,4.44999980927,5.76000022888,5.76200008392
4.75,4.44999980927,5.76000022888,5.76200008392
10.7250003815,4.45100021362,5.757999897,5.75899982452
10.7250003815,4.45100021362,5.757999897,5.75899982452
10.7250003815,4.45100021362,5.757999897,5.75899982452
10.7250003815,4.45100021362,5.757999897,5.75899982452
10.7250003815,4.45100021362,5.757999897,5.75899982452
6.57299995422,4.45100021362,5.76300001144,5.76499986649
6.57299995422,4.45100021362,5.76300001144,5.76499986649
6.57299995422,4.45100021362,5.76300001144,5.76499986649
6.57299995422,4.45100021362,5.76300001144,5.76499986649
6.57299995422,4.45100021362,5.76300001144,5.76499986649
4.68400001526,4.45200014114,5.78100013733,5.78299999237
4.68400001526,4.45200014114,5.78100013733,5.78299999237
4.68400001526,4.45200014114,5.78100013733,5.78299999237
4.68400001526,4.45200014114,5.78100013733,5.78299999237
4.68400001526,4.45200014114,5.78100013733,5.78299999237
4.68400001526,4.45200014114,5.78100013733,5.78299999237
4.70100021362,4.44600009918,5.76499986649,5.76700019836
4.70100021362,4.44600009918,5.76499986649,5.76700019836
4.70100021362,4.44600009918,5.76499986649,5.76700019836
4.70100021362,4.44600009918,5.76499986649,5.76700019836
4.70100021362,4.44600009918,5.76499986649,5.76700019836
4.69600009918,4.4390001297,5.73299980164,5.73500013351
4.69600009918,4.4390001297,5.73299980164,5.73500013351
4.69600009918,4.4390001297,5.73299980164,5.73500013351
4.69600009918,4.4390001297,5.73299980164,5.73500013351
4.69600009918,4.4390001297,5.73299980164,5.73500013351
4.6970000267,4.4439997673,4.6779999733,4.67999982834
4.6970000267,4.4439997673,4.6779999733,4.67999982834
4.6970000267,4.4439997673,4.6779999733,4.67999982834
4.6970000267,4.4439997673,4.6779999733,4.67999982834
4.6970000267,4.4439997673,4.6779999733,4.67999982834
4.6970000267,4.4439997673,4.6779999733,4.67999982834
4.57999992371,4.45499992371,4.63700008392,4.63899993896
4.57999992371,4.45499992371,4.63700008392,4.63899993896
4.57999992371,4.45499992371,4.63700008392,4.63899993896
4.57999992371,4.45499992371,4.63700008392,4.63899993896
4.57999992371,4.45499992371,4.63700008392,4.63899993896
4.60599994659,4.46299982071,5.86100006104,5.86299991608
4.60599994659,4.46299982071,5.86100006104,5.86299991608
4.60599994659,4.46299982071,5.86100006104,5.86299991608
4.60599994659,4.46299982071,5.86100006104,5.86299991608
4.60599994659,4.46299982071,5.86100006104,5.86299991608
4.60599994659,4.46299982071,5.86100006104,5.86299991608
4.59600019455,4.46700000763,10.7250003815,10.7250003815
4.59600019455,4.46700000763,10.7250003815,10.7250003815
4.59600019455,4.46700000763,10.7250003815,10.7250003815
4.59600019455,4.46700000763,10.7250003815,10.7250003815
4.59600019455,4.46700000763,10.7250003815,10.7250003815
4.62699985504,4.46199989319,10.7250003815,10.7250003815
4.62699985504,4.46199989319,10.7250003815,10.7250003815
4.62699985504,4.46199989319,10.7250003815,10.7250003815
4.62699985504,4.46199989319,10.7250003815,10.7250003815
4.62699985504,4.46199989319,10.7250003815,10.7250003815
4.61600017548,4.46899986267,10.7250003815,10.7250003815
4.61600017548,4.46899986267,10.7250003815,10.7250003815
4.61600017548,4.46899986267,10.7250003815,10.7250003815
4.61600017548,4.46899986267,10.7250003815,10.7250003815
4.61600017548,4.46899986267,10.7250003815,10.7250003815
4.61600017548,4.46899986267,10.7250003815,10.7250003815
4.617000103,4.45800018311,10.7250003815,10.7250003815
4.617000103,4.45800018311,10.7250003815,10.7250003815
4.617000103,4.45800018311,10.7250003815,10.7250003815
4.617000103,4.45800018311,10.7250003815,10.7250003815
4.617000103,4.45800018311,10.7250003815,10.7250003815
4.60599994659,4.4439997673,4.59499979019,4.59000015259
4.60599994659,4.4439997673,4.59499979019,4.59000015259
4.60599994659,4.4439997673,4.59499979019,4.59000015259
4.60599994659,4.4439997673,4.59499979019,4.59000015259
4.60599994659,4.4439997673,4.59499979019,4.59000015259
4.57600021362,4.44500017166,4.72599983215,4.72100019455
4.57600021362,4.44500017166,4.72599983215,4.72100019455
4.57600021362,4.44500017166,4.72599983215,4.72100019455
4.57600021362,4.44500017166,4.72599983215,4.72100019455
4.57600021362,4.44500017166,4.72599983215,4.72100019455
4.57600021362,4.44500017166,4.72599983215,4.72100019455
4.58099985123,4.4439997673,5.82000017166,5.81500005722
4.58099985123,4.4439997673,5.82000017166,5.81500005722
4.58099985123,4.4439997673,5.82000017166,5.81500005722
4.58099985123,4.4439997673,5.82000017166,5.81500005722
4.58099985123,4.4439997673,5.82000017166,5.81500005722
4.60099983215,4.4390001297,5.75600004196,5.757999897
4.60099983215,4.4390001297,5.75600004196,5.757999897
4.60099983215,4.4390001297,5.75600004196,5.757999897
4.60099983215,4.4390001297,5.75600004196,5.757999897
4.60099983215,4.4390001297,5.75600004196,5.757999897
4.75,4.43800020218,5.74700021744,5.742000103
4.75,4.43800020218,5.74700021744,5.742000103
4.75,4.43800020218,5.74700021744,5.742000103
4.75,4.43800020218,5.74700021744,5.742000103
4.75,4.43800020218,5.74700021744,5.742000103
4.86499977112,4.43800020218,5.76599979401,5.76800012589
4.86499977112,4.43800020218,5.76599979401,5.76800012589
4.86499977112,4.43800020218,5.76599979401,5.76800012589
4.86499977112,4.43800020218,5.76599979401,5.76800012589
4.86499977112,4.43800020218,5.76599979401,5.76800012589
4.86499977112,4.43800020218,5.76599979401,5.76800012589
5.02299976349,4.4390001297,5.77899980545,5.77500009537
5.02299976349,4.4390001297,5.77899980545,5.77500009537
5.02299976349,4.4390001297,5.77899980545,5.77500009537
5.02299976349,4.4390001297,5.77899980545,5.77500009537
5.02299976349,4.4390001297,5.77899980545,5.77500009537
5.02299976349,4.4390001297,5.77899980545,5.77500009537
5.02299976349,4.4390001297,5.77899980545,5.77500009537
10.7250003815,4.4390001297,5.75899982452,5.7610001564
10.7250003815,4.4390001297,5.75899982452,5.7610001564
10.7250003815,4.4390001297,5.75899982452,5.7610001564
10.7250003815,4.4390001297,5.75899982452,5.7610001564
10.7250003815,4.4390001297,5.75899982452,5.7610001564
10.7250003815,4.4390001297,5.75899982452,5.7610001564
10.7250003815,4.4390001297,5.75899982452,5.7610001564
10.7250003815,4.4390001297,5.75899982452,5.7610001564
10.7250003815,4.4390001297,5.75899982452,5.7610001564
4.75199985504,4.4390001297,5.73099994659,5.73299980164
4.75199985504,4.4390001297,5.73099994659,5.73299980164
4.75199985504,4.4390001297,5.73099994659,5.73299980164
4.75199985504,4.4390001297,5.73099994659,5.73299980164
4.75199985504,4.4390001297,5.73099994659,5.73299980164
4.89699983597,4.44999980927,5.75,5.75199985504
4.89699983597,4.44999980927,5.75,5.75199985504
4.89699983597,4.44999980927,5.75,5.75199985504
4.89699983597,4.44999980927,5.75,5.75199985504
4.89699983597,4.44999980927,5.75,5.75199985504
4.89699983597,4.44999980927,5.75,5.75199985504
4.93499994278,4.44500017166,5.74700021744,5.742000103
4.93499994278,4.44500017166,5.74700021744,5.742000103
4.93499994278,4.44500017166,5.74700021744,5.742000103
4.93499994278,4.44500017166,5.74700021744,5.742000103
4.93499994278,4.44500017166,5.74700021744,5.742000103
4.90799999237,4.43800020218,5.72499990463,5.72700023651
4.90799999237,4.43800020218,5.72499990463,5.72700023651
4.90799999237,4.43800020218,5.72499990463,5.72700023651
4.90799999237,4.43800020218,5.72499990463,5.72700023651
4.90799999237,4.43800020218,5.72499990463,5.72700023651
4.59100008011,4.43200016022,5.71500015259,5.71700000763
4.59100008011,4.43200016022,5.71500015259,5.71700000763
4.59100008011,4.43200016022,5.71500015259,5.71700000763
4.59100008011,4.43200016022,5.71500015259,5.71700000763
4.59100008011,4.43200016022,5.71500015259,5.71700000763
4.59100008011,4.43200016022,5.71500015259,5.71700000763
4.85400009155,4.4390001297,5.75199985504,5.74700021744
4.85400009155,4.4390001297,5.75199985504,5.74700021744
4.85400009155,4.4390001297,5.75199985504,5.74700021744
4.85400009155,4.4390001297,5.75199985504,5.74700021744
4.85400009155,4.4390001297,5.75199985504,5.74700021744
4.81699991226,4.4439997673,5.77099990845,5.77299976349
4.81699991226,4.4439997673,5.77099990845,5.77299976349
4.81699991226,4.4439997673,5.77099990845,5.77299976349
4.81699991226,4.4439997673,5.77099990845,5.77299976349
4.81699991226,4.4439997673,5.77099990845,5.77299976349
10.7250003815,4.44000005722,4.71000003815,4.70499992371
10.7250003815,4.44000005722,4.71000003815,4.70499992371
10.7250003815,4.44000005722,4.71000003815,4.70499992371
10.7250003815,4.44000005722,4.71000003815,4.70499992371
10.7250003815,4.44000005722,4.71000003815,4.70499992371
4.57600021362,4.43300008774,4.70100021362,4.70300006866
4.57600021362,4.43300008774,4.70100021362,4.70300006866
4.57600021362,4.43300008774,4.70100021362,4.70300006866
4.57600021362,4.43300008774,4.70100021362,4.70300006866
4.57600021362,4.43300008774,4.70100021362,4.70300006866
4.57600021362,4.43300008774,4.70100021362,4.70300006866
4.54500007629,4.43200016022,4.78800010681,4.78299999237
4.54500007629,4.43200016022,4.78800010681,4.78299999237
4.54500007629,4.43200016022,4.78800010681,4.78299999237
4.54500007629,4.43200016022,4.78800010681,4.78299999237
4.54500007629,4.43200016022,4.78800010681,4.78299999237
4.58199977875,4.44500017166,10.7250003815,10.7250003815
4.58199977875,4.44500017166,10.7250003815,10.7250003815
4.58199977875,4.44500017166,10.7250003815,10.7250003815
4.58199977875,4.44500017166,10.7250003815,10.7250003815
4.58199977875,4.44500017166,10.7250003815,10.7250003815
4.65399980545,4.44500017166,4.72399997711,4.72599983215
4.65399980545,4.44500017166,4.72399997711,4.72599983215
4.65399980545,4.44500017166,4.72399997711,4.72599983215
4.65399980545,4.44500017166,4.72399997711,4.72599983215
4.65399980545,4.44500017166,4.72399997711,4.72599983215
4.65399980545,4.44500017166,4.72399997711,4.72599983215
4.84000015259,4.44999980927,4.60599994659,4.60799980164
4.84000015259,4.44999980927,4.60599994659,4.60799980164
4.84000015259,4.44999980927,4.60599994659,4.60799980164
4.84000015259,4.44999980927,4.60599994659,4.60799980164
4.84000015259,4.44999980927,4.60599994659,4.60799980164
4.76000022888,4.44500017166,4.57499980927,4.57600021362
4.76000022888,4.44500017166,4.57499980927,4.57600021362
4.76000022888,4.44500017166,4.57499980927,4.57600021362
4.76000022888,4.44500017166,4.57499980927,4.57600021362
4.76000022888,4.44500017166,4.57499980927,4.57600021362
4.80900001526,4.44999980927,4.59200000763,4.59399986267
4.80900001526,4.44999980927,4.59200000763,4.59399986267
4.80900001526,4.44999980927,4.59200000763,4.59399986267
4.80900001526,4.44999980927,4.59200000763,4.59399986267
4.80900001526,4.44999980927,4.59200000763,4.59399986267
4.80900001526,4.44999980927,4.59200000763,4.59399986267
10.7250003815,4.47399997711,4.60400009155,4.60500001907
10.7250003815,4.47399997711,4.60400009155,4.60500001907
10.7250003815,4.47399997711,4.60400009155,4.60500001907
10.7250003815,4.47399997711,4.60400009155,4.60500001907
10.7250003815,4.47399997711,4.60400009155,4.60500001907
10.7250003815,4.47599983215,4.61800003052,4.61999988556
10.7250003815,4.47599983215,4.61800003052,4.61999988556
10.7250003815,4.47599983215,4.61800003052,4.61999988556
10.7250003815,4.47599983215,4.61800003052,4.61999988556
10.7250003815,4.47599983215,4.61800003052,4.61999988556
4.73199987411,4.47599983215,10.7250003815,10.7250003815
4.73199987411,4.47599983215,10.7250003815,10.7250003815
4.73199987411,4.47599983215,10.7250003815,10.7250003815
4.73199987411,4.47599983215,10.7250003815,10.7250003815
4.73199987411,4.47599983215,10.7250003815,10.7250003815
4.73199987411,4.47599983215,10.7250003815,10.7250003815
4.63500022888,4.47399997711,10.7250003815,10.7250003815
4.63500022888,4.47399997711,10.7250003815,10.7250003815
4.63500022888,4.47399997711,10.7250003815,10.7250003815
4.63500022888,4.47399997711,10.7250003815,10.7250003815
4.63500022888,4.47399997711,10.7250003815,10.7250003815
4.68400001526,4.492000103,4.76599979401,4.76800012589
4.68400001526,4.492000103,4.76599979401,4.76800012589
4.68400001526,4.492000103,4.76599979401,4.76800012589
4.68400001526,4.492000103,4.76599979401,4.76800012589
4.68400001526,4.492000103,4.76599979401,4.76800012589
4.69000005722,4.492000103,4.71000003815,4.70499992371
4.69000005722,4.492000103,4.71000003815,4.70499992371
4.69000005722,4.492000103,4.71000003815,4.70499992371
4.69000005722,4.492000103,4.71000003815,4.70499992371
4.69000005722,4.492000103,4.71000003815,4.70499992371
4.69000005722,4.492000103,4.71000003815,4.70499992371
4.65299987793,4.492000103,4.69199991226,4.6939997673
4.65299987793,4.492000103,4.69199991226,4.6939997673
4.65299987793,4.492000103,4.69199991226,4.6939997673
4.65299987793,4.492000103,4.69199991226,4.6939997673
4.65299987793,4.492000103,4.69199991226,4.6939997673
4.73400020599,4.48500013351,4.6779999733,4.67899990082
4.73400020599,4.48500013351,4.6779999733,4.67899990082
4.73400020599,4.48500013351,4.6779999733,4.67899990082
4.73400020599,4.48500013351,4.6779999733,4.67899990082
4.73400020599,4.48500013351,4.6779999733,4.67899990082
4.74800014496,4.48000001907,4.68300008774,4.68499994278
4.74800014496,4.48000001907,4.68300008774,4.68499994278
4.74800014496,4.48000001907,4.68300008774,4.68499994278
4.74800014496,4.48000001907,4.68300008774,4.68499994278
4.74800014496,4.48000001907,4.68300008774,4.68499994278
4.74800014496,4.48000001907,4.68300008774,4.68499994278
4.77199983597,4.49300003052,4.70699977875,4.70900011063
4.77199983597,4.49300003052,4.70699977875,4.70900011063
4.77199983597,4.49300003052,4.70699977875,4.70900011063
4.77199983597,4.49300003052,4.70699977875,4.70900011063
4.77199983597,4.49300003052,4.70699977875,4.70900011063
4.76499986649,4.48799991608,4.69600009918,4.69799995422
4.76499986649,4.48799991608,4.69600009918,4.69799995422
4.76499986649,4.48799991608,4.69600009918,4.69799995422
4.76499986649,4.48799991608,4.69600009918,4.69799995422
4.76499986649,4.48799991608,4.69600009918,4.69799995422
4.73400020599,4.48199987411,4.69099998474,4.69199991226
4.73400020599,4.48199987411,4.69099998474,4.69199991226
4.73400020599,4.48199987411,4.69099998474,4.69199991226
4.73400020599,4.48199987411,4.69099998474,4.69199991226
4.73400020599,4.48199987411,4.69099998474,4.69199991226
4.73400020599,4.48199987411,4.69099998474,4.69199991226
4.72300004959,4.47499990463,4.67299985886,4.67500019073
4.72300004959,4.47499990463,4.67299985886,4.67500019073
4.72300004959,4.47499990463,4.67299985886,4.67500019073
4.72300004959,4.47499990463,4.67299985886,4.67500019073
4.72300004959,4.47499990463,4.67299985886,4.67500019073
4.72700023651,4.49800014496,4.6970000267,4.69799995422
4.72700023651,4.49800014496,4.6970000267,4.69799995422
4.72700023651,4.49800014496,4.6970000267,4.69799995422
4.72700023651,4.49800014496,4.6970000267,4.69799995422
4.72700023651,4.49800014496,4.6970000267,4.69799995422
4.72100019455,4.49800014496,4.6970000267,4.69899988174
4.72100019455,4.49800014496,4.6970000267,4.69899988174
4.72100019455,4.49800014496,4.6970000267,4.69899988174
4.72100019455,4.49800014496,4.6970000267,4.69899988174
4.72100019455,4.49800014496,4.6970000267,4.69899988174
4.70900011063,4.492000103,4.67899990082,4.67399978638
4.70900011063,4.492000103,4.67899990082,4.67399978638
4.70900011063,4.492000103,4.67899990082,4.67399978638
4.70900011063,4.492000103,4.67899990082,4.67399978638
4.70900011063,4.492000103,4.67899990082,4.67399978638
4.70900011063,4.492000103,4.67899990082,4.67399978638
4.68400001526,4.47300004959,4.67199993134,4.66699981689
4.68400001526,4.47300004959,4.67199993134,4.66699981689
4.68400001526,4.47300004959,4.67199993134,4.66699981689
4.68400001526,4.47300004959,4.67199993134,4.66699981689
4.68400001526,4.47300004959,4.67199993134,4.66699981689
4.70900011063,4.48099994659,4.69500017166,4.6970000267
4.70900011063,4.48099994659,4.69500017166,4.6970000267
4.70900011063,4.48099994659,4.69500017166,4.6970000267
4.70900011063,4.48099994659,4.69500017166,4.6970000267
4.70900011063,4.48099994659,4.69500017166,4.6970000267
4.70800018311,4.48199987411,4.70300006866,4.70499992371
4.70800018311,4.48199987411,4.70300006866,4.70499992371
4.70800018311,4.48199987411,4.70300006866,4.70499992371
4.70800018311,4.48199987411,4.70300006866,4.70499992371
4.70800018311,4.48199987411,4.70300006866,4.70499992371
4.70800018311,4.48199987411,4.70300006866,4.70499992371
4.6970000267,4.48199987411,4.68499994278,4.68699979782
4.6970000267,4.48199987411,4.68499994278,4.68699979782
4.6970000267,4.48199987411,4.68499994278,4.68699979782
4.6970000267,4.48199987411,4.68499994278,4.68699979782
4.6970000267,4.48199987411,4.68499994278,4.68699979782
4.69099998474,4.48000001907,4.66699981689,4.66900014877
4.69099998474,4.48000001907,4.66699981689,4.66900014877
4.69099998474,4.48000001907,4.66699981689,4.66900014877
4.69099998474,4.48000001907,4.66699981689,4.66900014877
4.69099998474,4.48000001907,4.66699981689,4.66900014877
4.89599990845,4.48099994659,4.66699981689,4.66900014877
4.89599990845,4.48099994659,4.66699981689,4.66900014877
4.89599990845,4.48099994659,4.66699981689,4.66900014877
4.89599990845,4.48099994659,4.66699981689,4.66900014877
4.89599990845,4.48099994659,4.66699981689,4.66900014877
4.89599990845,4.48099994659,4.66699981689,4.66900014877
4.81599998474,4.48500013351,4.69000005722,4.69199991226
4.81599998474,4.48500013351,4.69000005722,4.69199991226
4.81599998474,4.48500013351,4.69000005722,4.69199991226
4.81599998474,4.48500013351,4.69000005722,4.69199991226
4.81599998474,4.48500013351,4.69000005722,4.69199991226
4.84000015259,4.46899986267,4.73400020599,4.73500013351
4.84000015259,4.46899986267,4.73400020599,4.73500013351
4.84000015259,4.46899986267,4.73400020599,4.73500013351
4.84000015259,4.46899986267,4.73400020599,4.73500013351
4.84000015259,4.46899986267,4.73400020599,4.73500013351
4.84000015259,4.46899986267,4.73400020599,4.73500013351
10.7250003815,4.44999980927,4.5560002327,4.55800008774
10.7250003815,4.44999980927,4.5560002327,4.55800008774
10.7250003815,4.44999980927,4.5560002327,4.55800008774
10.7250003815,4.44999980927,4.5560002327,4.55800008774
4.57399988174,4.4390001297,4.625,4.62699985504
4.57399988174,4.4390001297,4.625,4.62699985504
4.57399988174,4.4390001297,4.625,4.62699985504
4.57399988174,4.4390001297,4.625,4.62699985504
4.57399988174,4.4390001297,4.625,4.62699985504
4.57399988174,4.4390001297,4.625,4.62699985504
4.58500003815,4.4439997673,10.7250003815,10.7250003815
4.58500003815,4.4439997673,10.7250003815,10.7250003815
4.58500003815,4.4439997673,10.7250003815,10.7250003815
4.58500003815,4.4439997673,10.7250003815,10.7250003815
4.58500003815,4.4439997673,10.7250003815,10.7250003815
4.58099985123,4.44000005722,5.78000020981,5.78100013733
4.58099985123,4.44000005722,5.78000020981,5.78100013733
4.58099985123,4.44000005722,5.78000020981,5.78100013733
4.58099985123,4.44000005722,5.78000020981,5.78100013733
4.58099985123,4.44000005722,5.78000020981,5.78100013733
4.59399986267,4.43300008774,5.757999897,5.75899982452
4.59399986267,4.43300008774,5.757999897,5.75899982452
4.59399986267,4.43300008774,5.757999897,5.75899982452
4.59399986267,4.43300008774,5.757999897,5.75899982452
4.59399986267,4.43300008774,5.757999897,5.75899982452
4.59399986267,4.43300008774,5.757999897,5.75899982452
4.61100006104,4.43800020218,5.77699995041,5.77899980545
4.61100006104,4.43800020218,5.77699995041,5.77899980545
4.61100006104,4.43800020218,5.77699995041,5.77899980545
4.61100006104,4.43800020218,5.77699995041,5.77899980545
4.61100006104,4.43800020218,5.77699995041,5.77899980545
4.81799983978,4.43300008774,5.84100008011,5.84299993515
4.81799983978,4.43300008774,5.84100008011,5.84299993515
4.81799983978,4.43300008774,5.84100008011,5.84299993515
4.81799983978,4.43300008774,5.84100008011,5.84299993515
4.81799983978,4.43300008774,5.84100008011,5.84299993515
4.81799983978,4.43300008774,5.84100008011,5.84299993515
4.70200014114,4.43200016022,5.79099988937,5.78599977493
4.70200014114,4.43200016022,5.79099988937,5.78599977493
4.70200014114,4.43200016022,5.79099988937,5.78599977493
4.70200014114,4.43200016022,5.79099988937,5.78599977493
4.70200014114,4.43200016022,5.79099988937,5.78599977493
4.75600004196,4.43200016022,5.80499982834,5.80700016022
4.75600004196,4.43200016022,5.80499982834,5.80700016022
4.75600004196,4.43200016022,5.80499982834,5.80700016022
4.75600004196,4.43200016022,5.80499982834,5.80700016022
4.75600004196,4.43200016022,5.80499982834,5.80700016022
4.59800004959,4.43300008774,10.7250003815,10.7250003815
4.59800004959,4.43300008774,10.7250003815,10.7250003815
4.59800004959,4.43300008774,10.7250003815,10.7250003815
4.59800004959,4.43300008774,10.7250003815,10.7250003815
4.59800004959,4.43300008774,10.7250003815,10.7250003815
4.59800004959,4.43300008774,10.7250003815,10.7250003815
4.5609998703,4.42600011826,5.73299980164,5.73500013351
4.5609998703,4.42600011826,5.73299980164,5.73500013351
4.5609998703,4.42600011826,5.73299980164,5.73500013351
4.5609998703,4.42600011826,5.73299980164,5.73500013351
4.5609998703,4.42600011826,5.73299980164,5.73500013351
4.73299980164,4.43499994278,10.7250003815,10.7250003815
4.73299980164,4.43499994278,10.7250003815,10.7250003815
4.73299980164,4.43499994278,10.7250003815,10.7250003815
4.73299980164,4.43499994278,10.7250003815,10.7250003815
4.73299980164,4.43499994278,10.7250003815,10.7250003815
4.53900003433,4.44099998474,5.75299978256,5.75500011444
4.53900003433,4.44099998474,5.75299978256,5.75500011444
4.53900003433,4.44099998474,5.75299978256,5.75500011444
4.53900003433,4.44099998474,5.75299978256,5.75500011444
4.53900003433,4.44099998474,5.75299978256,5.75500011444
4.53900003433,4.44099998474,5.75299978256,5.75500011444
4.55200004578,4.4390001297,5.77500009537,5.77600002289
4.55200004578,4.4390001297,5.77500009537,5.77600002289
4.55200004578,4.4390001297,5.77500009537,5.77600002289
4.55200004578,4.4390001297,5.77500009537,5.77600002289
4.55200004578,4.4390001297,5.77500009537,5.77600002289
4.58099985123,4.43200016022,4.94999980927,4.95100021362
4.58099985123,4.43200016022,4.94999980927,4.95100021362
4.58099985123,4.43200016022,4.94999980927,4.95100021362
4.58099985123,4.43200016022,4.94999980927,4.95100021362
4.58099985123,4.43200016022,4.94999980927,4.95100021362
4.6360001564,4.4390001297,6.02600002289,6.02799987793
4.6360001564,4.4390001297,6.02600002289,6.02799987793
4.6360001564,4.4390001297,6.02600002289,6.02799987793
4.6360001564,4.4390001297,6.02600002289,6.02799987793
4.6360001564,4.4390001297,6.02600002289,6.02799987793
4.61199998856,4.4390001297,4.92299985886,4.92500019073
4.61199998856,4.4390001297,4.92299985886,4.92500019073
4.61199998856,4.4390001297,4.92299985886,4.92500019073
4.61199998856,4.4390001297,4.92299985886,4.92500019073
4.61199998856,4.4390001297,4.92299985886,4.92500019073
4.61199998856,4.4390001297,4.92299985886,4.92500019073
4.56799983978,4.4390001297,5.7610001564,5.75600004196
4.56799983978,4.4390001297,5.7610001564,5.75600004196
4.56799983978,4.4390001297,5.7610001564,5.75600004196
4.56799983978,4.4390001297,5.7610001564,5.75600004196
4.56799983978,4.4390001297,5.7610001564,5.75600004196
4.48299980164,4.43200016022,4.73999977112,4.742000103
4.48299980164,4.43200016022,4.73999977112,4.742000103
4.48299980164,4.43200016022,4.73999977112,4.742000103
4.48299980164,4.43200016022,4.73999977112,4.742000103
4.48299980164,4.43200016022,4.73999977112,4.742000103
4.48299980164,4.43200016022,4.73999977112,4.742000103
4.54300022125,4.4439997673,4.67399978638,4.67600011826
4.54300022125,4.4439997673,4.67399978638,4.67600011826
4.54300022125,4.4439997673,4.67399978638,4.67600011826
4.54300022125,4.4439997673,4.67399978638,4.67600011826
4.54300022125,4.4439997673,4.67399978638,4.67600011826
4.61199998856,4.44000005722,4.70599985123,4.70800018311
4.61199998856,4.44000005722,4.70599985123,4.70800018311
4.61199998856,4.44000005722,4.70599985123,4.70800018311
4.61199998856,4.44000005722,4.70599985123,4.70800018311
4.61199998856,4.44000005722,4.70599985123,4.70800018311
4.55100011826,4.43800020218,10.7250003815,10.7250003815
4.55100011826,4.43800020218,10.7250003815,10.7250003815
4.55100011826,4.43800020218,10.7250003815,10.7250003815
4.55100011826,4.43800020218,10.7250003815,10.7250003815
4.55100011826,4.43800020218,10.7250003815,10.7250003815
4.57000017166,4.43300008774,10.7250003815,10.7250003815
4.57000017166,4.43300008774,10.7250003815,10.7250003815
4.57000017166,4.43300008774,10.7250003815,10.7250003815
4.57000017166,4.43300008774,10.7250003815,10.7250003815
4.57000017166,4.43300008774,10.7250003815,10.7250003815
4.57000017166,4.43300008774,10.7250003815,10.7250003815
4.51999998093,4.4279999733,4.63500022888,4.63700008392
4.51999998093,4.4279999733,4.63500022888,4.63700008392
4.51999998093,4.4279999733,4.63500022888,4.63700008392
4.51999998093,4.4279999733,4.63500022888,4.63700008392
4.51999998093,4.4279999733,4.63500022888,4.63700008392
4.49599981308,4.42100000381,4.54099988937,4.54300022125
4.49599981308,4.42100000381,4.54099988937,4.54300022125
4.49599981308,4.42100000381,4.54099988937,4.54300022125
4.49599981308,4.42100000381,4.54099988937,4.54300022125
4.49599981308,4.42100000381,4.54099988937,4.54300022125
4.53100013733,4.42600011826,4.53900003433,4.53399991989
4.53100013733,4.42600011826,4.53900003433,4.53399991989
4.53100013733,4.42600011826,4.53900003433,4.53399991989
4.53100013733,4.42600011826,4.53900003433,4.53399991989
4.53100013733,4.42600011826,4.53900003433,4.53399991989
4.53100013733,4.42600011826,4.53900003433,4.53399991989
4.60200023651,4.42700004578,4.53299999237,4.53499984741
4.60200023651,4.42700004578,4.53299999237,4.53499984741
4.60200023651,4.42700004578,4.53299999237,4.53499984741
4.60200023651,4.42700004578,4.53299999237,4.53499984741
4.60200023651,4.42700004578,4.53299999237,4.53499984741
4.71000003815,4.42700004578,4.55100011826,4.5529999733
4.71000003815,4.42700004578,4.55100011826,4.5529999733
4.71000003815,4.42700004578,4.55100011826,4.5529999733
4.71000003815,4.42700004578,4.55100011826,4.5529999733
4.71000003815,4.42700004578,4.55100011826,4.5529999733
4.71000003815,4.42700004578,4.55100011826,4.5529999733
4.5560002327,4.42700004578,4.55700016022,4.55900001526
4.5560002327,4.42700004578,4.55700016022,4.55900001526
4.5560002327,4.42700004578,4.55700016022,4.55900001526
4.5560002327,4.42700004578,4.55700016022,4.55900001526
4.5560002327,4.42700004578,4.55700016022,4.55900001526
4.61999988556,4.42600011826,4.5640001297,4.56599998474
4.61999988556,4.42600011826,4.5640001297,4.56599998474
4.61999988556,4.42600011826,4.5640001297,4.56599998474
4.61999988556,4.42600011826,4.5640001297,4.56599998474
4.61999988556,4.42600011826,4.5640001297,4.56599998474
10.7250003815,4.42100000381,4.57100009918,4.57299995422
10.7250003815,4.42100000381,4.57100009918,4.57299995422
10.7250003815,4.42100000381,4.57100009918,4.57299995422
10.7250003815,4.42100000381,4.57100009918,4.57299995422
10.7250003815,4.42100000381,4.57100009918,4.57299995422
10.7250003815,4.42100000381,4.57100009918,4.57299995422
4.78299999237,4.42600011826,4.61899995804,4.62099981308
4.78299999237,4.42600011826,4.61899995804,4.62099981308
4.78299999237,4.42600011826,4.61899995804,4.62099981308
4.78299999237,4.42600011826,4.61899995804,4.62099981308
4.78299999237,4.42600011826,4.61899995804,4.62099981308
10.7250003815,4.43800020218,10.7250003815,10.7250003815
10.7250003815,4.43800020218,10.7250003815,10.7250003815
10.7250003815,4.43800020218,10.7250003815,10.7250003815
10.7250003815,4.43800020218,10.7250003815,10.7250003815
10.7250003815,4.43800020218,10.7250003815,10.7250003815
10.7250003815,4.4439997673,4.98299980164,4.98500013351
10.7250003815,4.4439997673,4.98299980164,4.98500013351
10.7250003815,4.4439997673,4.98299980164,4.98500013351
10.7250003815,4.4439997673,4.98299980164,4.98500013351
10.7250003815,4.4439997673,4.98299980164,4.98500013351
10.7250003815,4.4439997673,4.98299980164,4.98500013351
10.7250003815,4.4439997673,4.76399993896,4.76599979401
10.7250003815,4.4439997673,4.76399993896,4.76599979401
10.7250003815,4.4439997673,4.76399993896,4.76599979401
10.7250003815,4.4439997673,4.76399993896,4.76599979401
10.7250003815,4.4439997673,4.76399993896,4.76599979401
10.7250003815,4.4439997673,4.70900011063,4.71099996567
10.7250003815,4.4439997673,4.70900011063,4.71099996567
10.7250003815,4.4439997673,4.70900011063,4.71099996567
10.7250003815,4.4439997673,4.70900011063,4.71099996567
10.7250003815,4.4439997673,4.70900011063,4.71099996567
4.54199981689,4.4439997673,10.7250003815,10.7250003815
4.54199981689,4.4439997673,10.7250003815,10.7250003815
4.54199981689,4.4439997673,10.7250003815,10.7250003815
4.54199981689,4.4439997673,10.7250003815,10.7250003815
4.54199981689,4.4439997673,10.7250003815,10.7250003815
4.54199981689,4.4439997673,10.7250003815,10.7250003815
4.50199985504,4.44600009918,4.70200014114,4.70399999619
4.50199985504,4.44600009918,4.70200014114,4.70399999619
4.50199985504,4.44600009918,4.70200014114,4.70399999619
4.50199985504,4.44600009918,4.70200014114,4.70399999619
4.50199985504,4.44600009918,4.70200014114,4.70399999619
4.48999977112,4.45800018311,4.72100019455,4.72200012207
4.48999977112,4.45800018311,4.72100019455,4.72200012207
4.48999977112,4.45800018311,4.72100019455,4.72200012207
4.48999977112,4.45800018311,4.72100019455,4.72200012207
4.48999977112,4.45800018311,4.72100019455,4.72200012207
4.4889998436,4.46700000763,4.80100011826,4.79500007629
4.4889998436,4.46700000763,4.80100011826,4.79500007629
4.4889998436,4.46700000763,4.80100011826,4.79500007629
4.4889998436,4.46700000763,4.80100011826,4.79500007629
4.4889998436,4.46700000763,4.80100011826,4.79500007629
4.4889998436,4.46700000763,4.80100011826,4.79500007629
4.49399995804,4.46799993515,4.75199985504,4.74700021744
4.49399995804,4.46799993515,4.75199985504,4.74700021744
4.49399995804,4.46799993515,4.75199985504,4.74700021744
4.49399995804,4.46799993515,4.75199985504,4.74700021744
4.49399995804,4.46799993515,4.75199985504,4.74700021744
4.48199987411,4.46199989319,4.62799978256,4.62900018692
4.48199987411,4.46199989319,4.62799978256,4.62900018692
4.48199987411,4.46199989319,4.62799978256,4.62900018692
4.48199987411,4.46199989319,4.62799978256,4.62900018692
4.48199987411,4.46199989319,4.62799978256,4.62900018692
4.48299980164,4.46299982071,4.59600019455,4.59700012207
4.48299980164,4.46299982071,4.59600019455,4.59700012207
4.48299980164,4.46299982071,4.59600019455,4.59700012207
4.48299980164,4.46299982071,4.59600019455,4.59700012207
4.48299980164,4.46299982071,4.59600019455,4.59700012207
4.48299980164,4.46299982071,4.59600019455,4.59700012207
4.49399995804,4.47399997711,4.57600021362,4.57800006866
4.49399995804,4.47399997711,4.57600021362,4.57800006866
4.49399995804,4.47399997711,4.57600021362,4.57800006866
4.49399995804,4.47399997711,4.57600021362,4.57800006866
4.49399995804,4.47399997711,4.57600021362,4.57800006866
4.49300003052,4.46700000763,4.56300020218,4.55800008774
4.49300003052,4.46700000763,4.56300020218,4.55800008774
4.49300003052,4.46700000763,4.56300020218,4.55800008774
4.49300003052,4.46700000763,4.56300020218,4.55800008774
4.49300003052,4.46700000763,4.56300020218,4.55800008774
4.49399995804,4.46199989319,4.54500007629,4.54699993134
4.49399995804,4.46199989319,4.54500007629,4.54699993134
4.49399995804,4.46199989319,4.54500007629,4.54699993134
4.49399995804,4.46199989319,4.54500007629,4.54699993134
4.49399995804,4.46199989319,4.54500007629,4.54699993134
4.49399995804,4.46199989319,4.54500007629,4.54699993134
4.48999977112,4.46400022507,4.53499984741,4.53599977493
4.48999977112,4.46400022507,4.53499984741,4.53599977493
4.48999977112,4.46400022507,4.53499984741,4.53599977493
4.48999977112,4.46400022507,4.53499984741,4.53599977493
4.48999977112,4.46400022507,4.53499984741,4.53599977493
4.48999977112,4.48199987411,4.54799985886,4.54199981689
4.48999977112,4.48199987411,4.54799985886,4.54199981689
4.48999977112,4.48199987411,4.54799985886,4.54199981689
4.48999977112,4.48199987411,4.54799985886,4.54199981689
4.48999977112,4.48199987411,4.54799985886,4.54199981689
4.507999897,4.5,4.54699993134,4.54799985886
4.507999897,4.5,4.54699993134,4.54799985886
4.507999897,4.5,4.54699993134,4.54799985886
4.507999897,4.5,4.54699993134,4.54799985886
4.507999897,4.5,4.54699993134,4.54799985886
4.507999897,4.5,4.54699993134,4.54799985886
4.5,4.49800014496,4.55900001526,4.5609998703
4.5,4.49800014496,4.55900001526,4.5609998703
4.5,4.49800014496,4.55900001526,4.5609998703
4.5,4.49800014496,4.55900001526,4.5609998703
4.5,4.49800014496,4.55900001526,4.5609998703
4.48799991608,4.49300003052,4.5640001297,4.56599998474
4.48799991608,4.49300003052,4.5640001297,4.56599998474
4.48799991608,4.49300003052,4.5640001297,4.56599998474
4.48799991608,4.49300003052,4.5640001297,4.56599998474
4.48799991608,4.49300003052,4.5640001297,4.56599998474
4.48099994659,4.49800014496,4.59399986267,4.58900022507
4.48099994659,4.49800014496,4.59399986267,4.58900022507
4.48099994659,4.49800014496,4.59399986267,4.58900022507
4.48099994659,4.49800014496,4.59399986267,4.58900022507
4.48099994659,4.49800014496,4.59399986267,4.58900022507
4.48099994659,4.49800014496,4.59399986267,4.58900022507
4.48799991608,4.52299976349,4.64400005341,4.63899993896
4.48799991608,4.52299976349,4.64400005341,4.63899993896
4.48799991608,4.52299976349,4.64400005341,4.63899993896
4.48799991608,4.52299976349,4.64400005341,4.63899993896
4.48799991608,4.52299976349,4.64400005341,4.63899993896
4.48199987411,4.52299976349,4.63199996948,4.62699985504
4.48199987411,4.52299976349,4.63199996948,4.62699985504
4.48199987411,4.52299976349,4.63199996948,4.62699985504
4.48199987411,4.52299976349,4.63199996948,4.62699985504
4.48199987411,4.52299976349,4.63199996948,4.62699985504
4.47100019455,4.52400016785,4.60200023651,4.60400009155
4.47100019455,4.52400016785,4.60200023651,4.60400009155
4.47100019455,4.52400016785,4.60200023651,4.60400009155
4.47100019455,4.52400016785,4.60200023651,4.60400009155
4.47100019455,4.52400016785,4.60200023651,4.60400009155
4.46600008011,4.57999992371,4.61999988556,4.62200021744
4.46600008011,4.57999992371,4.61999988556,4.62200021744
4.46600008011,4.57999992371,4.61999988556,4.62200021744
4.46600008011,4.57999992371,4.61999988556,4.62200021744
4.46600008011,4.57999992371,4.61999988556,4.62200021744
4.46600008011,4.57999992371,4.61999988556,4.62200021744
4.46999979019,10.7250003815,4.61299991608,4.60799980164
4.46999979019,10.7250003815,4.61299991608,4.60799980164
4.46999979019,10.7250003815,4.61299991608,4.60799980164
4.46999979019,10.7250003815,4.61299991608,4.60799980164
4.46999979019,10.7250003815,4.61299991608,4.60799980164
4.46899986267,4.58400011063,4.60599994659,4.60799980164
4.46899986267,4.58400011063,4.60599994659,4.60799980164
4.46899986267,4.58400011063,4.60599994659,4.60799980164
4.46899986267,4.58400011063,4.60599994659,4.60799980164
4.46899986267,4.58400011063,4.60599994659,4.60799980164
4.46899986267,4.58400011063,4.60599994659,4.60799980164
4.45699977875,4.55399990082,4.58900022507,4.59000015259
4.45699977875,4.55399990082,4.58900022507,4.59000015259
4.45699977875,4.55399990082,4.58900022507,4.59000015259
4.45699977875,4.55399990082,4.58900022507,4.59000015259
4.45699977875,4.55399990082,4.58900022507,4.59000015259
4.45800018311,4.57800006866,4.58799982071,4.58300018311
4.45800018311,4.57800006866,4.58799982071,4.58300018311
4.45800018311,4.57800006866,4.58799982071,4.58300018311
4.45800018311,4.57800006866,4.58799982071,4.58300018311
4.45800018311,4.57800006866,4.58799982071,4.58300018311
4.46400022507,10.7250003815,4.60500001907,4.59999990463
4.46400022507,10.7250003815,4.60500001907,4.59999990463
4.46400022507,10.7250003815,4.60500001907,4.59999990463
4.46400022507,10.7250003815,4.60500001907,4.59999990463
4.46400022507,10.7250003815,4.60500001907,4.59999990463
4.46400022507,10.7250003815,4.62300014496,4.61800003052
4.46400022507,10.7250003815,4.62300014496,4.61800003052
4.46400022507,10.7250003815,4.62300014496,4.61800003052
4.46400022507,10.7250003815,4.62300014496,4.61800003052
4.46400022507,10.7250003815,4.62300014496,4.61800003052
4.46400022507,10.7250003815,4.62300014496,4.61800003052
4.46299982071,10.7250003815,4.59800004959,4.59999990463
4.46299982071,10.7250003815,4.59800004959,4.59999990463
4.46299982071,10.7250003815,4.59800004959,4.59999990463
4.46299982071,10.7250003815,4.59800004959,4.59999990463
4.46299982071,10.7250003815,4.59800004959,4.59999990463
4.46000003815,4.58599996567,4.58199977875,4.58400011063
4.46000003815,4.58599996567,4.58199977875,4.58400011063
4.46000003815,4.58599996567,4.58199977875,4.58400011063
4.46000003815,4.58599996567,4.58199977875,4.58400011063
4.46000003815,4.58599996567,4.58199977875,4.58400011063
4.47100019455,4.66599988937,4.61100006104,4.61299991608
4.47100019455,4.66599988937,4.61100006104,4.61299991608
4.47100019455,4.66599988937,4.61100006104,4.61299991608
4.47100019455,4.66599988937,4.61100006104,4.61299991608
4.47100019455,4.66599988937,4.61100006104,4.61299991608
4.47100019455,4.66599988937,4.61100006104,4.61299991608
4.47499990463,4.58500003815,4.60599994659,4.60799980164
4.47499990463,4.58500003815,4.60599994659,4.60799980164
4.47499990463,4.58500003815,4.60599994659,4.60799980164
4.47499990463,4.58500003815,4.60599994659,4.60799980164
4.47499990463,4.58500003815,4.60599994659,4.60799980164
4.48799991608,4.55499982834,4.59600019455,4.59100008011
4.48799991608,4.55499982834,4.59600019455,4.59100008011
4.48799991608,4.55499982834,4.59600019455,4.59100008011
4.48799991608,4.55499982834,4.59600019455,4.59100008011
4.48799991608,4.55499982834,4.59600019455,4.59100008011
4.48099994659,4.51599979401,4.68800020218,4.69000005722
4.48099994659,4.51599979401,4.68800020218,4.69000005722
4.48099994659,4.51599979401,4.68800020218,4.69000005722
4.48099994659,4.51599979401,4.68800020218,4.69000005722
4.48099994659,4.51599979401,4.68800020218,4.69000005722
4.48099994659,4.51599979401,4.68800020218,4.69000005722
4.49300003052,4.52799987793,4.65100002289,4.65299987793
4.49300003052,4.52799987793,4.65100002289,4.65299987793
4.49300003052,4.52799987793,4.65100002289,4.65299987793
4.49300003052,4.52799987793,4.65100002289,4.65299987793
4.49300003052,4.52799987793,4.65100002289,4.65299987793
4.48099994659,4.51000022888,4.63700008392,4.63899993896
4.48099994659,4.51000022888,4.63700008392,4.63899993896
4.48099994659,4.51000022888,4.63700008392,4.63899993896
4.48099994659,4.51000022888,4.63700008392,4.63899993896
4.48099994659,4.51000022888,4.63700008392,4.63899993896
4.47599983215,4.492000103,4.69000005722,4.68300008774
4.47599983215,4.492000103,4.69000005722,4.68300008774
4.47599983215,4.492000103,4.69000005722,4.68300008774
4.47599983215,4.492000103,4.69000005722,4.68300008774
4.47599983215,4.492000103,4.69000005722,4.68300008774
4.47599983215,4.492000103,4.69000005722,4.68300008774
4.48199987411,4.49300003052,10.7250003815,10.7250003815
4.48199987411,4.49300003052,10.7250003815,10.7250003815
4.48199987411,4.49300003052,10.7250003815,10.7250003815
4.48199987411,4.49300003052,10.7250003815,10.7250003815
4.48199987411,4.49300003052,10.7250003815,10.7250003815
4.50199985504,4.48799991608,10.7250003815,10.7250003815
4.50199985504,4.48799991608,10.7250003815,10.7250003815
4.50199985504,4.48799991608,10.7250003815,10.7250003815
4.50199985504,4.48799991608,10.7250003815,10.7250003815
4.50199985504,4.48799991608,10.7250003815,10.7250003815
4.51399993896,4.48199987411,10.7250003815,10.7250003815
4.51399993896,4.48199987411,10.7250003815,10.7250003815
4.51399993896,4.48199987411,10.7250003815,10.7250003815
4.51399993896,4.48199987411,10.7250003815,10.7250003815
4.51399993896,4.48199987411,10.7250003815,10.7250003815
4.51399993896,4.48199987411,10.7250003815,10.7250003815
4.53299999237,4.48099994659,10.7250003815,10.7250003815
4.53299999237,4.48099994659,10.7250003815,10.7250003815
4.53299999237,4.48099994659,10.7250003815,10.7250003815
4.53299999237,4.48099994659,10.7250003815,10.7250003815
4.53299999237,4.48099994659,10.7250003815,10.7250003815
4.55100011826,4.48600006104,10.7250003815,10.7250003815
4.55100011826,4.48600006104,10.7250003815,10.7250003815
4.55100011826,4.48600006104,10.7250003815,10.7250003815
4.55100011826,4.48600006104,10.7250003815,10.7250003815
4.55100011826,4.48600006104,10.7250003815,10.7250003815
10.7250003815,4.48600006104,6.54500007629,6.54600000381
10.7250003815,4.48600006104,6.54500007629,6.54600000381
10.7250003815,4.48600006104,6.54500007629,6.54600000381
10.7250003815,4.48600006104,6.54500007629,6.54600000381
10.7250003815,4.48600006104,6.54500007629,6.54600000381
10.7250003815,4.48600006104,6.54500007629,6.54600000381
4.51800012589,4.46700000763,4.74399995804,4.74599981308
4.51800012589,4.46700000763,4.74399995804,4.74599981308
4.51800012589,4.46700000763,4.74399995804,4.74599981308
4.51800012589,4.46700000763,4.74399995804,4.74599981308
4.51800012589,4.46700000763,4.74399995804,4.74599981308
4.50699996948,4.45699977875,6.47200012207,6.47399997711
4.50699996948,4.45699977875,6.47200012207,6.47399997711
4.50699996948,4.45699977875,6.47200012207,6.47399997711
4.50699996948,4.45699977875,6.47200012207,6.47399997711
4.50699996948,4.45699977875,6.47200012207,6.47399997711
4.50199985504,4.45100021362,6.49300003052,6.49499988556
4.50199985504,4.45100021362,6.49300003052,6.49499988556
4.50199985504,4.45100021362,6.49300003052,6.49499988556
4.50199985504,4.45100021362,6.49300003052,6.49499988556
4.50199985504,4.45100021362,6.49300003052,6.49499988556
4.50199985504,4.45100021362,6.49300003052,6.49499988556
4.50299978256,4.45900011063,10.7250003815,10.7250003815
4.50299978256,4.45900011063,10.7250003815,10.7250003815
4.50299978256,4.45900011063,10.7250003815,10.7250003815
4.50299978256,4.45900011063,10.7250003815,10.7250003815
4.50299978256,4.45900011063,10.7250003815,10.7250003815
4.50299978256,4.45300006866,10.7250003815,10.7250003815
4.50299978256,4.45300006866,10.7250003815,10.7250003815
4.50299978256,4.45300006866,10.7250003815,10.7250003815
4.50299978256,4.45300006866,10.7250003815,10.7250003815
4.50299978256,4.45300006866,10.7250003815,10.7250003815
4.49100017548,4.44500017166,10.7250003815,10.7250003815
4.49100017548,4.44500017166,10.7250003815,10.7250003815
4.49100017548,4.44500017166,10.7250003815,10.7250003815
4.49100017548,4.44500017166,10.7250003815,10.7250003815
4.49100017548,4.44500017166,10.7250003815,10.7250003815
4.49100017548,4.44500017166,10.7250003815,10.7250003815
4.50600004196,4.43800020218,4.757999897,4.75899982452
4.50600004196,4.43800020218,4.757999897,4.75899982452
4.50600004196,4.43800020218,4.757999897,4.75899982452
4.50600004196,4.43800020218,4.757999897,4.75899982452
4.50600004196,4.43800020218,4.757999897,4.75899982452
4.50600004196,4.4439997673,5.87799978256,5.88000011444
4.50600004196,4.4439997673,5.87799978256,5.88000011444
4.50600004196,4.4439997673,5.87799978256,5.88000011444
4.50600004196,4.4439997673,5.87799978256,5.88000011444
4.50600004196,4.4439997673,5.87799978256,5.88000011444
4.51300001144,4.44500017166,5.87099981308,5.87300014496
4.51300001144,4.44500017166,5.87099981308,5.87300014496
4.51300001144,4.44500017166,5.87099981308,5.87300014496
4.51300001144,4.44500017166,5.87099981308,5.87300014496
4.51300001144,4.44500017166,5.87099981308,5.87300014496
4.507999897,4.4390001297,5.82899999619,5.83099985123
4.507999897,4.4390001297,5.82899999619,5.83099985123
4.507999897,4.4390001297,5.82899999619,5.83099985123
4.507999897,4.4390001297,5.82899999619,5.83099985123
4.507999897,4.4390001297,5.82899999619,5.83099985123
4.507999897,4.4390001297,5.82899999619,5.83099985123
4.49399995804,4.43200016022,4.86899995804,4.87099981308
4.49399995804,4.43200016022,4.86899995804,4.87099981308
4.49399995804,4.43200016022,4.86899995804,4.87099981308
4.49399995804,4.43200016022,4.86899995804,4.87099981308
4.49399995804,4.43200016022,4.86899995804,4.87099981308
4.51999998093,4.4390001297,5.85500001907,5.85699987411
4.51999998093,4.4390001297,5.85500001907,5.85699987411
4.51999998093,4.4390001297,5.85500001907,5.85699987411
4.51999998093,4.4390001297,5.85500001907,5.85699987411
4.51999998093,4.4390001297,5.85500001907,5.85699987411
4.52699995041,4.44099998474,4.90199995041,4.90399980545
4.52699995041,4.44099998474,4.90199995041,4.90399980545
4.52699995041,4.44099998474,4.90199995041,4.90399980545
4.52699995041,4.44099998474,4.90199995041,4.90399980545
4.52699995041,4.44099998474,4.90199995041,4.90399980545
4.52699995041,4.44099998474,4.90199995041,4.90399980545
4.52199983597,4.43300008774,10.7250003815,10.7250003815
4.52199983597,4.43300008774,10.7250003815,10.7250003815
4.52199983597,4.43300008774,10.7250003815,10.7250003815
4.52199983597,4.43300008774,10.7250003815,10.7250003815
4.52199983597,4.43300008774,10.7250003815,10.7250003815
4.50400018692,4.42700004578,4.60500001907,4.59999990463
4.50400018692,4.42700004578,4.60500001907,4.59999990463
4.50400018692,4.42700004578,4.60500001907,4.59999990463
4.50400018692,4.42700004578,4.60500001907,4.59999990463
4.50400018692,4.42700004578,4.60500001907,4.59999990463
6.42299985886,4.4390001297,4.61299991608,4.61499977112
6.42299985886,4.4390001297,4.61299991608,4.61499977112
6.42299985886,4.4390001297,4.61299991608,4.61499977112
6.42299985886,4.4390001297,4.61299991608,4.61499977112
6.42299985886,4.4390001297,4.61299991608,4.61499977112
6.42299985886,4.4390001297,4.61299991608,4.61499977112
6.38500022888,4.43800020218,10.7250003815,10.7250003815
6.38500022888,4.43800020218,10.7250003815,10.7250003815
6.38500022888,4.43800020218,10.7250003815,10.7250003815
6.38500022888,4.43800020218,10.7250003815,10.7250003815
6.38500022888,4.43800020218,10.7250003815,10.7250003815
6.3860001564,4.43300008774,4.63100004196,4.632999897
6.3860001564,4.43300008774,4.63100004196,4.632999897
6.3860001564,4.43300008774,4.63100004196,4.632999897
6.3860001564,4.43300008774,4.63100004196,4.632999897
6.3860001564,4.43300008774,4.63100004196,4.632999897
6.3860001564,4.43300008774,4.63100004196,4.632999897
10.7250003815,4.42700004578,4.58199977875,4.58300018311
10.7250003815,4.42700004578,4.58199977875,4.58300018311
10.7250003815,4.42700004578,4.58199977875,4.58300018311
10.7250003815,4.42700004578,4.58199977875,4.58300018311
10.7250003815,4.42700004578,4.58199977875,4.58300018311
10.7250003815,4.4390001297,10.7250003815,10.7250003815
10.7250003815,4.4390001297,10.7250003815,10.7250003815
10.7250003815,4.4390001297,10.7250003815,10.7250003815
10.7250003815,4.4390001297,10.7250003815,10.7250003815
10.7250003815,4.4390001297,10.7250003815,10.7250003815
10.7250003815,4.44000005722,4.64200019836,4.64400005341
10.7250003815,4.44000005722,4.64200019836,4.64400005341
10.7250003815,4.44000005722,4.64200019836,4.64400005341
10.7250003815,4.44000005722,4.64200019836,4.64400005341
10.7250003815,4.44000005722,4.64200019836,4.64400005341
10.7250003815,4.4359998703,4.58400011063,4.58599996567
10.7250003815,4.4359998703,4.58400011063,4.58599996567
10.7250003815,4.4359998703,4.58400011063,4.58599996567
10.7250003815,4.4359998703,4.58400011063,4.58599996567
10.7250003815,4.4359998703,4.58400011063,4.58599996567
10.7250003815,4.42700004578,4.63800001144,4.63999986649
10.7250003815,4.42700004578,4.63800001144,4.63999986649
10.7250003815,4.42700004578,4.63800001144,4.63999986649
10.7250003815,4.42700004578,4.63800001144,4.63999986649
10.7250003815,4.42700004578,4.63800001144,4.63999986649
10.7250003815,4.42700004578,4.63800001144,4.63999986649
4.6360001564,4.4390001297,10.7250003815,10.7250003815
4.6360001564,4.4390001297,10.7250003815,10.7250003815
4.6360001564,4.4390001297,10.7250003815,10.7250003815
4.6360001564,4.4390001297,10.7250003815,10.7250003815
4.6360001564,4.4390001297,10.7250003815,10.7250003815
10.7250003815,4.43800020218,10.7250003815,10.7250003815
10.7250003815,4.43800020218,10.7250003815,10.7250003815
10.7250003815,4.43800020218,10.7250003815,10.7250003815
10.7250003815,4.43800020218,10.7250003815,10.7250003815
10.7250003815,4.43800020218,10.7250003815,10.7250003815
10.7250003815,4.43800020218,10.7250003815,10.7250003815
4.70599985123,4.43800020218,4.63700008392,4.63899993896
4.70599985123,4.43800020218,4.63700008392,4.63899993896
4.70599985123,4.43800020218,4.63700008392,4.63899993896
4.70599985123,4.43800020218,4.63700008392,4.63899993896
4.70599985123,4.43800020218,4.63700008392,4.63899993896
4.52600002289,4.43300008774,10.7250003815,10.7250003815
4.52600002289,4.43300008774,10.7250003815,10.7250003815
4.52600002289,4.43300008774,10.7250003815,10.7250003815
4.52600002289,4.43300008774,10.7250003815,10.7250003815
4.52600002289,4.43300008774,10.7250003815,10.7250003815
4.49399995804,4.43200016022,4.63800001144,4.63999986649
4.49399995804,4.43200016022,4.63800001144,4.63999986649
4.49399995804,4.43200016022,4.63800001144,4.63999986649
4.49399995804,4.43200016022,4.63800001144,4.63999986649
4.49399995804,4.43200016022,4.63800001144,4.63999986649
4.49399995804,4.43200016022,4.63800001144,4.63999986649
4.4889998436,4.44500017166,4.62699985504,4.62200021744
4.4889998436,4.44500017166,4.62699985504,4.62200021744
4.4889998436,4.44500017166,4.62699985504,4.62200021744
4.4889998436,4.44500017166,4.62699985504,4.62200021744
4.4889998436,4.44500017166,4.62699985504,4.62200021744
4.49700021744,4.44099998474,4.68400001526,4.6859998703
4.49700021744,4.44099998474,4.68400001526,4.6859998703
4.49700021744,4.44099998474,4.68400001526,4.6859998703
4.49700021744,4.44099998474,4.68400001526,4.6859998703
4.49700021744,4.44099998474,4.68400001526,4.6859998703
6.36299991608,4.4390001297,10.7250003815,10.7250003815
6.36299991608,4.4390001297,10.7250003815,10.7250003815
6.36299991608,4.4390001297,10.7250003815,10.7250003815
6.36299991608,4.4390001297,10.7250003815,10.7250003815
6.36299991608,4.4390001297,10.7250003815,10.7250003815
4.63100004196,4.43400001526,4.77500009537,4.77699995041
4.63100004196,4.43400001526,4.77500009537,4.77699995041
4.63100004196,4.43400001526,4.77500009537,4.77699995041
4.63100004196,4.43400001526,4.77500009537,4.77699995041
4.63100004196,4.43400001526,4.77500009537,4.77699995041
4.63100004196,4.43400001526,4.77500009537,4.77699995041
4.53299999237,4.44500017166,4.83599996567,4.83799982071
4.53299999237,4.44500017166,4.83599996567,4.83799982071
4.53299999237,4.44500017166,4.83599996567,4.83799982071
4.53299999237,4.44500017166,4.83599996567,4.83799982071
4.53299999237,4.44500017166,4.83599996567,4.83799982071
10.7250003815,4.44500017166,10.7250003815,10.7250003815
10.7250003815,4.44500017166,10.7250003815,10.7250003815
10.7250003815,4.44500017166,10.7250003815,10.7250003815
10.7250003815,4.44500017166,10.7250003815,10.7250003815
10.7250003815,4.44500017166,10.7250003815,10.7250003815
10.7250003815,4.43800020218,4.99499988556,4.99700021744
10.7250003815,4.43800020218,4.99499988556,4.99700021744
10.7250003815,4.43800020218,4.99499988556,4.99700021744
10.7250003815,4.43800020218,4.99499988556,4.99700021744
10.7250003815,4.43800020218,4.99499988556,4.99700021744
10.7250003815,4.43800020218,4.99499988556,4.99700021744
10.7250003815,4.42700004578,4.94600009918,4.94799995422
10.7250003815,4.42700004578,4.94600009918,4.94799995422
10.7250003815,4.42700004578,4.94600009918,4.94799995422
10.7250003815,4.42700004578,4.94600009918,4.94799995422
10.7250003815,4.42700004578,4.94600009918,4.94799995422
10.7250003815,4.4390001297,10.7250003815,10.7250003815
10.7250003815,4.4390001297,10.7250003815,10.7250003815
10.7250003815,4.4390001297,10.7250003815,10.7250003815
10.7250003815,4.4390001297,10.7250003815,10.7250003815
10.7250003815,4.4390001297,10.7250003815,10.7250003815
10.7250003815,4.43800020218,10.7250003815,10.7250003815
10.7250003815,4.43800020218,10.7250003815,10.7250003815
10.7250003815,4.43800020218,10.7250003815,10.7250003815
10.7250003815,4.43800020218,10.7250003815,10.7250003815
10.7250003815,4.43800020218,10.7250003815,10.7250003815
10.7250003815,4.43800020218,10.7250003815,10.7250003815
10.7250003815,4.43400001526,10.7250003815,10.7250003815
10.7250003815,4.43400001526,10.7250003815,10.7250003815
10.7250003815,4.43400001526,10.7250003815,10.7250003815
10.7250003815,4.43400001526,10.7250003815,10.7250003815
10.7250003815,4.43400001526,10.7250003815,10.7250003815
10.7250003815,4.42700004578,5.94000005722,5.94199991226
10.7250003815,4.42700004578,5.94000005722,5.94199991226
10.7250003815,4.42700004578,5.94000005722,5.94199991226
10.7250003815,4.42700004578,5.94000005722,5.94199991226
10.7250003815,4.42700004578,5.94000005722,5.94199991226
10.7250003815,4.43200016022,10.7250003815,10.7250003815
10.7250003815,4.43200016022,10.7250003815,10.7250003815
10.7250003815,4.43200016022,10.7250003815,10.7250003815
10.7250003815,4.43200016022,10.7250003815,10.7250003815
10.7250003815,4.43200016022,10.7250003815,10.7250003815
10.7250003815,4.43200016022,10.7250003815,10.7250003815
10.7250003815,4.43800020218,10.7250003815,10.7250003815
10.7250003815,4.43800020218,10.7250003815,10.7250003815
10.7250003815,4.43800020218,10.7250003815,10.7250003815
10.7250003815,4.43800020218,10.7250003815,10.7250003815
10.7250003815,4.43800020218,10.7250003815,10.7250003815
10.7250003815,4.43300008774,10.7250003815,10.7250003815
10.7250003815,4.43300008774,10.7250003815,10.7250003815
10.7250003815,4.43300008774,10.7250003815,10.7250003815
10.7250003815,4.43300008774,10.7250003815,10.7250003815
10.7250003815,4.43300008774,10.7250003815,10.7250003815
4.57399988174,4.42700004578,10.7250003815,10.7250003815
4.57399988174,4.42700004578,10.7250003815,10.7250003815
4.57399988174,4.42700004578,10.7250003815,10.7250003815
4.57399988174,4.42700004578,10.7250003815,10.7250003815
4.57399988174,4.42700004578,10.7250003815,10.7250003815
4.57399988174,4.42700004578,10.7250003815,10.7250003815
10.7250003815,4.4279999733,10.7250003815,10.7250003815
10.7250003815,4.4279999733,10.7250003815,10.7250003815
10.7250003815,4.4279999733,10.7250003815,10.7250003815
10.7250003815,4.4279999733,10.7250003815,10.7250003815
10.7250003815,4.4279999733,10.7250003815,10.7250003815
10.7250003815,4.4390001297,10.7250003815,10.7250003815
10.7250003815,4.4390001297,10.7250003815,10.7250003815
10.7250003815,4.4390001297,10.7250003815,10.7250003815
10.7250003815,4.4390001297,10.7250003815,10.7250003815
10.7250003815,4.4390001297,10.7250003815,10.7250003815
10.7250003815,4.43400001526,10.7250003815,10.7250003815
10.7250003815,4.43400001526,10.7250003815,10.7250003815
10.7250003815,4.43400001526,10.7250003815,10.7250003815
10.7250003815,4.43400001526,10.7250003815,10.7250003815
10.7250003815,4.43400001526,10.7250003815,10.7250003815
10.7250003815,4.4279999733,10.7250003815,10.7250003815
10.7250003815,4.4279999733,10.7250003815,10.7250003815
10.7250003815,4.4279999733,10.7250003815,10.7250003815
10.7250003815,4.4279999733,10.7250003815,10.7250003815
10.7250003815,4.4279999733,10.7250003815,10.7250003815
10.7250003815,4.4279999733,10.7250003815,10.7250003815
10.7250003815,4.43300008774,10.7250003815,10.7250003815
10.7250003815,4.43300008774,10.7250003815,10.7250003815
10.7250003815,4.43300008774,10.7250003815,10.7250003815
10.7250003815,4.43300008774,10.7250003815,10.7250003815
10.7250003815,4.43300008774,10.7250003815,10.7250003815
10.7250003815,4.43800020218,10.7250003815,10.7250003815
10.7250003815,4.43800020218,10.7250003815,10.7250003815
10.7250003815,4.43800020218,10.7250003815,10.7250003815
10.7250003815,4.43800020218,10.7250003815,10.7250003815
10.7250003815,4.43800020218,10.7250003815,10.7250003815
10.7250003815,4.43200016022,10.7250003815,10.7250003815
10.7250003815,4.43200016022,10.7250003815,10.7250003815
10.7250003815,4.43200016022,10.7250003815,10.7250003815
10.7250003815,4.43200016022,10.7250003815,10.7250003815
10.7250003815,4.43200016022,10.7250003815,10.7250003815
10.7250003815,4.43200016022,10.7250003815,10.7250003815
10.7250003815,4.42700004578,10.7250003815,10.7250003815
10.7250003815,4.42700004578,10.7250003815,10.7250003815
10.7250003815,4.42700004578,10.7250003815,10.7250003815
10.7250003815,4.42700004578,10.7250003815,10.7250003815
10.7250003815,4.42700004578,10.7250003815,10.7250003815
6.41900014877,4.42700004578,10.7250003815,10.7250003815
6.41900014877,4.42700004578,10.7250003815,10.7250003815
6.41900014877,4.42700004578,10.7250003815,10.7250003815
6.41900014877,4.42700004578,10.7250003815,10.7250003815
6.41900014877,4.42700004578,10.7250003815,10.7250003815
6.41900014877,4.42700004578,10.7250003815,10.7250003815
10.7250003815,4.43800020218,10.7250003815,10.7250003815
10.7250003815,4.43800020218,10.7250003815,10.7250003815
10.7250003815,4.43800020218,10.7250003815,10.7250003815
10.7250003815,4.43800020218,10.7250003815,10.7250003815
10.7250003815,4.43800020218,10.7250003815,10.7250003815
10.7250003815,4.43800020218,10.7250003815,10.7250003815
10.7250003815,4.43800020218,10.7250003815,10.7250003815
10.7250003815,4.43800020218,10.7250003815,10.7250003815
10.7250003815,4.43800020218,10.7250003815,10.7250003815
10.7250003815,4.43800020218,10.7250003815,10.7250003815
10.7250003815,4.43499994278,10.7250003815,10.7250003815
10.7250003815,4.43499994278,10.7250003815,10.7250003815
10.7250003815,4.43499994278,10.7250003815,10.7250003815
10.7250003815,4.43499994278,10.7250003815,10.7250003815
10.7250003815,4.43499994278,10.7250003815,10.7250003815
10.7250003815,4.42600011826,10.7250003815,10.7250003815
10.7250003815,4.42600011826,10.7250003815,10.7250003815
10.7250003815,4.42600011826,10.7250003815,10.7250003815
10.7250003815,4.42600011826,10.7250003815,10.7250003815
10.7250003815,4.42600011826,10.7250003815,10.7250003815
10.7250003815,4.42600011826,10.7250003815,10.7250003815
10.7250003815,4.43300008774,10.7250003815,10.7250003815
10.7250003815,4.43300008774,10.7250003815,10.7250003815
10.7250003815,4.43300008774,10.7250003815,10.7250003815
10.7250003815,4.43300008774,10.7250003815,10.7250003815
10.7250003815,4.43300008774,10.7250003815,10.7250003815
10.7250003815,4.43800020218,10.7250003815,10.7250003815
10.7250003815,4.43800020218,10.7250003815,10.7250003815
10.7250003815,4.43800020218,10.7250003815,10.7250003815
10.7250003815,4.43800020218,10.7250003815,10.7250003815
10.7250003815,4.43800020218,10.7250003815,10.7250003815
10.7250003815,4.43200016022,10.7250003815,10.7250003815
10.7250003815,4.43200016022,10.7250003815,10.7250003815
10.7250003815,4.43200016022,10.7250003815,10.7250003815
10.7250003815,4.43200016022,10.7250003815,10.7250003815
10.7250003815,4.43200016022,10.7250003815,10.7250003815
10.7250003815,4.42600011826,10.7250003815,10.7250003815
10.7250003815,4.42600011826,10.7250003815,10.7250003815
10.7250003815,4.42600011826,10.7250003815,10.7250003815
10.7250003815,4.42600011826,10.7250003815,10.7250003815
10.7250003815,4.42600011826,10.7250003815,10.7250003815
10.7250003815,4.42600011826,10.7250003815,10.7250003815
10.7250003815,4.43300008774,10.7250003815,10.7250003815
10.7250003815,4.43300008774,10.7250003815,10.7250003815
10.7250003815,4.43300008774,10.7250003815,10.7250003815
10.7250003815,4.43300008774,10.7250003815,10.7250003815
10.7250003815,4.43300008774,10.7250003815,10.7250003815
10.7250003815,4.43300008774,10.7250003815,10.7250003815
10.7250003815,4.43300008774,10.7250003815,10.7250003815
10.7250003815,4.43300008774,10.7250003815,10.7250003815
10.7250003815,4.43300008774,10.7250003815,10.7250003815
10.7250003815,4.43300008774,10.7250003815,10.7250003815
10.7250003815,4.43300008774,10.7250003815,10.7250003815
10.7250003815,4.43400001526,10.7250003815,10.7250003815
10.7250003815,4.43400001526,10.7250003815,10.7250003815
