365.0,0.0,0,0,0,0,0,0,0,0,0
365.0,0.0,0,601.0,234.0,354.0,471.0,358.0,229.0,595.0,474.0
363.0,0.0,0,601.0,234.0,354.0,471.0,358.0,229.0,595.0,474.0
363.0,0.0,0,601.0,235.0,354.0,471.0,357.0,229.0,595.0,474.0
374.0,0.0,0,601.0,235.0,354.0,471.0,357.0,229.0,595.0,474.0
374.0,0.0,0,601.0,235.0,354.0,471.0,357.0,230.0,595.0,474.0
364.0,0.0,0,601.0,235.0,354.0,471.0,358.0,229.0,595.0,474.0
363.0,0.0,0,601.0,235.0,354.0,471.0,357.0,229.0,595.0,474.0
364.0,0.0,0,601.0,235.0,354.0,471.0,357.0,229.0,594.0,474.0
364.0,0.0,0,601.0,235.0,354.0,471.0,357.0,229.0,594.0,475.0
364.0,0.0,0,601.0,235.0,354.0,471.0,358.0,229.0,594.0,475.0
364.0,0.0,0,601.0,235.0,354.0,471.0,358.0,229.0,595.0,474.0
373.0,0.0,0,601.0,235.0,354.0,471.0,357.0,229.0,594.0,474.0
364.0,0.0,0,601.0,235.0,354.0,471.0,358.0,229.0,594.0,475.0
374.0,0.0,0,601.0,235.0,354.0,471.0,358.0,229.0,595.0,474.0
364.0,0.0,0,601.0,235.0,354.0,471.0,358.0,229.0,595.0,474.0
364.0,0.0,0,601.0,234.0,355.0,471.0,358.0,229.0,595.0,474.0
364.0,0.0,0,601.0,234.0,355.0,471.0,358.0,229.0,595.0,474.0
364.0,0.0,0,601.0,235.0,354.0,471.0,358.0,229.0,595.0,474.0
374.0,0.0,0,601.0,235.0,354.0,471.0,358.0,229.0,595.0,474.0
364.0,0.0,0,601.0,234.0,355.0,471.0,358.0,229.0,595.0,474.0
364.0,0.0,0,601.0,234.0,355.0,471.0,358.0,229.0,595.0,474.0
364.0,0.0,0,601.0,234.0,355.0,471.0,358.0,228.0,595.0,474.0
364.0,0.0,0,601.0,234.0,354.0,471.0,358.0,229.0,595.0,474.0
374.0,0.0,0,601.0,235.0,354.0,471.0,358.0,229.0,595.0,474.0
373.0,0.0,0,601.0,234.0,355.0,471.0,358.0,228.0,595.0,474.0
364.0,0.0,0,601.0,234.0,354.0,471.0,358.0,229.0,595.0,474.0
374.0,0.0,0,601.0,234.0,354.0,471.0,358.0,229.0,595.0,474.0
374.0,0.0,0,601.0,235.0,354.0,471.0,357.0,229.0,595.0,474.0
374.0,0.0,1,601.0,235.0,354.0,471.0,357.0,229.0,595.0,474.0
363.0,0.0,1,600.0,233.0,355.0,469.0,358.0,228.0,595.0,472.0
363.0,0.0,1,599.0,237.0,358.0,468.0,360.0,232.0,593.0,471.0
375.0,0.0,1,599.0,239.0,359.0,467.0,361.0,233.0,592.0,470.0
378.0,0.0,1,599.0,237.0,358.0,467.0,361.0,232.0,592.0,470.0
381.0,0.0,1,599.0,237.0,358.0,467.0,360.0,231.0,593.0,470.0
381.0,0.0,0,599.0,236.0,359.0,466.0,361.0,231.0,593.0,469.0
377.0,0.0,0,599.0,236.0,359.0,466.0,361.0,231.0,593.0,469.0
376.0,0.0,1,599.0,237.0,360.0,464.0,363.0,232.0,592.0,468.0
387.0,0.0,1,596.0,240.0,363.0,462.0,366.0,234.0,590.0,466.0
398.0,0.0,1,593.0,241.0,365.0,459.0,369.0,238.0,587.0,463.0
399.0,0.0,1,591.0,243.0,368.0,456.0,371.0,238.0,585.0,460.0
399.0,0.0,1,589.0,244.0,371.0,453.0,374.0,239.0,583.0,456.0
409.0,0.0,1,587.0,247.0,374.0,450.0,377.0,241.0,582.0,454.0
420.0,0.0,1,585.0,248.0,376.0,448.0,379.0,243.0,579.0,450.0
440.0,0.0,1,582.0,251.0,379.0,445.0,380.0,245.0,577.0,448.0
440.0,0.0,1,580.0,252.0,379.0,443.0,381.0,248.0,575.0,447.0
450.0,0.0,1,578.0,253.0,381.0,441.0,383.0,250.0,572.0,444.0
450.0,0.0,1,574.0,255.0,382.0,438.0,385.0,251.0,570.0,442.0
458.0,0.0,1,572.0,256.0,384.0,436.0,386.0,251.0,568.0,439.0
468.0,0.0,1,571.0,257.0,386.0,433.0,387.0,251.0,566.0,436.0
490.0,0.0,1,569.0,258.0,387.0,431.0,389.0,253.0,564.0,434.0
499.0,0.0,1,567.0,259.0,388.0,431.0,388.0,253.0,563.0,433.0
502.0,0.0,1,567.0,259.0,388.0,429.0,389.0,252.0,563.0,432.0
502.0,0.0,1,567.0,259.0,388.0,429.0,389.0,252.0,563.0,432.0
511.0,0.0,1,566.0,258.0,388.0,429.0,389.0,252.0,563.0,432.0
514.0,0.0,0,566.0,258.0,387.0,429.0,389.0,252.0,563.0,432.0
513.0,0.0,0,566.0,258.0,387.0,429.0,389.0,253.0,563.0,432.0
513.0,0.0,0,566.0,258.0,387.0,429.0,389.0,253.0,563.0,432.0
513.0,0.0,0,566.0,258.0,387.0,429.0,389.0,253.0,563.0,432.0
513.0,0.0,0,566.0,257.0,387.0,429.0,389.0,252.0,563.0,432.0
510.0,0.0,0,566.0,258.0,387.0,429.0,389.0,252.0,563.0,432.0
514.0,0.0,1,566.0,258.0,387.0,429.0,389.0,253.0,563.0,432.0
514.0,0.0,1,566.0,255.0,387.0,427.0,389.0,251.0,563.0,429.0
514.0,0.0,1,566.0,259.0,389.0,428.0,390.0,253.0,562.0,430.0
515.0,0.0,1,565.0,259.0,390.0,427.0,392.0,254.0,562.0,429.0
515.0,0.0,1,564.0,258.0,389.0,426.0,390.0,252.0,561.0,428.0
525.0,0.0,1,564.0,258.0,389.0,426.0,390.0,252.0,561.0,428.0
525.0,0.0,0,564.0,258.0,389.0,427.0,390.0,252.0,561.0,428.0
528.0,0.0,1,565.0,257.0,389.0,425.0,392.0,252.0,561.0,427.0
527.0,0.0,1,564.0,258.0,391.0,424.0,393.0,253.0,559.0,427.0
529.0,0.0,1,564.0,258.0,391.0,424.0,393.0,253.0,559.0,427.0
529.0,0.0,1,562.0,260.0,394.0,421.0,395.0,255.0,557.0,425.0
536.0,0.0,1,560.0,261.0,394.0,421.0,395.0,256.0,556.0,423.0
549.0,0.0,1,560.0,261.0,396.0,417.0,397.0,256.0,556.0,421.0
558.0,0.0,1,559.0,261.0,397.0,416.0,399.0,258.0,555.0,418.0
580.0,0.0,1,558.0,262.0,399.0,413.0,401.0,257.0,555.0,416.0
581.0,0.0,1,558.0,262.0,400.0,411.0,402.0,256.0,554.0,413.0
581.0,0.0,1,556.0,262.0,402.0,408.0,403.0,256.0,552.0,411.0
608.0,0.0,1,556.0,261.0,404.0,407.0,406.0,256.0,552.0,409.0
608.0,0.0,1,555.0,262.0,406.0,405.0,407.0,257.0,551.0,407.0
608.0,0.0,1,554.0,262.0,407.0,403.0,408.0,257.0,551.0,406.0
620.0,0.0,1,552.0,263.0,408.0,401.0,408.0,258.0,550.0,404.0
630.0,0.0,1,552.0,264.0,408.0,400.0,409.0,259.0,549.0,402.0
641.0,0.0,1,552.0,264.0,408.0,399.0,410.0,259.0,547.0,399.0
651.0,0.0,1,549.0,263.0,408.0,398.0,409.0,259.0,544.0,399.0
651.0,0.0,1,546.0,265.0,408.0,398.0,409.0,261.0,544.0,400.0
661.0,0.0,1,546.0,264.0,409.0,396.0,409.0,260.0,543.0,399.0
670.0,0.0,1,546.0,263.0,409.0,396.0,410.0,260.0,543.0,398.0
670.0,0.0,0,546.0,263.0,409.0,396.0,410.0,260.0,543.0,398.0
670.0,0.0,0,547.0,263.0,409.0,396.0,410.0,260.0,543.0,398.0
670.0,0.0,0,547.0,263.0,410.0,396.0,410.0,259.0,543.0,398.0
670.0,0.0,0,547.0,263.0,409.0,396.0,410.0,260.0,543.0,398.0
670.0,0.0,0,547.0,263.0,410.0,396.0,410.0,259.0,543.0,398.0
680.0,0.0,0,547.0,263.0,410.0,396.0,410.0,259.0,543.0,398.0
681.0,0.0,0,547.0,262.0,410.0,395.0,410.0,259.0,543.0,398.0
681.0,0.0,0,547.0,262.0,410.0,395.0,410.0,259.0,544.0,398.0
671.0,0.0,1,547.0,262.0,410.0,395.0,410.0,259.0,543.0,398.0
671.0,0.0,1,546.0,262.0,409.0,395.0,410.0,259.0,543.0,397.0
670.0,0.0,1,546.0,262.0,409.0,395.0,410.0,259.0,543.0,397.0
671.0,0.0,1,546.0,262.0,409.0,395.0,410.0,259.0,543.0,397.0
671.0,0.0,0,546.0,262.0,409.0,394.0,410.0,259.0,543.0,397.0
681.0,0.0,1,546.0,262.0,409.0,394.0,410.0,259.0,543.0,396.0
681.0,0.0,1,546.0,262.0,409.0,393.0,410.0,257.0,544.0,394.0
681.0,0.0,1,544.0,263.0,410.0,393.0,411.0,258.0,543.0,393.0
670.0,0.0,1,544.0,263.0,410.0,393.0,411.0,258.0,543.0,393.0
681.0,0.0,1,544.0,264.0,411.0,392.0,413.0,260.0,543.0,392.0
702.0,0.0,1,544.0,264.0,412.0,390.0,413.0,261.0,542.0,391.0
710.0,0.0,1,544.0,264.0,414.0,389.0,414.0,260.0,541.0,390.0
709.0,0.0,1,543.0,263.0,414.0,387.0,415.0,260.0,540.0,388.0
709.0,0.0,1,543.0,263.0,415.0,384.0,415.0,259.0,539.0,386.0
718.0,0.0,1,543.0,263.0,416.0,384.0,416.0,260.0,539.0,385.0
736.0,0.0,1,542.0,264.0,416.0,384.0,417.0,262.0,537.0,384.0
747.0,0.0,1,541.0,264.0,417.0,383.0,418.0,262.0,536.0,384.0
757.0,0.0,1,541.0,264.0,419.0,382.0,420.0,262.0,536.0,383.0
758.0,0.0,1,541.0,264.0,420.0,379.0,422.0,262.0,537.0,382.0
758.0,0.0,1,540.0,264.0,422.0,377.0,422.0,262.0,537.0,380.0
770.0,0.0,1,540.0,264.0,422.0,377.0,423.0,262.0,537.0,379.0
780.0,0.0,1,539.0,264.0,423.0,376.0,424.0,262.0,536.0,377.0
797.0,0.0,1,538.0,264.0,424.0,375.0,425.0,261.0,536.0,376.0
808.0,0.0,1,537.0,265.0,424.0,374.0,426.0,262.0,536.0,376.0
816.0,0.0,1,537.0,265.0,425.0,373.0,426.0,263.0,535.0,375.0
816.0,0.0,1,537.0,265.0,426.0,372.0,427.0,263.0,535.0,374.0
825.0,0.0,1,537.0,265.0,426.0,372.0,427.0,263.0,535.0,374.0
835.0,0.0,1,537.0,265.0,426.0,370.0,428.0,263.0,535.0,372.0
855.0,0.0,1,537.0,265.0,427.0,368.0,428.0,263.0,535.0,370.0
864.0,0.0,1,536.0,266.0,428.0,368.0,428.0,263.0,534.0,369.0
864.0,0.0,1,535.0,265.0,429.0,367.0,430.0,261.0,533.0,368.0
864.0,0.0,1,535.0,264.0,430.0,365.0,430.0,261.0,533.0,367.0
874.0,0.0,1,533.0,264.0,430.0,364.0,431.0,261.0,533.0,366.0
892.0,0.0,1,534.0,265.0,431.0,364.0,432.0,261.0,532.0,366.0
901.0,0.0,1,533.0,265.0,430.0,364.0,430.0,262.0,530.0,367.0
911.0,0.0,1,533.0,264.0,431.0,363.0,431.0,261.0,531.0,364.0
912.0,0.0,0,533.0,264.0,431.0,363.0,431.0,261.0,531.0,364.0
912.0,0.0,0,533.0,264.0,431.0,363.0,431.0,261.0,532.0,364.0
913.0,0.0,0,533.0,264.0,431.0,363.0,431.0,261.0,532.0,364.0
913.0,0.0,0,533.0,264.0,431.0,363.0,431.0,261.0,532.0,364.0
913.0,0.0,0,533.0,264.0,431.0,363.0,431.0,261.0,532.0,364.0
913.0,0.0,1,533.0,263.0,431.0,362.0,431.0,260.0,531.0,362.0
903.0,0.0,1,533.0,263.0,431.0,362.0,431.0,260.0,531.0,362.0
903.0,0.0,1,533.0,263.0,431.0,362.0,431.0,260.0,531.0,362.0
913.0,0.0,1,533.0,265.0,432.0,363.0,432.0,262.0,532.0,364.0
922.0,0.0,1,532.0,266.0,431.0,364.0,432.0,264.0,530.0,365.0
923.0,0.0,0,532.0,265.0,431.0,363.0,432.0,262.0,531.0,363.0
923.0,0.0,1,533.0,264.0,432.0,362.0,432.0,261.0,531.0,362.0
922.0,0.0,1,532.0,263.0,431.0,362.0,432.0,261.0,530.0,361.0
922.0,0.0,1,532.0,265.0,431.0,362.0,432.0,262.0,529.0,361.0
923.0,0.0,1,531.0,264.0,431.0,362.0,432.0,261.0,529.0,361.0
922.0,0.0,1,531.0,265.0,431.0,361.0,432.0,262.0,528.0,360.0
941.0,0.0,1,531.0,264.0,432.0,358.0,432.0,262.0,528.0,359.0
951.0,0.0,1,530.0,263.0,433.0,356.0,434.0,261.0,528.0,358.0
960.0,0.0,1,530.0,264.0,434.0,357.0,435.0,262.0,528.0,358.0
960.0,0.0,1,530.0,265.0,434.0,356.0,435.0,262.0,527.0,357.0
960.0,0.0,1,530.0,265.0,435.0,356.0,435.0,262.0,528.0,357.0
960.0,0.0,1,530.0,266.0,436.0,356.0,436.0,264.0,528.0,357.0
1001.0,0.0,1,530.0,266.0,436.0,355.0,437.0,264.0,527.0,356.0
1001.0,0.0,1,530.0,267.0,436.0,355.0,438.0,264.0,528.0,356.0
1019.0,0.0,1,530.0,267.0,436.0,355.0,438.0,264.0,528.0,356.0
1019.0,0.0,1,529.0,267.0,437.0,355.0,438.0,265.0,527.0,356.0
1031.0,0.0,1,528.0,267.0,437.0,354.0,439.0,265.0,527.0,355.0
1042.0,0.0,1,528.0,268.0,438.0,353.0,439.0,265.0,526.0,355.0
1050.0,0.0,1,527.0,268.0,439.0,352.0,439.0,266.0,525.0,354.0
1059.0,0.0,1,526.0,268.0,439.0,352.0,439.0,266.0,524.0,353.0
1069.0,0.0,1,526.0,268.0,439.0,352.0,440.0,265.0,524.0,352.0
1069.0,0.0,1,524.0,267.0,439.0,351.0,440.0,265.0,524.0,352.0
1079.0,0.0,1,524.0,267.0,439.0,349.0,440.0,265.0,523.0,351.0
1080.0,0.0,1,524.0,268.0,439.0,349.0,440.0,265.0,523.0,351.0
1100.0,0.0,1,523.0,268.0,439.0,350.0,440.0,266.0,522.0,351.0
1109.0,0.0,1,522.0,270.0,439.0,351.0,440.0,268.0,522.0,351.0
1109.0,0.0,1,521.0,271.0,439.0,351.0,440.0,270.0,520.0,352.0
1116.0,0.0,1,521.0,272.0,438.0,351.0,439.0,270.0,519.0,351.0
1129.0,0.0,1,520.0,273.0,438.0,351.0,438.0,270.0,519.0,351.0
1136.0,0.0,1,519.0,273.0,438.0,350.0,438.0,270.0,517.0,351.0
1155.0,0.0,1,519.0,273.0,438.0,350.0,439.0,270.0,516.0,350.0
1160.0,0.0,1,519.0,273.0,438.0,350.0,439.0,270.0,516.0,350.0
1168.0,0.0,1,518.0,273.0,439.0,350.0,438.0,271.0,516.0,349.0
1168.0,0.0,1,518.0,273.0,439.0,350.0,438.0,272.0,516.0,349.0
1168.0,0.0,1,516.0,275.0,438.0,350.0,439.0,273.0,515.0,350.0
1182.0,0.0,1,518.0,273.0,439.0,350.0,439.0,273.0,515.0,349.0
1190.0,0.0,1,518.0,273.0,439.0,350.0,439.0,271.0,516.0,349.0
1188.0,0.0,1,518.0,272.0,439.0,350.0,439.0,271.0,515.0,349.0
1189.0,0.0,0,518.0,272.0,439.0,350.0,439.0,272.0,516.0,349.0
1189.0,0.0,0,518.0,273.0,439.0,350.0,439.0,271.0,516.0,349.0
1189.0,0.0,0,518.0,272.0,439.0,350.0,439.0,271.0,516.0,349.0
1190.0,0.0,0,518.0,272.0,439.0,349.0,439.0,270.0,516.0,349.0
1190.0,0.0,0,518.0,272.0,439.0,350.0,439.0,271.0,516.0,349.0
1190.0,0.0,1,518.0,272.0,439.0,348.0,439.0,270.0,516.0,348.0
1190.0,0.0,1,518.0,272.0,439.0,348.0,439.0,270.0,516.0,348.0
1191.0,0.0,1,517.0,274.0,439.0,350.0,439.0,273.0,515.0,349.0
1191.0,0.0,1,516.0,275.0,439.0,350.0,439.0,273.0,515.0,350.0
1199.0,0.0,1,516.0,274.0,439.0,350.0,439.0,273.0,515.0,348.0
1201.0,0.0,1,513.0,272.0,437.0,347.0,438.0,271.0,513.0,348.0
1201.0,0.0,1,513.0,272.0,437.0,347.0,438.0,271.0,513.0,348.0
1201.0,0.0,1,514.0,274.0,438.0,350.0,438.0,273.0,514.0,349.0
1201.0,0.0,1,514.0,277.0,438.0,350.0,439.0,274.0,513.0,351.0
1210.0,0.0,1,512.0,278.0,438.0,350.0,438.0,275.0,512.0,351.0
1220.0,0.0,1,513.0,278.0,439.0,350.0,439.0,277.0,512.0,351.0
1239.0,0.0,1,513.0,278.0,440.0,350.0,440.0,275.0,513.0,349.0
1249.0,0.0,1,512.0,277.0,439.0,349.0,440.0,273.0,512.0,348.0
1260.0,0.0,1,512.0,277.0,440.0,345.0,440.0,273.0,512.0,348.0
1260.0,0.0,1,512.0,277.0,440.0,345.0,440.0,274.0,512.0,348.0
1267.0,0.0,1,512.0,277.0,440.0,345.0,441.0,275.0,512.0,347.0
1276.0,0.0,1,513.0,279.0,440.0,346.0,441.0,277.0,512.0,348.0
1296.0,0.0,1,512.0,279.0,440.0,346.0,441.0,277.0,512.0,348.0
1304.0,0.0,1,512.0,280.0,440.0,347.0,442.0,278.0,511.0,348.0
1313.0,0.0,1,512.0,280.0,440.0,347.0,442.0,279.0,511.0,348.0
1313.0,0.0,1,512.0,280.0,441.0,346.0,442.0,279.0,511.0,348.0
1313.0,0.0,1,512.0,280.0,441.0,347.0,442.0,279.0,511.0,348.0
1333.0,0.0,1,512.0,281.0,442.0,348.0,444.0,279.0,511.0,349.0
1343.0,0.0,1,512.0,281.0,442.0,348.0,444.0,279.0,511.0,349.0
1353.0,0.0,1,512.0,281.0,442.0,350.0,444.0,280.0,511.0,350.0
1363.0,0.0,1,512.0,282.0,443.0,350.0,445.0,280.0,511.0,350.0
1363.0,0.0,1,512.0,282.0,446.0,350.0,445.0,280.0,511.0,350.0
1372.0,0.0,1,512.0,283.0,447.0,348.0,446.0,280.0,511.0,349.0
1382.0,0.0,1,512.0,283.0,448.0,348.0,448.0,281.0,511.0,350.0
1400.0,0.0,1,512.0,286.0,447.0,349.0,447.0,283.0,511.0,350.0
1399.0,0.0,1,512.0,284.0,448.0,348.0,448.0,281.0,511.0,349.0
1400.0,0.0,0,512.0,283.0,447.0,347.0,448.0,280.0,511.0,348.0
1399.0,0.0,0,512.0,283.0,447.0,347.0,447.0,280.0,511.0,348.0
1399.0,0.0,0,512.0,283.0,447.0,347.0,448.0,281.0,511.0,348.0
1400.0,0.0,0,512.0,283.0,447.0,347.0,448.0,280.0,511.0,348.0
1400.0,0.0,0,512.0,284.0,448.0,348.0,447.0,281.0,511.0,348.0
1400.0,0.0,0,512.0,283.0,447.0,347.0,447.0,280.0,511.0,348.0
1399.0,0.0,0,512.0,283.0,447.0,347.0,447.0,280.0,511.0,348.0
1399.0,0.0,0,512.0,284.0,447.0,347.0,447.0,281.0,511.0,349.0
1399.0,0.0,0,512.0,284.0,448.0,348.0,447.0,281.0,511.0,349.0
1408.0,0.0,0,512.0,284.0,448.0,348.0,447.0,281.0,511.0,349.0
1399.0,0.0,0,512.0,284.0,448.0,348.0,447.0,280.0,511.0,348.0
1399.0,0.0,0,512.0,284.0,448.0,348.0,447.0,281.0,511.0,348.0
1399.0,0.0,0,512.0,284.0,447.0,347.0,447.0,281.0,511.0,349.0
1401.0,0.0,0,512.0,284.0,448.0,348.0,447.0,281.0,511.0,349.0
1401.0,0.0,0,512.0,284.0,448.0,348.0,447.0,281.0,511.0,349.0
1401.0,0.0,0,512.0,284.0,447.0,347.0,447.0,281.0,511.0,349.0
1407.0,0.0,0,512.0,283.0,447.0,347.0,448.0,281.0,511.0,349.0
1400.0,0.0,0,512.0,283.0,447.0,347.0,447.0,281.0,511.0,349.0
1401.0,0.0,0,512.0,284.0,448.0,348.0,447.0,281.0,511.0,349.0
1408.0,0.0,0,512.0,283.0,447.0,347.0,448.0,281.0,511.0,349.0
1408.0,0.0,0,512.0,283.0,447.0,347.0,447.0,280.0,511.0,348.0
1407.0,0.0,0,512.0,282.0,447.0,347.0,447.0,280.0,511.0,347.0
1407.0,0.0,0,512.0,282.0,447.0,347.0,447.0,281.0,511.0,349.0
1400.0,0.0,0,512.0,282.0,447.0,347.0,447.0,280.0,511.0,348.0
1401.0,0.0,0,512.0,283.0,447.0,347.0,447.0,280.0,511.0,348.0
1399.0,0.0,0,512.0,283.0,447.0,347.0,447.0,280.0,511.0,348.0
1399.0,0.0,0,512.0,282.0,447.0,347.0,447.0,280.0,511.0,347.0
1408.0,0.0,0,512.0,282.0,447.0,347.0,447.0,280.0,511.0,347.0
1401.0,0.0,0,512.0,283.0,447.0,347.0,447.0,280.0,511.0,347.0
1401.0,0.0,0,512.0,283.0,447.0,347.0,447.0,280.0,511.0,347.0
1401.0,0.0,0,512.0,283.0,447.0,347.0,447.0,280.0,511.0,347.0
1401.0,0.0,0,512.0,282.0,447.0,347.0,447.0,280.0,511.0,347.0
1401.0,0.0,1,512.0,283.0,447.0,347.0,447.0,280.0,511.0,347.0
1401.0,0.0,1,511.0,286.0,446.0,350.0,447.0,283.0,511.0,350.0
1401.0,0.0,1,512.0,284.0,447.0,349.0,446.0,281.0,511.0,350.0
1392.0,0.0,1,512.0,281.0,444.0,344.0,446.0,280.0,511.0,345.0
1391.0,0.0,1,512.0,282.0,447.0,347.0,446.0,280.0,511.0,348.0
1391.0,0.0,0,512.0,283.0,447.0,348.0,447.0,280.0,511.0,349.0
1391.0,0.0,1,511.0,285.0,444.0,351.0,446.0,281.0,510.0,350.0
1391.0,0.0,1,512.0,284.0,444.0,351.0,445.0,280.0,510.0,350.0
1391.0,0.0,1,512.0,284.0,443.0,351.0,444.0,280.0,510.0,350.0
1382.0,0.0,1,512.0,283.0,442.0,351.0,442.0,280.0,510.0,350.0
1373.0,0.0,1,512.0,281.0,440.0,349.0,441.0,280.0,511.0,349.0
1355.0,0.0,1,512.0,281.0,440.0,349.0,441.0,280.0,511.0,349.0
1355.0,0.0,1,512.0,281.0,441.0,350.0,441.0,280.0,511.0,350.0
1337.0,0.0,1,513.0,280.0,440.0,349.0,441.0,279.0,512.0,350.0
1318.0,0.0,1,513.0,278.0,440.0,349.0,441.0,276.0,513.0,349.0
1278.0,0.0,1,513.0,280.0,439.0,352.0,439.0,278.0,512.0,352.0
1242.0,0.0,1,513.0,279.0,438.0,352.0,439.0,278.0,513.0,353.0
1213.0,0.0,1,516.0,274.0,438.0,350.0,438.0,272.0,515.0,350.0
1213.0,0.0,1,518.0,273.0,437.0,351.0,438.0,271.0,516.0,352.0
1175.0,0.0,1,521.0,270.0,437.0,350.0,436.0,267.0,519.0,351.0
1138.0,0.0,1,523.0,268.0,435.0,353.0,436.0,267.0,521.0,354.0
1098.0,0.0,1,524.0,267.0,435.0,354.0,435.0,265.0,524.0,354.0
1059.0,0.0,1,525.0,267.0,434.0,356.0,434.0,265.0,524.0,357.0
1032.0,0.0,1,525.0,267.0,431.0,358.0,431.0,264.0,524.0,360.0
1032.0,0.0,1,525.0,264.0,429.0,356.0,428.0,260.0,524.0,359.0
1009.0,0.0,1,525.0,264.0,427.0,359.0,427.0,261.0,524.0,360.0
989.0,0.0,1,527.0,266.0,427.0,362.0,427.0,263.0,525.0,362.0
942.0,0.0,1,529.0,268.0,427.0,367.0,428.0,266.0,527.0,367.0
925.0,0.0,1,529.0,268.0,427.0,367.0,428.0,266.0,527.0,367.0
913.0,0.0,1,531.0,264.0,425.0,366.0,427.0,262.0,528.0,367.0
913.0,0.0,1,532.0,264.0,425.0,367.0,425.0,261.0,529.0,368.0
882.0,0.0,1,532.0,264.0,424.0,370.0,425.0,262.0,529.0,370.0
865.0,0.0,1,534.0,266.0,424.0,372.0,425.0,263.0,531.0,374.0
845.0,0.0,1,534.0,265.0,424.0,372.0,424.0,261.0,533.0,374.0
836.0,0.0,1,534.0,266.0,423.0,373.0,423.0,262.0,533.0,375.0
827.0,0.0,1,534.0,265.0,422.0,374.0,422.0,262.0,532.0,375.0
835.0,0.0,1,535.0,266.0,422.0,374.0,423.0,263.0,532.0,376.0
835.0,0.0,1,535.0,267.0,422.0,375.0,422.0,264.0,532.0,376.0
827.0,0.0,1,534.0,265.0,421.0,374.0,422.0,262.0,533.0,376.0
827.0,0.0,1,535.0,265.0,421.0,375.0,422.0,262.0,533.0,376.0
816.0,0.0,0,535.0,266.0,421.0,375.0,421.0,263.0,533.0,376.0
817.0,0.0,0,535.0,266.0,421.0,375.0,421.0,263.0,533.0,376.0
816.0,0.0,0,535.0,266.0,421.0,375.0,422.0,262.0,533.0,376.0
816.0,0.0,1,535.0,267.0,421.0,376.0,421.0,264.0,533.0,377.0
816.0,0.0,1,536.0,266.0,421.0,376.0,421.0,263.0,534.0,377.0
818.0,0.0,1,536.0,267.0,420.0,379.0,421.0,264.0,534.0,381.0
808.0,0.0,1,536.0,267.0,420.0,379.0,421.0,264.0,534.0,381.0
798.0,0.0,1,537.0,265.0,419.0,380.0,421.0,264.0,536.0,383.0
779.0,0.0,1,538.0,266.0,417.0,383.0,418.0,263.0,536.0,384.0
779.0,0.0,1,539.0,265.0,416.0,384.0,416.0,264.0,536.0,386.0
758.0,0.0,1,541.0,264.0,414.0,388.0,414.0,263.0,536.0,390.0
748.0,0.0,1,543.0,264.0,410.0,393.0,411.0,262.0,540.0,394.0
692.0,0.0,1,544.0,264.0,408.0,399.0,408.0,262.0,543.0,399.0
661.0,0.0,1,552.0,264.0,407.0,402.0,408.0,261.0,548.0,404.0
661.0,0.0,1,553.0,263.0,402.0,406.0,404.0,257.0,550.0,409.0
661.0,0.0,1,556.0,262.0,398.0,412.0,400.0,258.0,553.0,415.0
629.0,0.0,1,558.0,262.0,395.0,418.0,396.0,257.0,554.0,421.0
598.0,0.0,1,561.0,261.0,393.0,423.0,394.0,257.0,557.0,426.0
557.0,0.0,1,563.0,258.0,388.0,426.0,389.0,253.0,558.0,428.0
536.0,0.0,1,564.0,258.0,386.0,429.0,387.0,253.0,562.0,432.0
516.0,0.0,1,567.0,257.0,385.0,432.0,386.0,252.0,563.0,434.0
516.0,0.0,1,570.0,258.0,385.0,435.0,386.0,252.0,565.0,437.0
504.0,0.0,1,571.0,258.0,384.0,436.0,386.0,253.0,566.0,440.0
492.0,0.0,1,571.0,258.0,384.0,436.0,386.0,253.0,566.0,440.0
481.0,0.0,1,572.0,257.0,382.0,439.0,385.0,252.0,569.0,442.0
468.0,0.0,1,575.0,253.0,379.0,441.0,380.0,249.0,571.0,444.0
460.0,0.0,1,578.0,252.0,379.0,443.0,380.0,247.0,573.0,446.0
460.0,0.0,1,578.0,252.0,379.0,443.0,380.0,248.0,573.0,447.0
460.0,0.0,1,579.0,253.0,379.0,444.0,380.0,248.0,574.0,447.0
459.0,0.0,0,579.0,252.0,379.0,443.0,380.0,248.0,574.0,447.0
459.0,0.0,0,579.0,253.0,379.0,444.0,380.0,248.0,574.0,447.0
458.0,0.0,0,579.0,252.0,379.0,444.0,380.0,248.0,574.0,447.0
459.0,0.0,0,579.0,252.0,379.0,443.0,380.0,248.0,574.0,447.0
459.0,0.0,0,579.0,252.0,379.0,443.0,380.0,248.0,574.0,447.0
460.0,0.0,0,579.0,252.0,379.0,443.0,380.0,248.0,574.0,447.0
459.0,0.0,0,578.0,252.0,379.0,443.0,380.0,248.0,574.0,447.0
459.0,0.0,0,579.0,252.0,379.0,443.0,380.0,248.0,574.0,447.0
459.0,0.0,0,579.0,252.0,379.0,443.0,380.0,248.0,574.0,447.0
459.0,0.0,0,578.0,252.0,379.0,443.0,380.0,248.0,574.0,447.0
459.0,0.0,0,578.0,252.0,379.0,443.0,380.0,248.0,574.0,447.0
459.0,0.0,0,578.0,252.0,379.0,443.0,380.0,248.0,574.0,447.0
459.0,0.0,0,578.0,252.0,379.0,444.0,380.0,248.0,574.0,447.0
459.0,0.0,0,578.0,253.0,379.0,443.0,380.0,248.0,574.0,447.0
459.0,0.0,0,579.0,252.0,379.0,443.0,380.0,248.0,574.0,447.0
459.0,0.0,0,578.0,252.0,379.0,443.0,380.0,248.0,574.0,447.0
459.0,0.0,0,578.0,252.0,379.0,444.0,380.0,248.0,574.0,447.0
459.0,0.0,0,579.0,252.0,379.0,444.0,380.0,248.0,574.0,447.0
459.0,0.0,0,579.0,252.0,379.0,443.0,380.0,248.0,574.0,447.0
459.0,0.0,0,578.0,252.0,379.0,443.0,380.0,248.0,574.0,447.0
459.0,0.0,0,578.0,252.0,379.0,444.0,380.0,248.0,574.0,447.0
459.0,0.0,0,579.0,252.0,379.0,444.0,380.0,248.0,574.0,447.0
459.0,0.0,0,579.0,252.0,379.0,444.0,380.0,248.0,574.0,447.0
459.0,0.0,0,579.0,252.0,379.0,443.0,380.0,248.0,574.0,447.0
460.0,0.0,0,578.0,252.0,379.0,444.0,380.0,248.0,574.0,447.0
459.0,0.0,0,579.0,252.0,379.0,444.0,380.0,248.0,574.0,447.0
459.0,0.0,0,579.0,252.0,379.0,443.0,380.0,248.0,574.0,447.0
459.0,0.0,0,579.0,252.0,379.0,443.0,380.0,248.0,574.0,447.0
459.0,0.0,0,579.0,252.0,379.0,443.0,380.0,248.0,574.0,447.0
459.0,0.0,0,579.0,252.0,379.0,444.0,380.0,248.0,574.0,447.0
459.0,0.0,0,579.0,252.0,379.0,443.0,380.0,248.0,574.0,447.0
460.0,0.0,0,579.0,252.0,379.0,443.0,380.0,248.0,574.0,447.0
460.0,0.0,0,579.0,252.0,379.0,443.0,380.0,248.0,574.0,447.0
460.0,0.0,0,579.0,252.0,379.0,443.0,380.0,247.0,574.0,447.0
460.0,0.0,0,579.0,252.0,379.0,443.0,380.0,248.0,574.0,447.0
460.0,0.0,0,579.0,252.0,379.0,443.0,380.0,248.0,574.0,447.0
0.0,0.0,0,568.0,259.0,564.0,425.0,0,0,396.0,421.0
0.0,0.0,0,568.0,259.0,564.0,425.0,399.0,252.0,396.0,421.0
0.0,0.0,0,568.0,259.0,564.0,425.0,399.0,252.0,396.0,421.0
533.0,0.0,0,568.0,259.0,564.0,425.0,399.0,252.0,396.0,421.0
541.0,0.0,0,568.0,259.0,564.0,425.0,398.0,252.0,396.0,421.0
541.0,0.0,0,568.0,259.0,564.0,425.0,398.0,252.0,396.0,422.0
542.0,0.0,0,568.0,259.0,564.0,425.0,398.0,253.0,396.0,422.0
542.0,0.0,0,568.0,259.0,564.0,425.0,399.0,252.0,396.0,422.0
542.0,0.0,0,568.0,259.0,564.0,425.0,398.0,252.0,396.0,422.0
541.0,0.0,0,568.0,258.0,564.0,425.0,398.0,253.0,396.0,422.0
541.0,0.0,0,568.0,258.0,564.0,425.0,398.0,253.0,396.0,422.0
541.0,0.0,0,568.0,259.0,564.0,425.0,399.0,252.0,396.0,422.0
542.0,0.0,0,568.0,259.0,564.0,425.0,399.0,252.0,396.0,422.0
541.0,0.0,0,568.0,259.0,564.0,425.0,399.0,252.0,396.0,422.0
541.0,0.0,0,568.0,258.0,564.0,425.0,399.0,252.0,396.0,421.0
542.0,0.0,0,568.0,259.0,564.0,425.0,399.0,252.0,396.0,422.0
541.0,0.0,0,568.0,258.0,564.0,425.0,399.0,252.0,396.0,422.0
538.0,0.0,0,568.0,258.0,564.0,425.0,399.0,252.0,396.0,421.0
543.0,0.0,0,568.0,258.0,564.0,425.0,399.0,252.0,396.0,421.0
542.0,0.0,0,568.0,258.0,564.0,425.0,399.0,252.0,396.0,421.0
542.0,0.0,0,568.0,258.0,564.0,425.0,399.0,252.0,396.0,421.0
534.0,0.0,0,568.0,258.0,564.0,425.0,399.0,252.0,396.0,421.0
542.0,0.0,0,568.0,258.0,564.0,425.0,399.0,252.0,396.0,421.0
542.0,0.0,0,568.0,258.0,564.0,425.0,399.0,252.0,396.0,421.0
540.0,0.0,0,568.0,258.0,564.0,425.0,399.0,252.0,396.0,421.0
533.0,0.0,0,568.0,258.0,564.0,425.0,399.0,252.0,396.0,421.0
533.0,0.0,0,568.0,259.0,564.0,425.0,398.0,252.0,396.0,421.0
541.0,0.0,0,568.0,259.0,564.0,425.0,398.0,252.0,396.0,421.0
541.0,0.0,0,568.0,258.0,564.0,425.0,399.0,252.0,396.0,421.0
540.0,0.0,0,568.0,259.0,564.0,425.0,399.0,252.0,396.0,421.0
541.0,0.0,0,568.0,259.0,564.0,425.0,398.0,252.0,396.0,421.0
542.0,0.0,0,568.0,259.0,564.0,425.0,398.0,252.0,396.0,422.0
542.0,0.0,0,568.0,259.0,564.0,425.0,398.0,253.0,396.0,422.0
541.0,0.0,0,568.0,259.0,564.0,425.0,399.0,252.0,396.0,421.0
541.0,0.0,0,568.0,259.0,564.0,425.0,398.0,252.0,396.0,422.0
541.0,0.0,0,568.0,259.0,564.0,425.0,398.0,253.0,396.0,422.0
541.0,0.0,1,568.0,258.0,564.0,425.0,399.0,252.0,396.0,421.0
540.0,0.0,1,567.0,259.0,564.0,423.0,400.0,252.0,398.0,420.0
540.0,0.0,1,567.0,262.0,563.0,425.0,401.0,258.0,399.0,422.0
551.0,0.0,1,567.0,259.0,563.0,422.0,401.0,254.0,398.0,420.0
551.0,0.0,1,567.0,258.0,563.0,421.0,401.0,252.0,399.0,419.0
552.0,0.0,1,567.0,260.0,562.0,421.0,403.0,256.0,400.0,419.0
552.0,0.0,1,567.0,260.0,562.0,421.0,403.0,256.0,400.0,419.0
561.0,0.0,1,564.0,261.0,560.0,420.0,403.0,257.0,402.0,417.0
561.0,0.0,1,564.0,261.0,560.0,418.0,405.0,257.0,403.0,415.0
571.0,0.0,1,562.0,261.0,559.0,414.0,406.0,257.0,405.0,412.0
572.0,0.0,1,560.0,262.0,558.0,413.0,407.0,258.0,406.0,410.0
592.0,0.0,1,560.0,263.0,557.0,411.0,408.0,258.0,408.0,409.0
601.0,0.0,1,560.0,263.0,557.0,410.0,409.0,258.0,408.0,408.0
601.0,0.0,1,560.0,263.0,557.0,409.0,409.0,257.0,408.0,407.0
601.0,0.0,0,560.0,262.0,557.0,410.0,409.0,257.0,408.0,407.0
600.0,0.0,0,560.0,262.0,557.0,409.0,409.0,257.0,408.0,407.0
610.0,0.0,0,560.0,262.0,557.0,409.0,409.0,257.0,408.0,407.0
609.0,0.0,1,561.0,261.0,557.0,407.0,410.0,256.0,408.0,405.0
610.0,0.0,1,560.0,263.0,557.0,408.0,410.0,258.0,410.0,406.0
610.0,0.0,1,560.0,264.0,557.0,408.0,412.0,259.0,411.0,405.0
610.0,0.0,1,560.0,263.0,556.0,407.0,411.0,258.0,410.0,404.0
609.0,0.0,1,560.0,260.0,556.0,404.0,412.0,255.0,411.0,402.0
618.0,0.0,1,560.0,264.0,556.0,405.0,414.0,259.0,412.0,404.0
618.0,0.0,1,559.0,264.0,554.0,404.0,414.0,259.0,413.0,402.0
629.0,0.0,1,559.0,264.0,554.0,404.0,414.0,259.0,413.0,402.0
641.0,0.0,1,558.0,263.0,552.0,401.0,414.0,259.0,414.0,400.0
641.0,0.0,1,554.0,264.0,552.0,400.0,414.0,259.0,414.0,398.0
652.0,0.0,1,552.0,264.0,550.0,399.0,414.0,260.0,414.0,397.0
652.0,0.0,1,552.0,264.0,548.0,397.0,414.0,260.0,414.0,395.0
671.0,0.0,1,552.0,264.0,547.0,395.0,415.0,260.0,415.0,393.0
681.0,0.0,1,550.0,264.0,545.0,394.0,416.0,262.0,416.0,392.0
692.0,0.0,1,548.0,264.0,544.0,392.0,417.0,261.0,416.0,392.0
692.0,0.0,1,547.0,264.0,544.0,392.0,417.0,261.0,416.0,391.0
701.0,0.0,1,546.0,264.0,544.0,391.0,418.0,262.0,417.0,389.0
711.0,0.0,1,545.0,264.0,543.0,388.0,420.0,262.0,418.0,386.0
720.0,0.0,1,545.0,265.0,543.0,389.0,421.0,263.0,420.0,386.0
721.0,0.0,1,545.0,263.0,543.0,385.0,421.0,261.0,420.0,385.0
730.0,0.0,0,545.0,263.0,543.0,385.0,420.0,261.0,419.0,385.0
730.0,0.0,0,545.0,263.0,543.0,386.0,420.0,261.0,419.0,385.0
730.0,0.0,0,545.0,263.0,543.0,385.0,421.0,261.0,420.0,385.0
732.0,0.0,0,545.0,263.0,543.0,385.0,421.0,261.0,420.0,385.0
732.0,0.0,0,545.0,263.0,543.0,385.0,421.0,260.0,420.0,385.0
732.0,0.0,0,545.0,263.0,543.0,385.0,420.0,260.0,420.0,385.0
732.0,0.0,0,545.0,263.0,543.0,385.0,420.0,260.0,419.0,385.0
732.0,0.0,0,545.0,263.0,543.0,385.0,420.0,261.0,419.0,385.0
731.0,0.0,0,544.0,263.0,543.0,385.0,421.0,260.0,419.0,385.0
731.0,0.0,0,545.0,263.0,543.0,385.0,420.0,260.0,419.0,385.0
732.0,0.0,0,545.0,263.0,543.0,385.0,420.0,261.0,419.0,385.0
732.0,0.0,0,544.0,263.0,543.0,385.0,420.0,261.0,419.0,385.0
732.0,0.0,0,544.0,263.0,543.0,386.0,420.0,261.0,419.0,385.0
732.0,0.0,1,544.0,263.0,543.0,386.0,420.0,261.0,419.0,385.0
732.0,0.0,1,545.0,263.0,544.0,384.0,420.0,259.0,419.0,384.0
731.0,0.0,1,544.0,264.0,543.0,384.0,422.0,262.0,421.0,385.0
732.0,0.0,1,545.0,265.0,543.0,385.0,422.0,262.0,422.0,385.0
732.0,0.0,1,544.0,264.0,544.0,384.0,422.0,262.0,422.0,384.0
742.0,0.0,0,544.0,264.0,544.0,384.0,422.0,261.0,421.0,384.0
741.0,0.0,0,544.0,264.0,544.0,384.0,422.0,261.0,421.0,384.0
742.0,0.0,1,544.0,263.0,544.0,384.0,423.0,260.0,422.0,383.0
742.0,0.0,1,544.0,263.0,544.0,384.0,423.0,260.0,422.0,383.0
742.0,0.0,1,544.0,264.0,544.0,384.0,423.0,262.0,423.0,383.0
743.0,0.0,1,545.0,265.0,544.0,384.0,423.0,263.0,423.0,384.0
751.0,0.0,1,544.0,264.0,544.0,384.0,423.0,261.0,423.0,383.0
751.0,0.0,1,545.0,262.0,543.0,383.0,424.0,258.0,423.0,379.0
759.0,0.0,1,545.0,264.0,544.0,384.0,425.0,262.0,424.0,382.0
759.0,0.0,0,544.0,266.0,544.0,384.0,424.0,263.0,424.0,384.0
758.0,0.0,0,544.0,264.0,544.0,384.0,424.0,261.0,423.0,381.0
759.0,0.0,1,544.0,264.0,544.0,384.0,424.0,261.0,423.0,382.0
759.0,0.0,1,544.0,263.0,543.0,383.0,424.0,260.0,424.0,380.0
759.0,0.0,1,544.0,264.0,542.0,382.0,424.0,261.0,424.0,379.0
759.0,0.0,1,544.0,264.0,542.0,381.0,426.0,262.0,424.0,377.0
759.0,0.0,1,544.0,264.0,542.0,380.0,427.0,263.0,426.0,377.0
771.0,0.0,1,543.0,264.0,542.0,377.0,428.0,263.0,427.0,376.0
782.0,0.0,1,542.0,265.0,541.0,377.0,429.0,263.0,428.0,376.0
791.0,0.0,1,542.0,265.0,539.0,376.0,429.0,263.0,428.0,376.0
809.0,0.0,1,542.0,265.0,539.0,376.0,429.0,263.0,428.0,376.0
818.0,0.0,1,541.0,265.0,539.0,375.0,429.0,263.0,430.0,374.0
818.0,0.0,1,541.0,265.0,539.0,375.0,430.0,262.0,431.0,373.0
826.0,0.0,1,541.0,266.0,538.0,375.0,431.0,264.0,431.0,372.0
837.0,0.0,1,540.0,265.0,537.0,374.0,431.0,263.0,432.0,372.0
837.0,0.0,1,541.0,265.0,538.0,374.0,431.0,262.0,432.0,372.0
836.0,0.0,0,541.0,264.0,538.0,374.0,431.0,261.0,432.0,371.0
836.0,0.0,0,541.0,264.0,538.0,374.0,431.0,261.0,432.0,371.0
836.0,0.0,0,541.0,264.0,538.0,374.0,431.0,261.0,432.0,371.0
845.0,0.0,0,541.0,264.0,538.0,374.0,431.0,261.0,432.0,371.0
836.0,0.0,0,541.0,264.0,538.0,374.0,431.0,261.0,432.0,371.0
837.0,0.0,0,541.0,264.0,538.0,374.0,431.0,261.0,432.0,371.0
836.0,0.0,0,541.0,264.0,538.0,374.0,431.0,261.0,432.0,371.0
836.0,0.0,0,541.0,264.0,538.0,374.0,431.0,261.0,432.0,371.0
836.0,0.0,0,541.0,264.0,538.0,374.0,431.0,261.0,432.0,371.0
846.0,0.0,0,541.0,264.0,538.0,374.0,431.0,261.0,432.0,371.0
836.0,0.0,0,541.0,264.0,538.0,373.0,431.0,261.0,432.0,371.0
837.0,0.0,0,541.0,264.0,538.0,374.0,431.0,261.0,432.0,371.0
837.0,0.0,0,541.0,264.0,538.0,374.0,431.0,261.0,432.0,371.0
837.0,0.0,0,541.0,264.0,538.0,374.0,431.0,261.0,432.0,371.0
837.0,0.0,1,541.0,264.0,538.0,373.0,431.0,261.0,432.0,371.0
837.0,0.0,1,541.0,264.0,538.0,371.0,431.0,261.0,431.0,370.0
837.0,0.0,1,541.0,264.0,538.0,370.0,431.0,261.0,431.0,370.0
846.0,0.0,1,541.0,264.0,538.0,371.0,433.0,262.0,432.0,370.0
855.0,0.0,1,541.0,265.0,538.0,371.0,434.0,263.0,432.0,370.0
847.0,0.0,0,540.0,264.0,538.0,370.0,433.0,262.0,432.0,370.0
847.0,0.0,0,540.0,264.0,537.0,369.0,432.0,261.0,432.0,369.0
847.0,0.0,0,540.0,264.0,537.0,370.0,433.0,261.0,432.0,370.0
847.0,0.0,0,540.0,264.0,537.0,370.0,432.0,261.0,432.0,370.0
856.0,0.0,0,540.0,264.0,537.0,368.0,432.0,260.0,431.0,368.0
857.0,0.0,1,540.0,264.0,537.0,369.0,433.0,261.0,432.0,369.0
858.0,0.0,1,540.0,265.0,537.0,370.0,434.0,264.0,433.0,370.0
858.0,0.0,1,540.0,264.0,537.0,368.0,434.0,262.0,433.0,368.0
866.0,0.0,1,539.0,263.0,536.0,367.0,433.0,260.0,432.0,365.0
866.0,0.0,1,540.0,264.0,536.0,368.0,434.0,262.0,434.0,367.0
865.0,0.0,1,540.0,264.0,536.0,368.0,434.0,262.0,434.0,367.0
875.0,0.0,1,540.0,264.0,536.0,367.0,435.0,262.0,434.0,366.0
885.0,0.0,1,539.0,264.0,536.0,366.0,435.0,261.0,434.0,364.0
885.0,0.0,1,538.0,264.0,535.0,365.0,435.0,262.0,434.0,364.0
893.0,0.0,1,537.0,265.0,535.0,365.0,435.0,262.0,434.0,364.0
904.0,0.0,1,537.0,265.0,535.0,363.0,435.0,262.0,435.0,362.0
915.0,0.0,1,535.0,266.0,533.0,362.0,435.0,262.0,435.0,362.0
942.0,0.0,1,535.0,266.0,533.0,362.0,436.0,264.0,436.0,362.0
942.0,0.0,1,533.0,266.0,532.0,361.0,435.0,264.0,436.0,362.0
942.0,0.0,1,534.0,265.0,532.0,360.0,436.0,262.0,435.0,361.0
944.0,0.0,1,534.0,265.0,532.0,360.0,435.0,262.0,435.0,360.0
944.0,0.0,0,534.0,265.0,532.0,360.0,436.0,261.0,435.0,360.0
942.0,0.0,0,534.0,265.0,532.0,360.0,435.0,262.0,435.0,361.0
941.0,0.0,0,534.0,265.0,532.0,360.0,435.0,262.0,435.0,360.0
942.0,0.0,0,534.0,265.0,532.0,360.0,435.0,261.0,435.0,360.0
942.0,0.0,0,534.0,265.0,532.0,360.0,435.0,261.0,435.0,360.0
941.0,0.0,0,534.0,265.0,532.0,360.0,435.0,261.0,435.0,360.0
942.0,0.0,0,534.0,265.0,532.0,360.0,435.0,262.0,435.0,360.0
942.0,0.0,0,533.0,265.0,532.0,360.0,435.0,262.0,435.0,360.0
943.0,0.0,0,533.0,265.0,532.0,360.0,435.0,262.0,435.0,360.0
943.0,0.0,0,534.0,265.0,532.0,360.0,435.0,261.0,435.0,360.0
943.0,0.0,0,534.0,265.0,532.0,360.0,435.0,261.0,435.0,360.0
942.0,0.0,0,534.0,265.0,532.0,360.0,435.0,262.0,435.0,360.0
942.0,0.0,0,533.0,265.0,532.0,360.0,435.0,262.0,435.0,360.0
942.0,0.0,0,533.0,265.0,532.0,360.0,435.0,262.0,435.0,361.0
942.0,0.0,1,534.0,265.0,532.0,360.0,435.0,262.0,435.0,361.0
942.0,0.0,1,534.0,263.0,532.0,360.0,436.0,261.0,436.0,359.0
942.0,0.0,1,533.0,264.0,531.0,360.0,436.0,261.0,436.0,359.0
941.0,0.0,1,533.0,266.0,531.0,360.0,436.0,263.0,436.0,360.0
951.0,0.0,1,533.0,265.0,531.0,360.0,436.0,262.0,436.0,359.0
950.0,0.0,1,533.0,264.0,531.0,360.0,436.0,261.0,436.0,358.0
951.0,0.0,1,533.0,264.0,531.0,360.0,436.0,261.0,436.0,358.0
951.0,0.0,1,533.0,263.0,531.0,360.0,436.0,261.0,436.0,357.0
951.0,0.0,1,533.0,263.0,531.0,359.0,436.0,260.0,436.0,356.0
952.0,0.0,1,533.0,264.0,531.0,359.0,437.0,261.0,437.0,356.0
962.0,0.0,1,533.0,265.0,531.0,359.0,439.0,263.0,438.0,356.0
963.0,0.0,1,532.0,266.0,531.0,357.0,440.0,263.0,438.0,356.0
989.0,0.0,1,532.0,266.0,531.0,357.0,440.0,263.0,438.0,356.0
999.0,0.0,1,532.0,267.0,531.0,357.0,440.0,264.0,440.0,356.0
999.0,0.0,1,532.0,267.0,531.0,357.0,441.0,264.0,441.0,356.0
1009.0,0.0,1,532.0,267.0,530.0,355.0,442.0,264.0,442.0,355.0
1009.0,0.0,1,532.0,268.0,530.0,356.0,442.0,266.0,442.0,355.0
1018.0,0.0,1,531.0,268.0,529.0,357.0,443.0,267.0,442.0,356.0
1031.0,0.0,1,532.0,268.0,529.0,356.0,442.0,266.0,442.0,355.0
1030.0,0.0,0,532.0,268.0,530.0,355.0,442.0,266.0,442.0,355.0
1030.0,0.0,0,532.0,268.0,530.0,356.0,442.0,266.0,442.0,355.0
1030.0,0.0,0,532.0,268.0,530.0,356.0,442.0,266.0,442.0,355.0
1030.0,0.0,0,532.0,268.0,530.0,356.0,442.0,266.0,442.0,355.0
1029.0,0.0,0,532.0,268.0,530.0,356.0,442.0,266.0,442.0,355.0
1040.0,0.0,0,532.0,268.0,530.0,356.0,442.0,266.0,442.0,355.0
1030.0,0.0,0,532.0,268.0,530.0,356.0,442.0,266.0,442.0,355.0
1030.0,0.0,0,532.0,268.0,530.0,356.0,442.0,266.0,442.0,355.0
1030.0,0.0,0,532.0,268.0,530.0,356.0,442.0,266.0,442.0,355.0
1030.0,0.0,0,532.0,268.0,530.0,356.0,442.0,266.0,442.0,355.0
1030.0,0.0,0,532.0,268.0,530.0,356.0,442.0,266.0,442.0,355.0
1040.0,0.0,0,532.0,268.0,530.0,356.0,442.0,266.0,442.0,355.0
1040.0,0.0,0,532.0,268.0,530.0,356.0,442.0,266.0,442.0,355.0
1040.0,0.0,0,532.0,268.0,530.0,356.0,442.0,266.0,442.0,355.0
1030.0,0.0,0,532.0,268.0,530.0,356.0,442.0,266.0,442.0,355.0
1030.0,0.0,0,532.0,268.0,530.0,356.0,442.0,266.0,442.0,355.0
1040.0,0.0,0,532.0,268.0,530.0,356.0,442.0,266.0,442.0,355.0
1030.0,0.0,0,532.0,268.0,530.0,356.0,442.0,266.0,442.0,355.0
1040.0,0.0,0,532.0,268.0,530.0,356.0,442.0,266.0,442.0,355.0
1040.0,0.0,0,532.0,268.0,530.0,356.0,442.0,266.0,442.0,355.0
1040.0,0.0,0,532.0,268.0,530.0,356.0,442.0,266.0,442.0,355.0
1030.0,0.0,0,532.0,268.0,530.0,356.0,442.0,266.0,442.0,354.0
1040.0,0.0,0,532.0,268.0,530.0,355.0,442.0,266.0,442.0,355.0
1040.0,0.0,0,532.0,268.0,530.0,356.0,442.0,266.0,442.0,355.0
1030.0,0.0,0,532.0,268.0,530.0,355.0,442.0,266.0,442.0,354.0
1030.0,0.0,0,532.0,268.0,530.0,355.0,442.0,266.0,442.0,354.0
1040.0,0.0,0,532.0,268.0,530.0,355.0,442.0,266.0,442.0,354.0
1040.0,0.0,0,532.0,268.0,530.0,355.0,442.0,266.0,442.0,354.0
1030.0,0.0,0,532.0,268.0,530.0,355.0,442.0,266.0,442.0,354.0
1030.0,0.0,0,532.0,268.0,530.0,355.0,442.0,266.0,442.0,354.0
1031.0,0.0,0,532.0,268.0,530.0,355.0,442.0,266.0,442.0,354.0
1031.0,0.0,0,532.0,268.0,530.0,355.0,442.0,266.0,442.0,354.0
1030.0,0.0,0,532.0,268.0,530.0,355.0,442.0,266.0,442.0,354.0
1030.0,0.0,0,532.0,268.0,530.0,355.0,442.0,266.0,442.0,355.0
1031.0,0.0,0,532.0,268.0,530.0,355.0,442.0,266.0,442.0,355.0
1030.0,0.0,0,532.0,268.0,530.0,355.0,442.0,266.0,442.0,354.0
1031.0,0.0,0,532.0,268.0,530.0,355.0,442.0,266.0,442.0,354.0
1031.0,0.0,0,532.0,268.0,530.0,355.0,442.0,266.0,442.0,355.0
1025.0,0.0,0,532.0,268.0,530.0,355.0,442.0,266.0,442.0,355.0
1030.0,0.0,0,532.0,268.0,530.0,356.0,442.0,266.0,442.0,355.0
1030.0,0.0,0,532.0,268.0,530.0,355.0,442.0,266.0,442.0,355.0
1041.0,0.0,0,532.0,268.0,530.0,355.0,442.0,266.0,442.0,355.0
1031.0,0.0,1,532.0,268.0,529.0,355.0,442.0,265.0,442.0,354.0
1041.0,0.0,1,532.0,268.0,529.0,355.0,442.0,265.0,442.0,354.0
1041.0,0.0,1,531.0,267.0,529.0,354.0,442.0,264.0,442.0,353.0
1041.0,0.0,1,531.0,268.0,529.0,356.0,442.0,266.0,442.0,355.0
1041.0,0.0,1,531.0,268.0,529.0,356.0,443.0,267.0,443.0,355.0
1040.0,0.0,1,532.0,268.0,528.0,354.0,442.0,266.0,442.0,354.0
1050.0,0.0,1,532.0,268.0,529.0,355.0,442.0,266.0,442.0,354.0
1040.0,0.0,1,531.0,267.0,529.0,354.0,443.0,265.0,442.0,353.0
1040.0,0.0,1,532.0,268.0,529.0,354.0,443.0,266.0,442.0,353.0
1040.0,0.0,1,532.0,268.0,528.0,354.0,443.0,266.0,442.0,353.0
1051.0,0.0,1,530.0,269.0,528.0,354.0,443.0,267.0,442.0,353.0
1061.0,0.0,1,529.0,268.0,527.0,353.0,443.0,267.0,442.0,351.0
1080.0,0.0,1,528.0,267.0,526.0,351.0,443.0,266.0,442.0,349.0
1091.0,0.0,1,528.0,268.0,526.0,350.0,444.0,266.0,442.0,349.0
1091.0,0.0,1,528.0,268.0,525.0,350.0,443.0,266.0,442.0,349.0
1101.0,0.0,1,526.0,270.0,524.0,351.0,444.0,268.0,442.0,349.0
1101.0,0.0,1,526.0,271.0,524.0,352.0,443.0,268.0,442.0,350.0
1120.0,0.0,1,526.0,273.0,523.0,353.0,443.0,270.0,442.0,351.0
1128.0,0.0,1,525.0,274.0,523.0,354.0,443.0,271.0,442.0,353.0
1140.0,0.0,1,524.0,274.0,523.0,353.0,443.0,271.0,442.0,352.0
1140.0,0.0,0,524.0,274.0,523.0,353.0,443.0,271.0,442.0,352.0
1148.0,0.0,0,525.0,273.0,523.0,353.0,442.0,270.0,441.0,351.0
1146.0,0.0,1,525.0,272.0,523.0,352.0,442.0,270.0,441.0,350.0
1139.0,0.0,0,525.0,272.0,523.0,352.0,442.0,270.0,441.0,350.0
1140.0,0.0,0,525.0,272.0,523.0,352.0,442.0,270.0,441.0,350.0
1148.0,0.0,0,525.0,273.0,523.0,353.0,442.0,270.0,441.0,350.0
1148.0,0.0,0,525.0,272.0,523.0,352.0,442.0,270.0,441.0,350.0
1148.0,0.0,0,525.0,272.0,523.0,352.0,442.0,270.0,441.0,350.0
1138.0,0.0,0,525.0,272.0,523.0,352.0,442.0,270.0,441.0,350.0
1148.0,0.0,1,524.0,274.0,523.0,354.0,442.0,271.0,441.0,353.0
1138.0,0.0,1,526.0,270.0,523.0,351.0,443.0,268.0,441.0,350.0
1128.0,0.0,1,526.0,271.0,523.0,352.0,443.0,269.0,441.0,350.0
1128.0,0.0,1,526.0,273.0,524.0,354.0,442.0,270.0,442.0,353.0
1128.0,0.0,1,527.0,267.0,525.0,350.0,442.0,266.0,442.0,349.0
1127.0,0.0,1,528.0,268.0,525.0,351.0,442.0,266.0,442.0,349.0
1119.0,0.0,1,528.0,268.0,526.0,353.0,442.0,266.0,441.0,351.0
1091.0,0.0,1,528.0,268.0,526.0,353.0,442.0,266.0,441.0,351.0
1081.0,0.0,1,530.0,266.0,527.0,351.0,442.0,265.0,442.0,350.0
1081.0,0.0,1,530.0,268.0,528.0,354.0,442.0,266.0,442.0,353.0
1061.0,0.0,1,530.0,268.0,528.0,354.0,442.0,266.0,441.0,352.0
1070.0,0.0,1,530.0,269.0,528.0,354.0,442.0,266.0,442.0,353.0
1061.0,0.0,0,530.0,269.0,528.0,354.0,442.0,266.0,442.0,353.0
1069.0,0.0,1,530.0,268.0,528.0,354.0,442.0,266.0,442.0,353.0
1060.0,0.0,1,530.0,269.0,528.0,355.0,443.0,267.0,442.0,354.0
1060.0,0.0,1,530.0,269.0,528.0,355.0,442.0,266.0,442.0,354.0
1060.0,0.0,1,530.0,266.0,528.0,354.0,442.0,264.0,441.0,352.0
1060.0,0.0,1,531.0,268.0,528.0,354.0,442.0,266.0,442.0,354.0
1050.0,0.0,1,530.0,269.0,528.0,356.0,443.0,267.0,442.0,355.0
1050.0,0.0,1,530.0,269.0,528.0,356.0,442.0,267.0,441.0,355.0
1051.0,0.0,1,532.0,268.0,529.0,356.0,442.0,266.0,442.0,355.0
1051.0,0.0,1,531.0,269.0,530.0,358.0,441.0,267.0,440.0,357.0
1040.0,0.0,1,532.0,268.0,530.0,358.0,440.0,266.0,439.0,357.0
1029.0,0.0,1,532.0,268.0,530.0,358.0,440.0,266.0,439.0,357.0
1019.0,0.0,1,532.0,266.0,530.0,360.0,436.0,265.0,436.0,359.0
990.0,0.0,1,532.0,266.0,530.0,360.0,436.0,265.0,436.0,359.0
963.0,0.0,1,532.0,267.0,530.0,362.0,435.0,264.0,435.0,362.0
932.0,0.0,1,535.0,266.0,533.0,365.0,435.0,263.0,434.0,364.0
932.0,0.0,1,538.0,264.0,535.0,366.0,435.0,262.0,433.0,364.0
905.0,0.0,1,539.0,264.0,536.0,368.0,433.0,262.0,432.0,368.0
884.0,0.0,1,540.0,264.0,536.0,370.0,433.0,262.0,431.0,370.0
874.0,0.0,1,541.0,266.0,538.0,374.0,433.0,264.0,432.0,372.0
846.0,0.0,1,541.0,265.0,538.0,375.0,431.0,263.0,431.0,372.0
837.0,0.0,1,541.0,264.0,540.0,374.0,431.0,261.0,431.0,372.0
837.0,0.0,1,541.0,265.0,539.0,375.0,430.0,262.0,430.0,374.0
826.0,0.0,1,542.0,268.0,539.0,377.0,431.0,266.0,429.0,376.0
826.0,0.0,1,542.0,265.0,541.0,376.0,429.0,263.0,429.0,375.0
818.0,0.0,1,544.0,264.0,543.0,376.0,430.0,261.0,429.0,375.0
808.0,0.0,1,543.0,265.0,542.0,377.0,429.0,263.0,429.0,376.0
808.0,0.0,1,544.0,266.0,542.0,377.0,429.0,263.0,429.0,376.0
808.0,0.0,1,544.0,267.0,542.0,380.0,429.0,264.0,429.0,377.0
808.0,0.0,1,544.0,266.0,542.0,380.0,429.0,264.0,429.0,377.0
808.0,0.0,1,544.0,266.0,542.0,380.0,429.0,264.0,429.0,377.0
800.0,0.0,1,544.0,266.0,543.0,383.0,429.0,264.0,427.0,380.0
781.0,0.0,1,546.0,266.0,544.0,384.0,427.0,264.0,426.0,383.0
771.0,0.0,1,546.0,266.0,544.0,384.0,425.0,264.0,424.0,384.0
771.0,0.0,1,546.0,265.0,544.0,386.0,423.0,263.0,423.0,384.0
752.0,0.0,1,548.0,264.0,545.0,388.0,422.0,262.0,421.0,386.0
733.0,0.0,1,549.0,264.0,546.0,390.0,421.0,262.0,420.0,389.0
722.0,0.0,1,550.0,265.0,546.0,391.0,421.0,263.0,420.0,390.0
705.0,0.0,1,551.0,264.0,546.0,391.0,420.0,262.0,419.0,390.0
704.0,0.0,1,551.0,264.0,547.0,391.0,421.0,262.0,419.0,390.0
704.0,0.0,1,550.0,265.0,547.0,393.0,421.0,263.0,419.0,392.0
704.0,0.0,1,551.0,264.0,548.0,393.0,420.0,262.0,418.0,392.0
705.0,0.0,1,552.0,264.0,549.0,392.0,418.0,260.0,416.0,391.0
703.0,0.0,1,551.0,264.0,548.0,393.0,419.0,262.0,416.0,392.0
694.0,0.0,1,552.0,264.0,549.0,393.0,420.0,262.0,418.0,392.0
691.0,0.0,1,552.0,264.0,549.0,393.0,420.0,262.0,418.0,392.0
691.0,0.0,1,552.0,264.0,549.0,393.0,420.0,262.0,418.0,392.0
691.0,0.0,1,552.0,264.0,549.0,394.0,419.0,262.0,417.0,393.0
691.0,0.0,1,552.0,264.0,549.0,396.0,418.0,262.0,417.0,394.0
681.0,0.0,1,552.0,264.0,551.0,399.0,417.0,262.0,417.0,397.0
672.0,0.0,1,556.0,265.0,552.0,400.0,416.0,263.0,416.0,399.0
662.0,0.0,1,560.0,264.0,556.0,404.0,416.0,262.0,416.0,401.0
662.0,0.0,1,561.0,265.0,559.0,407.0,416.0,262.0,415.0,405.0
642.0,0.0,1,562.0,263.0,559.0,409.0,413.0,258.0,411.0,407.0
620.0,0.0,1,566.0,262.0,562.0,413.0,410.0,257.0,410.0,410.0
600.0,0.0,1,567.0,262.0,563.0,416.0,409.0,258.0,409.0,413.0
582.0,0.0,1,567.0,263.0,564.0,418.0,408.0,259.0,406.0,416.0
572.0,0.0,1,568.0,261.0,565.0,419.0,407.0,258.0,405.0,417.0
572.0,0.0,1,568.0,261.0,565.0,419.0,406.0,257.0,405.0,418.0
564.0,0.0,1,568.0,262.0,565.0,420.0,407.0,259.0,405.0,418.0
564.0,0.0,1,568.0,263.0,565.0,421.0,407.0,259.0,406.0,419.0
563.0,0.0,1,568.0,262.0,565.0,419.0,407.0,258.0,405.0,418.0
563.0,0.0,1,568.0,262.0,565.0,420.0,407.0,259.0,405.0,418.0
563.0,0.0,0,569.0,262.0,565.0,420.0,407.0,259.0,405.0,418.0
563.0,0.0,0,569.0,262.0,565.0,420.0,407.0,259.0,405.0,418.0
562.0,0.0,0,569.0,262.0,565.0,420.0,407.0,259.0,405.0,418.0
563.0,0.0,1,569.0,260.0,565.0,417.0,408.0,255.0,406.0,415.0
563.0,0.0,1,567.0,262.0,564.0,417.0,408.0,259.0,406.0,416.0
573.0,0.0,1,567.0,263.0,563.0,417.0,408.0,259.0,407.0,414.0
573.0,0.0,1,568.0,258.0,564.0,413.0,410.0,254.0,409.0,411.0
573.0,0.0,1,567.0,263.0,562.0,413.0,411.0,258.0,410.0,411.0
582.0,0.0,1,566.0,262.0,561.0,409.0,413.0,257.0,412.0,408.0
592.0,0.0,1,565.0,263.0,560.0,409.0,415.0,257.0,413.0,407.0
600.0,0.0,1,564.0,262.0,560.0,406.0,416.0,257.0,415.0,404.0
611.0,0.0,1,561.0,263.0,559.0,406.0,417.0,258.0,415.0,404.0
611.0,0.0,1,560.0,264.0,559.0,404.0,418.0,259.0,416.0,401.0
620.0,0.0,1,560.0,264.0,558.0,401.0,418.0,259.0,416.0,400.0
630.0,0.0,1,560.0,264.0,555.0,400.0,418.0,259.0,417.0,399.0
642.0,0.0,1,557.0,264.0,552.0,399.0,417.0,259.0,417.0,397.0
662.0,0.0,1,554.0,264.0,552.0,398.0,417.0,260.0,417.0,395.0
663.0,0.0,1,553.0,263.0,552.0,398.0,417.0,260.0,417.0,395.0
673.0,0.0,1,553.0,263.0,551.0,393.0,419.0,260.0,418.0,393.0
673.0,0.0,1,552.0,264.0,551.0,393.0,421.0,262.0,419.0,393.0
682.0,0.0,1,552.0,264.0,549.0,394.0,422.0,262.0,420.0,393.0
692.0,0.0,1,552.0,264.0,551.0,392.0,422.0,262.0,421.0,391.0
692.0,0.0,1,552.0,264.0,550.0,391.0,421.0,261.0,420.0,390.0
692.0,0.0,0,552.0,264.0,550.0,392.0,421.0,261.0,420.0,390.0
692.0,0.0,0,552.0,264.0,550.0,392.0,421.0,261.0,420.0,391.0
692.0,0.0,1,552.0,264.0,550.0,391.0,422.0,260.0,420.0,390.0
692.0,0.0,1,552.0,264.0,550.0,391.0,421.0,258.0,419.0,390.0
692.0,0.0,1,552.0,264.0,550.0,391.0,422.0,261.0,421.0,390.0
692.0,0.0,1,551.0,264.0,550.0,391.0,423.0,263.0,423.0,391.0
702.0,0.0,1,551.0,264.0,548.0,390.0,422.0,261.0,421.0,389.0
711.0,0.0,1,552.0,264.0,548.0,390.0,422.0,261.0,421.0,390.0
714.0,0.0,1,552.0,264.0,549.0,390.0,422.0,261.0,421.0,390.0
714.0,0.0,1,552.0,264.0,548.0,389.0,422.0,259.0,422.0,388.0
705.0,0.0,1,551.0,263.0,547.0,389.0,423.0,260.0,422.0,387.0
713.0,0.0,1,551.0,263.0,546.0,387.0,424.0,260.0,423.0,384.0
714.0,0.0,1,551.0,263.0,546.0,387.0,424.0,260.0,423.0,384.0
724.0,0.0,1,550.0,264.0,546.0,386.0,424.0,261.0,424.0,384.0
744.0,0.0,1,549.0,264.0,544.0,384.0,425.0,262.0,424.0,384.0
753.0,0.0,1,548.0,264.0,544.0,384.0,426.0,262.0,424.0,383.0
753.0,0.0,1,548.0,264.0,544.0,384.0,427.0,263.0,426.0,382.0
760.0,0.0,1,547.0,264.0,544.0,383.0,429.0,262.0,428.0,380.0
772.0,0.0,1,546.0,264.0,544.0,380.0,430.0,262.0,429.0,377.0
782.0,0.0,1,546.0,264.0,544.0,378.0,430.0,261.0,430.0,377.0
782.0,0.0,1,546.0,264.0,544.0,376.0,431.0,262.0,431.0,376.0
801.0,0.0,1,545.0,266.0,543.0,378.0,431.0,263.0,431.0,376.0
801.0,0.0,1,545.0,265.0,544.0,376.0,431.0,261.0,431.0,375.0
801.0,0.0,1,545.0,265.0,544.0,376.0,431.0,261.0,431.0,375.0
801.0,0.0,0,546.0,264.0,544.0,376.0,431.0,261.0,431.0,375.0
811.0,0.0,0,545.0,265.0,544.0,376.0,431.0,261.0,431.0,375.0
801.0,0.0,0,544.0,266.0,543.0,376.0,430.0,263.0,430.0,376.0
801.0,0.0,1,545.0,266.0,543.0,377.0,430.0,262.0,430.0,376.0
801.0,0.0,1,546.0,263.0,544.0,376.0,431.0,260.0,430.0,375.0
801.0,0.0,1,546.0,264.0,544.0,379.0,431.0,262.0,430.0,377.0
801.0,0.0,1,546.0,264.0,544.0,379.0,431.0,262.0,430.0,377.0
801.0,0.0,1,546.0,264.0,544.0,378.0,430.0,262.0,430.0,377.0
801.0,0.0,1,546.0,264.0,544.0,378.0,431.0,261.0,430.0,377.0
791.0,0.0,0,546.0,264.0,544.0,377.0,431.0,261.0,430.0,377.0
791.0,0.0,1,546.0,264.0,544.0,378.0,430.0,262.0,430.0,377.0
791.0,0.0,1,546.0,265.0,544.0,382.0,430.0,264.0,430.0,378.0
791.0,0.0,1,547.0,264.0,544.0,382.0,429.0,263.0,429.0,379.0
791.0,0.0,1,548.0,266.0,544.0,384.0,429.0,263.0,428.0,383.0
782.0,0.0,1,549.0,264.0,544.0,384.0,428.0,264.0,426.0,383.0
761.0,0.0,1,550.0,265.0,546.0,386.0,426.0,263.0,424.0,384.0
761.0,0.0,1,551.0,264.0,548.0,390.0,423.0,263.0,423.0,390.0
743.0,0.0,1,552.0,263.0,551.0,391.0,422.0,259.0,421.0,390.0
724.0,0.0,1,553.0,263.0,551.0,393.0,422.0,260.0,419.0,393.0
705.0,0.0,1,555.0,264.0,552.0,396.0,421.0,260.0,418.0,394.0
684.0,0.0,1,559.0,263.0,553.0,398.0,421.0,261.0,419.0,395.0
675.0,0.0,1,560.0,264.0,554.0,399.0,419.0,259.0,418.0,397.0
675.0,0.0,1,560.0,264.0,554.0,399.0,419.0,259.0,418.0,397.0
665.0,0.0,1,560.0,264.0,555.0,399.0,420.0,259.0,418.0,397.0
665.0,0.0,1,560.0,264.0,555.0,399.0,420.0,259.0,418.0,397.0
665.0,0.0,1,560.0,264.0,555.0,399.0,421.0,261.0,418.0,398.0
664.0,0.0,0,560.0,264.0,555.0,399.0,419.0,259.0,418.0,397.0
664.0,0.0,0,560.0,264.0,555.0,399.0,420.0,260.0,418.0,397.0
664.0,0.0,1,560.0,264.0,555.0,399.0,420.0,260.0,419.0,397.0
655.0,0.0,1,560.0,264.0,555.0,399.0,420.0,259.0,418.0,397.0
665.0,0.0,1,559.0,263.0,555.0,396.0,420.0,257.0,418.0,395.0
664.0,0.0,1,556.0,265.0,552.0,399.0,420.0,262.0,418.0,396.0
665.0,0.0,1,556.0,265.0,552.0,399.0,420.0,262.0,418.0,397.0
675.0,0.0,1,556.0,263.0,553.0,397.0,419.0,258.0,418.0,394.0
675.0,0.0,1,555.0,262.0,552.0,393.0,420.0,258.0,418.0,393.0
675.0,0.0,1,553.0,264.0,551.0,393.0,421.0,261.0,420.0,393.0
675.0,0.0,1,552.0,264.0,552.0,392.0,422.0,262.0,422.0,392.0
684.0,0.0,1,552.0,264.0,551.0,392.0,423.0,261.0,423.0,391.0
694.0,0.0,1,552.0,264.0,550.0,391.0,423.0,261.0,422.0,389.0
713.0,0.0,1,552.0,264.0,548.0,388.0,424.0,260.0,423.0,385.0
713.0,0.0,1,552.0,264.0,548.0,388.0,424.0,260.0,423.0,385.0
723.0,0.0,1,551.0,264.0,547.0,386.0,424.0,262.0,424.0,384.0
732.0,0.0,1,550.0,264.0,546.0,385.0,425.0,262.0,424.0,384.0
732.0,0.0,1,550.0,264.0,546.0,384.0,427.0,262.0,425.0,383.0
732.0,0.0,1,549.0,264.0,545.0,383.0,429.0,263.0,426.0,383.0
759.0,0.0,1,549.0,265.0,544.0,384.0,429.0,263.0,427.0,383.0
770.0,0.0,0,549.0,264.0,544.0,384.0,429.0,263.0,427.0,382.0
770.0,0.0,0,549.0,264.0,544.0,383.0,429.0,262.0,427.0,381.0
770.0,0.0,0,549.0,264.0,544.0,383.0,429.0,262.0,428.0,381.0
760.0,0.0,0,549.0,264.0,544.0,383.0,429.0,262.0,428.0,381.0
760.0,0.0,0,549.0,264.0,545.0,383.0,429.0,262.0,427.0,381.0
760.0,0.0,0,549.0,264.0,544.0,383.0,429.0,262.0,428.0,381.0
760.0,0.0,1,549.0,264.0,544.0,384.0,429.0,263.0,427.0,382.0
760.0,0.0,1,549.0,264.0,544.0,384.0,428.0,263.0,426.0,382.0
759.0,0.0,1,550.0,263.0,546.0,382.0,428.0,260.0,426.0,381.0
760.0,0.0,1,549.0,264.0,545.0,384.0,427.0,262.0,425.0,383.0
753.0,0.0,0,549.0,264.0,545.0,384.0,428.0,262.0,426.0,383.0
751.0,0.0,1,550.0,265.0,546.0,385.0,427.0,264.0,425.0,384.0
752.0,0.0,1,550.0,265.0,546.0,385.0,427.0,264.0,425.0,384.0
752.0,0.0,1,550.0,264.0,546.0,385.0,426.0,262.0,424.0,384.0
752.0,0.0,1,551.0,265.0,548.0,387.0,425.0,263.0,424.0,385.0
743.0,0.0,1,551.0,264.0,548.0,390.0,424.0,262.0,423.0,388.0
733.0,0.0,1,552.0,264.0,551.0,392.0,423.0,263.0,424.0,392.0
723.0,0.0,1,555.0,265.0,552.0,395.0,422.0,262.0,421.0,393.0
684.0,0.0,1,559.0,264.0,554.0,399.0,420.0,262.0,418.0,398.0
684.0,0.0,1,562.0,266.0,559.0,405.0,420.0,262.0,418.0,403.0
664.0,0.0,1,567.0,264.0,562.0,410.0,416.0,261.0,416.0,408.0
644.0,0.0,1,569.0,262.0,565.0,415.0,413.0,258.0,411.0,413.0
613.0,0.0,1,571.0,261.0,568.0,420.0,409.0,258.0,408.0,419.0
584.0,0.0,1,575.0,260.0,571.0,425.0,406.0,257.0,404.0,423.0
544.0,0.0,1,577.0,260.0,573.0,429.0,404.0,254.0,402.0,427.0
544.0,0.0,1,580.0,257.0,577.0,434.0,402.0,252.0,400.0,430.0
523.0,0.0,1,582.0,255.0,579.0,435.0,402.0,251.0,398.0,432.0
502.0,0.0,1,582.0,255.0,579.0,435.0,402.0,251.0,398.0,432.0
490.0,0.0,1,583.0,258.0,580.0,436.0,402.0,252.0,398.0,434.0
491.0,0.0,0,583.0,258.0,580.0,436.0,402.0,252.0,398.0,434.0
491.0,0.0,0,584.0,258.0,580.0,436.0,402.0,252.0,400.0,434.0
495.0,0.0,0,584.0,257.0,580.0,436.0,402.0,252.0,399.0,434.0
493.0,0.0,0,584.0,257.0,580.0,436.0,402.0,252.0,400.0,434.0
493.0,0.0,1,583.0,253.0,579.0,433.0,402.0,250.0,400.0,430.0
493.0,0.0,1,580.0,258.0,578.0,434.0,403.0,253.0,402.0,430.0
503.0,0.0,1,579.0,257.0,575.0,430.0,403.0,254.0,401.0,428.0
513.0,0.0,1,577.0,259.0,574.0,428.0,404.0,254.0,403.0,426.0
513.0,0.0,1,576.0,260.0,574.0,428.0,404.0,256.0,404.0,425.0
523.0,0.0,1,576.0,259.0,573.0,427.0,404.0,254.0,403.0,425.0
535.0,0.0,1,576.0,259.0,573.0,427.0,404.0,254.0,403.0,425.0
535.0,0.0,0,576.0,259.0,573.0,427.0,404.0,255.0,404.0,425.0
535.0,0.0,0,576.0,259.0,573.0,427.0,404.0,254.0,403.0,425.0
535.0,0.0,1,576.0,258.0,572.0,425.0,405.0,253.0,403.0,422.0
535.0,0.0,1,576.0,260.0,572.0,425.0,406.0,255.0,404.0,423.0
537.0,0.0,1,574.0,261.0,571.0,425.0,407.0,258.0,404.0,424.0
537.0,0.0,1,575.0,260.0,571.0,425.0,406.0,256.0,404.0,421.0
545.0,0.0,1,575.0,260.0,571.0,425.0,406.0,256.0,404.0,421.0
545.0,0.0,1,575.0,258.0,571.0,422.0,407.0,252.0,406.0,420.0
546.0,0.0,1,574.0,260.0,570.0,422.0,409.0,256.0,407.0,420.0
546.0,0.0,1,571.0,261.0,568.0,420.0,410.0,257.0,408.0,418.0
554.0,0.0,1,570.0,262.0,567.0,419.0,410.0,258.0,410.0,416.0
565.0,0.0,1,569.0,262.0,565.0,416.0,412.0,258.0,411.0,413.0
575.0,0.0,1,568.0,262.0,565.0,413.0,414.0,257.0,413.0,410.0
586.0,0.0,1,568.0,262.0,564.0,411.0,415.0,257.0,414.0,409.0
595.0,0.0,1,567.0,263.0,564.0,409.0,416.0,257.0,415.0,406.0
595.0,0.0,1,567.0,262.0,563.0,407.0,417.0,257.0,416.0,405.0
604.0,0.0,1,567.0,264.0,562.0,406.0,419.0,259.0,418.0,404.0
614.0,0.0,1,566.0,264.0,560.0,405.0,420.0,259.0,418.0,402.0
623.0,0.0,1,565.0,264.0,560.0,405.0,421.0,260.0,419.0,402.0
633.0,0.0,1,564.0,263.0,560.0,403.0,420.0,259.0,418.0,401.0
633.0,0.0,0,564.0,263.0,560.0,402.0,420.0,258.0,418.0,401.0
633.0,0.0,0,565.0,263.0,560.0,403.0,421.0,259.0,418.0,401.0
633.0,0.0,0,564.0,263.0,560.0,402.0,421.0,259.0,418.0,401.0
633.0,0.0,0,564.0,263.0,560.0,402.0,421.0,259.0,418.0,401.0
633.0,0.0,0,564.0,263.0,560.0,403.0,421.0,259.0,418.0,401.0
633.0,0.0,0,564.0,263.0,560.0,403.0,420.0,259.0,418.0,400.0
633.0,0.0,1,565.0,263.0,560.0,402.0,421.0,258.0,418.0,400.0
633.0,0.0,1,564.0,262.0,560.0,401.0,421.0,257.0,419.0,399.0
633.0,0.0,1,560.0,263.0,559.0,400.0,421.0,259.0,418.0,399.0
633.0,0.0,1,560.0,264.0,558.0,402.0,420.0,262.0,418.0,400.0
645.0,0.0,1,560.0,264.0,559.0,400.0,421.0,258.0,418.0,399.0
645.0,0.0,1,561.0,261.0,558.0,399.0,422.0,256.0,420.0,396.0
654.0,0.0,1,560.0,264.0,556.0,399.0,421.0,260.0,419.0,397.0
654.0,0.0,1,559.0,263.0,554.0,397.0,422.0,260.0,420.0,395.0
665.0,0.0,1,557.0,264.0,553.0,396.0,422.0,260.0,420.0,394.0
676.0,0.0,1,555.0,264.0,552.0,392.0,422.0,260.0,422.0,392.0
686.0,0.0,1,554.0,264.0,552.0,392.0,423.0,261.0,424.0,392.0
686.0,0.0,1,552.0,263.0,552.0,392.0,424.0,260.0,423.0,391.0
706.0,0.0,1,552.0,264.0,550.0,390.0,424.0,260.0,423.0,388.0
706.0,0.0,1,552.0,264.0,549.0,388.0,424.0,261.0,424.0,385.0
706.0,0.0,1,552.0,264.0,548.0,385.0,425.0,261.0,424.0,384.0
715.0,0.0,1,552.0,264.0,548.0,385.0,425.0,261.0,424.0,384.0
725.0,0.0,1,551.0,264.0,548.0,385.0,427.0,262.0,425.0,384.0
734.0,0.0,1,550.0,265.0,547.0,385.0,428.0,263.0,426.0,384.0
754.0,0.0,1,551.0,264.0,548.0,385.0,429.0,262.0,428.0,383.0
754.0,0.0,0,551.0,264.0,548.0,384.0,429.0,262.0,426.0,383.0
753.0,0.0,0,551.0,264.0,548.0,384.0,429.0,261.0,427.0,383.0
753.0,0.0,0,551.0,264.0,548.0,384.0,429.0,262.0,427.0,383.0
753.0,0.0,0,551.0,264.0,548.0,384.0,429.0,262.0,427.0,383.0
745.0,0.0,1,551.0,263.0,547.0,383.0,428.0,261.0,426.0,382.0
755.0,0.0,1,551.0,263.0,547.0,382.0,428.0,260.0,428.0,381.0
755.0,0.0,1,550.0,265.0,547.0,384.0,429.0,263.0,429.0,383.0
761.0,0.0,1,549.0,264.0,546.0,383.0,429.0,262.0,429.0,382.0
761.0,0.0,1,550.0,264.0,547.0,382.0,430.0,262.0,428.0,382.0
762.0,0.0,1,550.0,264.0,547.0,382.0,430.0,262.0,429.0,382.0
762.0,0.0,1,550.0,264.0,547.0,382.0,431.0,261.0,429.0,380.0
762.0,0.0,1,550.0,264.0,547.0,382.0,431.0,261.0,429.0,380.0
762.0,0.0,1,550.0,264.0,546.0,382.0,431.0,261.0,430.0,378.0
763.0,0.0,1,549.0,264.0,545.0,381.0,431.0,261.0,431.0,378.0
774.0,0.0,1,549.0,264.0,545.0,379.0,432.0,262.0,431.0,377.0
784.0,0.0,1,548.0,264.0,545.0,377.0,433.0,262.0,432.0,376.0
794.0,0.0,1,547.0,264.0,544.0,376.0,433.0,262.0,432.0,375.0
814.0,0.0,1,546.0,265.0,544.0,376.0,434.0,263.0,433.0,374.0
814.0,0.0,1,545.0,265.0,544.0,376.0,435.0,263.0,433.0,374.0
822.0,0.0,1,545.0,266.0,543.0,375.0,435.0,263.0,434.0,372.0
831.0,0.0,1,545.0,266.0,543.0,374.0,436.0,263.0,436.0,371.0
839.0,0.0,1,544.0,266.0,542.0,374.0,436.0,264.0,436.0,371.0
839.0,0.0,1,545.0,265.0,543.0,373.0,437.0,263.0,436.0,371.0
839.0,0.0,0,545.0,265.0,543.0,372.0,436.0,263.0,436.0,370.0
848.0,0.0,0,545.0,265.0,543.0,372.0,436.0,263.0,436.0,370.0
849.0,0.0,0,545.0,265.0,543.0,372.0,436.0,263.0,436.0,370.0
850.0,0.0,0,546.0,265.0,543.0,371.0,436.0,263.0,436.0,369.0
840.0,0.0,1,544.0,266.0,542.0,374.0,436.0,264.0,436.0,371.0
849.0,0.0,1,546.0,264.0,543.0,372.0,436.0,263.0,435.0,371.0
841.0,0.0,1,546.0,264.0,544.0,372.0,436.0,261.0,436.0,371.0
841.0,0.0,1,546.0,264.0,544.0,372.0,436.0,261.0,436.0,371.0
840.0,0.0,1,546.0,264.0,544.0,374.0,436.0,263.0,436.0,371.0
832.0,0.0,0,546.0,264.0,543.0,374.0,436.0,263.0,436.0,371.0
841.0,0.0,0,546.0,264.0,543.0,373.0,436.0,263.0,436.0,371.0
841.0,0.0,0,544.0,266.0,544.0,376.0,435.0,264.0,434.0,373.0
832.0,0.0,1,546.0,265.0,544.0,376.0,435.0,263.0,433.0,374.0
832.0,0.0,1,547.0,266.0,544.0,376.0,435.0,264.0,434.0,375.0
822.0,0.0,1,549.0,266.0,545.0,378.0,434.0,264.0,433.0,377.0
812.0,0.0,1,551.0,266.0,547.0,382.0,434.0,263.0,432.0,379.0
812.0,0.0,1,552.0,266.0,549.0,384.0,432.0,263.0,431.0,383.0
801.0,0.0,1,552.0,264.0,551.0,384.0,430.0,262.0,430.0,384.0
801.0,0.0,1,554.0,264.0,552.0,385.0,430.0,261.0,428.0,385.0
754.0,0.0,1,555.0,264.0,552.0,390.0,428.0,262.0,426.0,387.0
734.0,0.0,1,555.0,265.0,552.0,392.0,426.0,263.0,424.0,391.0
724.0,0.0,1,555.0,265.0,552.0,392.0,424.0,263.0,424.0,392.0
724.0,0.0,1,559.0,263.0,554.0,393.0,424.0,260.0,424.0,392.0
716.0,0.0,1,559.0,263.0,554.0,393.0,424.0,260.0,424.0,392.0
716.0,0.0,1,560.0,264.0,556.0,396.0,423.0,259.0,422.0,394.0
675.0,0.0,1,560.0,264.0,558.0,398.0,423.0,259.0,421.0,395.0
675.0,0.0,1,560.0,264.0,558.0,399.0,423.0,261.0,423.0,398.0
665.0,0.0,1,560.0,264.0,559.0,399.0,423.0,262.0,423.0,398.0
665.0,0.0,1,562.0,265.0,560.0,400.0,423.0,262.0,423.0,399.0
665.0,0.0,1,565.0,265.0,560.0,402.0,423.0,261.0,422.0,400.0
665.0,0.0,1,567.0,264.0,562.0,406.0,422.0,261.0,420.0,404.0
624.0,0.0,1,568.0,264.0,565.0,408.0,421.0,260.0,419.0,407.0
624.0,0.0,1,570.0,263.0,567.0,412.0,419.0,259.0,416.0,410.0
604.0,0.0,1,573.0,264.0,570.0,418.0,415.0,259.0,413.0,415.0
604.0,0.0,1,576.0,262.0,572.0,424.0,411.0,258.0,410.0,421.0
585.0,0.0,1,581.0,258.0,577.0,427.0,408.0,253.0,405.0,426.0
566.0,0.0,1,585.0,257.0,580.0,432.0,406.0,251.0,404.0,429.0
514.0,0.0,1,587.0,257.0,583.0,437.0,404.0,252.0,402.0,434.0
514.0,0.0,1,591.0,257.0,587.0,442.0,403.0,252.0,401.0,438.0
492.0,0.0,1,595.0,254.0,589.0,444.0,402.0,250.0,399.0,440.0
484.0,0.0,1,595.0,254.0,589.0,444.0,402.0,250.0,399.0,440.0
471.0,0.0,1,596.0,251.0,591.0,442.0,402.0,246.0,399.0,438.0
461.0,0.0,1,595.0,256.0,589.0,444.0,403.0,251.0,400.0,441.0
461.0,0.0,0,595.0,257.0,589.0,444.0,403.0,252.0,401.0,441.0
461.0,0.0,1,595.0,254.0,589.0,444.0,402.0,250.0,399.0,440.0
468.0,0.0,1,595.0,253.0,589.0,442.0,403.0,249.0,400.0,438.0
461.0,0.0,1,591.0,256.0,586.0,441.0,403.0,251.0,401.0,437.0
470.0,0.0,1,588.0,257.0,585.0,438.0,404.0,252.0,403.0,435.0
481.0,0.0,1,587.0,257.0,582.0,436.0,405.0,253.0,403.0,433.0
501.0,0.0,1,584.0,258.0,580.0,433.0,406.0,252.0,404.0,430.0
501.0,0.0,1,582.0,258.0,579.0,430.0,408.0,252.0,406.0,427.0
501.0,0.0,1,581.0,258.0,577.0,428.0,409.0,253.0,406.0,426.0
501.0,0.0,1,579.0,259.0,575.0,427.0,409.0,255.0,407.0,423.0
501.0,0.0,1,578.0,261.0,573.0,424.0,411.0,257.0,410.0,421.0
536.0,0.0,1,576.0,261.0,572.0,421.0,412.0,257.0,410.0,419.0
555.0,0.0,1,575.0,261.0,571.0,420.0,413.0,257.0,412.0,417.0
555.0,0.0,1,574.0,262.0,571.0,417.0,415.0,258.0,413.0,414.0
565.0,0.0,1,574.0,262.0,571.0,417.0,415.0,258.0,413.0,414.0
566.0,0.0,1,573.0,261.0,570.0,414.0,416.0,257.0,415.0,412.0
576.0,0.0,1,571.0,261.0,568.0,412.0,417.0,257.0,416.0,410.0
585.0,0.0,1,570.0,262.0,567.0,411.0,418.0,258.0,417.0,408.0
603.0,0.0,1,569.0,262.0,566.0,407.0,421.0,257.0,418.0,406.0
603.0,0.0,1,568.0,263.0,566.0,406.0,422.0,257.0,420.0,404.0
614.0,0.0,1,568.0,264.0,565.0,405.0,423.0,257.0,422.0,402.0
624.0,0.0,1,568.0,264.0,564.0,404.0,423.0,258.0,422.0,401.0
624.0,0.0,1,567.0,264.0,561.0,401.0,424.0,258.0,423.0,399.0
633.0,0.0,1,563.0,263.0,560.0,400.0,424.0,258.0,423.0,398.0
655.0,0.0,1,560.0,263.0,559.0,398.0,424.0,259.0,422.0,396.0
665.0,0.0,1,560.0,264.0,556.0,396.0,424.0,259.0,423.0,393.0
665.0,0.0,1,560.0,264.0,556.0,395.0,425.0,260.0,424.0,392.0
675.0,0.0,1,559.0,264.0,554.0,393.0,425.0,261.0,424.0,392.0
684.0,0.0,1,557.0,264.0,552.0,392.0,425.0,261.0,424.0,392.0
685.0,0.0,1,556.0,264.0,552.0,392.0,426.0,261.0,425.0,389.0
705.0,0.0,1,554.0,264.0,552.0,390.0,427.0,261.0,425.0,387.0
705.0,0.0,1,553.0,264.0,551.0,386.0,428.0,261.0,426.0,385.0
705.0,0.0,1,553.0,264.0,551.0,384.0,430.0,262.0,429.0,384.0
723.0,0.0,1,553.0,264.0,551.0,384.0,430.0,262.0,429.0,384.0
734.0,0.0,1,553.0,264.0,552.0,384.0,430.0,262.0,430.0,383.0
745.0,0.0,1,552.0,264.0,551.0,384.0,431.0,262.0,430.0,382.0
761.0,0.0,1,552.0,264.0,550.0,383.0,432.0,262.0,431.0,381.0
773.0,0.0,1,552.0,265.0,549.0,382.0,433.0,262.0,432.0,380.0
773.0,0.0,1,551.0,265.0,550.0,380.0,434.0,263.0,433.0,377.0
773.0,0.0,1,551.0,265.0,549.0,378.0,435.0,263.0,434.0,376.0
783.0,0.0,1,550.0,265.0,547.0,377.0,435.0,263.0,434.0,376.0
793.0,0.0,1,549.0,265.0,545.0,376.0,436.0,263.0,434.0,375.0
802.0,0.0,1,548.0,264.0,544.0,376.0,436.0,263.0,435.0,375.0
821.0,0.0,1,549.0,265.0,545.0,375.0,437.0,263.0,437.0,374.0
821.0,0.0,1,548.0,266.0,544.0,375.0,437.0,264.0,437.0,374.0
821.0,0.0,1,548.0,264.0,545.0,374.0,437.0,263.0,437.0,373.0
831.0,0.0,1,548.0,264.0,545.0,374.0,437.0,263.0,437.0,373.0
831.0,0.0,0,548.0,264.0,545.0,374.0,437.0,263.0,437.0,372.0
831.0,0.0,0,548.0,264.0,545.0,374.0,437.0,263.0,438.0,372.0
831.0,0.0,0,548.0,264.0,545.0,374.0,437.0,263.0,438.0,372.0
831.0,0.0,0,548.0,264.0,545.0,374.0,437.0,263.0,437.0,372.0
831.0,0.0,0,548.0,264.0,545.0,375.0,437.0,263.0,437.0,373.0
831.0,0.0,0,548.0,264.0,545.0,375.0,437.0,263.0,437.0,372.0
831.0,0.0,0,548.0,264.0,545.0,375.0,437.0,263.0,437.0,372.0
831.0,0.0,0,548.0,264.0,545.0,374.0,437.0,263.0,437.0,372.0
831.0,0.0,0,548.0,264.0,545.0,374.0,437.0,263.0,437.0,373.0
821.0,0.0,0,548.0,264.0,545.0,375.0,437.0,263.0,437.0,373.0
831.0,0.0,0,548.0,264.0,545.0,375.0,437.0,263.0,437.0,373.0
831.0,0.0,0,548.0,264.0,545.0,375.0,437.0,263.0,437.0,372.0
831.0,0.0,0,548.0,264.0,545.0,374.0,437.0,263.0,437.0,373.0
831.0,0.0,0,548.0,264.0,545.0,375.0,437.0,263.0,437.0,373.0
831.0,0.0,0,548.0,264.0,545.0,375.0,437.0,263.0,437.0,373.0
832.0,0.0,0,548.0,264.0,545.0,374.0,437.0,263.0,437.0,373.0
832.0,0.0,0,548.0,264.0,545.0,374.0,437.0,263.0,437.0,373.0
832.0,0.0,0,548.0,264.0,545.0,375.0,437.0,263.0,437.0,373.0
831.0,0.0,0,548.0,264.0,545.0,374.0,437.0,263.0,437.0,373.0
832.0,0.0,0,548.0,264.0,545.0,374.0,437.0,263.0,437.0,372.0
822.0,0.0,0,548.0,264.0,545.0,374.0,437.0,263.0,437.0,372.0
832.0,0.0,0,548.0,264.0,545.0,374.0,437.0,262.0,437.0,372.0
832.0,0.0,0,548.0,264.0,545.0,374.0,437.0,263.0,437.0,373.0
833.0,0.0,0,548.0,264.0,545.0,374.0,437.0,263.0,437.0,373.0
833.0,0.0,0,548.0,264.0,545.0,374.0,437.0,263.0,437.0,372.0
832.0,0.0,0,548.0,264.0,545.0,374.0,437.0,262.0,437.0,372.0
832.0,0.0,0,548.0,264.0,545.0,374.0,437.0,262.0,437.0,372.0
832.0,0.0,0,548.0,264.0,545.0,374.0,437.0,263.0,437.0,372.0
833.0,0.0,0,548.0,264.0,545.0,374.0,437.0,262.0,437.0,372.0
832.0,0.0,0,548.0,264.0,545.0,374.0,437.0,262.0,437.0,372.0
832.0,0.0,0,548.0,264.0,545.0,374.0,437.0,262.0,437.0,372.0
822.0,0.0,0,548.0,264.0,545.0,374.0,437.0,263.0,437.0,372.0
