Range_laser,robv,robw,IRx1,IRy1,IRx2,IRy2,IRx3,IRy3,IRx4,IRy4,US1,US2,US3,US4,Ang1
683.0,0,0,280.0,248.0,415.0,253.0,280.0,384.0,415.0,385.0,0,0,0,0,5.0
683.0,0,0,280.0,248.0,415.0,253.0,280.0,384.0,415.0,385.0,0,0,0,0,5.0
683.0,0.0,0.0,280.0,248.0,415.0,253.0,279.0,384.0,415.0,385.0,0,0,0,0,5.0
683.0,-0.001,0.0,280.0,248.0,415.0,253.0,279.0,384.0,415.0,385.0,0,0,0,0,5.0
683.0,0.0,0.0,279.0,248.0,415.0,254.0,279.0,384.0,415.0,386.0,0,0,0,0,5.0
683.0,0.0,0.0,279.0,248.0,415.0,253.0,280.0,384.0,415.0,385.0,0,0,0,0,5.0
683.0,0.0,0.0,362.0,250.0,497.0,252.0,361.0,384.0,498.0,384.0,0,0,0,0,0.0
683.0,0.0,0.0,366.0,250.0,500.0,251.0,367.0,384.0,499.0,384.0,0,0,0,0,0.0
683.0,-0.001,0.0,366.0,250.0,500.0,251.0,367.0,384.0,499.0,384.0,0,0,0,0,0.0
683.0,0.0,0.0,366.0,251.0,499.0,252.0,367.0,384.0,499.0,384.0,0,0,0,0,0.0
683.0,0.0,0.0,366.0,250.0,500.0,251.0,367.0,384.0,500.0,383.0,0,0,0,0,0.0
683.0,-0.001,0.0,366.0,250.0,499.0,251.0,367.0,384.0,499.0,384.0,0,0,0,0,0.0
682.0,-0.001,0.0,366.0,251.0,499.0,252.0,367.0,384.0,499.0,384.0,0,0,0,0,0.0
683.0,-0.001,0.0,366.0,251.0,499.0,252.0,367.0,384.0,499.0,384.0,0,0,0,0,0.0
683.0,-0.001,0.0,457.0,252.0,592.0,250.0,458.0,384.0,592.0,383.0,0,0,0,0,-5.0
683.0,0.0,0.0,465.0,250.0,599.0,249.0,464.0,384.0,600.0,384.0,0,0,0,0,-5.0
683.0,0.0,0.0,464.0,250.0,599.0,249.0,464.0,384.0,599.0,383.0,0,0,0,0,-5.0
683.0,0.0,0.0,464.0,251.0,598.0,250.0,464.0,384.0,599.0,384.0,0,0,0,0,-5.0
684.0,0.0,0.0,464.0,250.0,599.0,249.0,464.0,384.0,600.0,384.0,0,0,0,0,-5.0
684.0,0.0,0.0,464.0,250.0,599.0,249.0,464.0,384.0,600.0,384.0,0,0,0,0,-5.0
684.0,0.0,0.0,464.0,249.0,599.0,249.0,464.0,384.0,599.0,383.0,0,0,0,0,-5.0
684.0,-0.001,0.0,367.0,249.0,498.0,251.0,366.0,384.0,498.0,383.0,0,0,0,0,0.0
684.0,-0.001,0.0,363.0,249.0,497.0,251.0,363.0,384.0,497.0,383.0,0,0,0,0,0.0
684.0,-0.001,0.0,364.0,249.0,497.0,251.0,364.0,384.0,498.0,383.0,0,0,0,0,0.0
684.0,-0.001,0.0,364.0,249.0,497.0,251.0,364.0,384.0,498.0,383.0,0,0,0,0,0.0
684.0,0.0,0.0,363.0,249.0,497.0,251.0,363.0,384.0,497.0,382.0,0,0,0,0,0.0
684.0,-0.001,0.0,364.0,249.0,497.0,251.0,364.0,384.0,498.0,383.0,0,0,0,0,0.0
684.0,0.0,0.0,364.0,249.0,497.0,251.0,364.0,384.0,498.0,383.0,0,0,0,0,0.0
684.0,0.0,0.0,279.0,248.0,414.0,252.0,278.0,384.0,414.0,385.0,0,0,0,0,5.0
684.0,-0.001,0.0,279.0,248.0,414.0,252.0,278.0,384.0,414.0,385.0,0,0,0,0,5.0
684.0,-0.001,0.0,280.0,248.0,414.0,253.0,279.0,384.0,415.0,386.0,0,0,0,0,5.0
684.0,0.0,0.0,279.0,248.0,415.0,253.0,279.0,384.0,415.0,386.0,0,0,0,0,5.0
675.0,0.0,0.0,280.0,248.0,415.0,253.0,279.0,384.0,415.0,385.0,0,0,0,0,5.0
684.0,0.0,0.0,280.0,248.0,414.0,253.0,279.0,384.0,415.0,385.0,0,0,0,0,5.0
684.0,0.0,0.0,280.0,248.0,414.0,253.0,279.0,384.0,415.0,385.0,0,0,0,0,5.0
684.0,0.0,0.0,279.0,248.0,415.0,254.0,279.0,384.0,415.0,386.0,0,0,0,0,5.0
684.0,0.0,0.0,362.0,250.0,497.0,252.0,361.0,384.0,496.0,384.0,0,0,0,0,0.0
684.0,0.0,0.0,366.0,250.0,501.0,251.0,367.0,384.0,499.0,383.0,0,0,0,0,0.0
684.0,0.0,0.0,366.0,250.0,500.0,251.0,367.0,384.0,499.0,383.0,0,0,0,0,0.0
684.0,-0.001,0.0,366.0,250.0,500.0,251.0,367.0,384.0,499.0,383.0,0,0,0,0,0.0
684.0,0.0,0.0,366.0,251.0,499.0,252.0,367.0,384.0,499.0,384.0,0,0,0,0,0.0
684.0,0.0,0.0,366.0,250.0,500.0,251.0,367.0,384.0,500.0,383.0,0,0,0,0,0.0
684.0,0.0,0.0,366.0,250.0,500.0,251.0,367.0,384.0,499.0,383.0,0,0,0,0,0.0
684.0,0.0,0.0,457.0,251.0,592.0,250.0,457.0,385.0,592.0,384.0,0,0,0,0,-5.0
684.0,0.0,0.0,458.0,251.0,592.0,250.0,458.0,385.0,592.0,383.0,0,0,0,0,-5.0
684.0,-0.001,0.0,458.0,251.0,592.0,250.0,458.0,385.0,592.0,383.0,0,0,0,0,-5.0
684.0,-0.001,0.0,462.0,251.0,595.0,250.0,464.0,384.0,599.0,383.0,0,0,0,0,-5.0
684.0,0.0,0.0,465.0,250.0,600.0,248.0,464.0,384.0,600.0,384.0,0,0,0,0,-5.0
684.0,0.0,0.0,465.0,251.0,599.0,249.0,464.0,384.0,600.0,384.0,0,0,0,0,-5.0
684.0,0.0,0.0,465.0,251.0,600.0,249.0,464.0,384.0,600.0,384.0,0,0,0,0,-5.0
684.0,0.0,0.0,465.0,251.0,600.0,249.0,464.0,384.0,600.0,384.0,0,0,0,0,-5.0
684.0,0.0,0.0,364.0,249.0,497.0,250.0,364.0,383.0,497.0,383.0,0,0,0,0,0.0
684.0,0.0,0.0,364.0,250.0,497.0,251.0,364.0,384.0,498.0,383.0,0,0,0,0,0.0
684.0,0.0,0.0,364.0,249.0,497.0,251.0,365.0,384.0,498.0,383.0,0,0,0,0,0.0
686.0,0.0,0.0,365.0,250.0,498.0,251.0,366.0,384.0,498.0,383.0,0,0,0,0,0.0
686.0,0.0,0.0,365.0,250.0,498.0,251.0,366.0,384.0,498.0,383.0,0,0,0,0,0.0
686.0,0.0,0.0,365.0,249.0,497.0,250.0,365.0,383.0,498.0,383.0,0,0,0,0,0.0
686.0,0.0,0.0,364.0,249.0,497.0,251.0,365.0,384.0,498.0,383.0,0,0,0,0,0.0
686.0,0.0,0.0,279.0,248.0,415.0,253.0,279.0,384.0,415.0,385.0,0,0,0,0,5.0
686.0,0.0,0.0,280.0,248.0,415.0,253.0,279.0,384.0,415.0,385.0,0,0,0,0,5.0
686.0,0.0,0.0,280.0,248.0,415.0,253.0,279.0,384.0,415.0,385.0,0,0,0,0,5.0
686.0,0.0,0.0,280.0,248.0,415.0,253.0,279.0,384.0,415.0,386.0,0,0,0,0,5.0
686.0,0.0,0.0,279.0,248.0,415.0,253.0,279.0,384.0,415.0,385.0,0,0,0,0,5.0
686.0,0.0,0.0,279.0,248.0,415.0,253.0,279.0,384.0,415.0,385.0,0,0,0,0,5.0
686.0,0.0,0.0,280.0,248.0,415.0,253.0,279.0,384.0,415.0,385.0,0,0,0,0,5.0
686.0,0.0,0.0,280.0,248.0,415.0,253.0,279.0,384.0,415.0,385.0,0,0,0,0,5.0
686.0,0.0,0.0,361.0,250.0,496.0,252.0,360.0,384.0,495.0,384.0,0,0,0,0,0.0
687.0,0.0,0.0,367.0,251.0,502.0,252.0,368.0,384.0,501.0,384.0,0,0,0,0,0.0
687.0,0.0,0.0,367.0,249.0,501.0,251.0,368.0,384.0,500.0,383.0,0,0,0,0,0.0
688.0,0.0,0.0,367.0,249.0,501.0,251.0,367.0,384.0,501.0,384.0,0,0,0,0,0.0
687.0,0.0,0.0,370.0,251.0,504.0,251.0,370.0,385.0,504.0,384.0,0,0,0,0,0.0
686.0,0.0,0.0,370.0,251.0,504.0,251.0,370.0,385.0,504.0,384.0,0,0,0,0,0.0
686.0,0.0,0.0,370.0,251.0,504.0,252.0,370.0,385.0,504.0,384.0,0,0,0,0,0.0
687.0,0.0,0.0,465.0,250.0,600.0,248.0,464.0,384.0,600.0,384.0,0,0,0,0,-5.0
687.0,0.0,0.0,465.0,251.0,599.0,249.0,464.0,384.0,600.0,384.0,0,0,0,0,-5.0
687.0,0.0,0.0,465.0,251.0,599.0,249.0,464.0,384.0,600.0,384.0,0,0,0,0,-5.0
687.0,0.0,0.0,465.0,251.0,599.0,249.0,464.0,384.0,600.0,384.0,0,0,0,0,-5.0
687.0,0.0,0.0,466.0,252.0,600.0,249.0,467.0,384.0,600.0,383.0,0,0,0,0,-5.0
687.0,0.0,0.0,463.0,249.0,598.0,249.0,464.0,384.0,598.0,383.0,0,0,0,0,-5.0
687.0,0.0,0.0,463.0,250.0,597.0,249.0,464.0,384.0,597.0,383.0,0,0,0,0,-5.0
687.0,0.0,0.0,366.0,250.0,498.0,251.0,366.0,384.0,498.0,383.0,0,0,0,0,0.0
677.0,0.0,0.0,366.0,250.0,498.0,251.0,366.0,384.0,498.0,383.0,0,0,0,0,0.0
687.0,0.0,0.0,365.0,249.0,498.0,250.0,365.0,383.0,498.0,383.0,0,0,0,0,0.0
687.0,-0.001,0.0,364.0,249.0,497.0,251.0,365.0,384.0,498.0,383.0,0,0,0,0,0.0
687.0,-0.001,0.0,365.0,250.0,498.0,251.0,366.0,384.0,498.0,383.0,0,0,0,0,0.0
687.0,-0.001,0.0,365.0,250.0,498.0,251.0,366.0,383.0,498.0,383.0,0,0,0,0,0.0
687.0,0.0,0.0,365.0,250.0,498.0,251.0,366.0,383.0,498.0,383.0,0,0,0,0,0.0
687.0,0.0,0.0,366.0,249.0,498.0,250.0,366.0,383.0,498.0,383.0,0,0,0,0,0.0
687.0,0.0,0.0,280.0,248.0,414.0,253.0,279.0,384.0,415.0,385.0,0,0,0,0,5.0
686.0,0.0,0.0,279.0,248.0,415.0,254.0,279.0,384.0,415.0,386.0,0,0,0,0,5.0
686.0,0.0,0.0,280.0,248.0,415.0,253.0,279.0,384.0,415.0,385.0,0,0,0,0,5.0
687.0,0.0,0.0,280.0,248.0,415.0,253.0,279.0,384.0,415.0,385.0,0,0,0,0,5.0
687.0,-0.001,0.0,279.0,248.0,415.0,253.0,279.0,384.0,415.0,386.0,0,0,0,0,5.0
687.0,-0.001,0.0,279.0,248.0,415.0,254.0,279.0,384.0,415.0,386.0,0,0,0,0,5.0
687.0,-0.001,0.0,279.0,248.0,415.0,254.0,279.0,384.0,415.0,385.0,0,0,0,0,5.0
687.0,0.0,0.0,364.0,250.0,497.0,251.0,364.0,384.0,498.0,383.0,0,0,0,0,0.0
687.0,0.0,0.0,367.0,250.0,502.0,252.0,368.0,384.0,501.0,384.0,0,0,0,0,0.0
689.0,0.0,0.0,367.0,250.0,502.0,252.0,368.0,384.0,501.0,384.0,0,0,0,0,0.0
688.0,0.0,0.0,366.0,251.0,501.0,252.0,368.0,384.0,500.0,384.0,0,0,0,0,0.0
688.0,0.0,0.0,367.0,249.0,502.0,251.0,368.0,384.0,500.0,383.0,0,0,0,0,0.0
687.0,0.0,0.0,366.0,250.0,501.0,251.0,367.0,384.0,500.0,384.0,0,0,0,0,0.0
688.0,0.0,0.0,366.0,250.0,501.0,251.0,367.0,384.0,500.0,384.0,0,0,0,0,0.0
688.0,0.0,0.0,366.0,250.0,501.0,251.0,367.0,384.0,500.0,384.0,0,0,0,0,0.0
688.0,0.0,0.0,459.0,251.0,593.0,251.0,460.0,385.0,592.0,384.0,0,0,0,0,-5.0
688.0,0.0,0.0,459.0,250.0,593.0,250.0,460.0,384.0,592.0,383.0,0,0,0,0,-5.0
688.0,0.0,0.0,465.0,251.0,599.0,249.0,464.0,384.0,600.0,384.0,0,0,0,0,-5.0
688.0,0.0,0.0,465.0,252.0,599.0,249.0,464.0,384.0,600.0,384.0,0,0,0,0,-5.0
678.0,0.0,0.0,465.0,252.0,599.0,249.0,464.0,384.0,600.0,384.0,0,0,0,0,-5.0
678.0,0.0,0.0,465.0,251.0,600.0,249.0,464.0,384.0,600.0,384.0,0,0,0,0,-5.0
687.0,0.0,0.0,465.0,251.0,600.0,249.0,464.0,384.0,600.0,384.0,0,0,0,0,-5.0
688.0,0.0,0.0,361.0,248.0,496.0,249.0,360.0,384.0,495.0,384.0,0,0,0,0,0.0
688.0,0.0,0.0,360.0,248.0,494.0,251.0,360.0,384.0,494.0,384.0,0,0,0,0,0.0
688.0,0.0,0.0,360.0,248.0,494.0,251.0,360.0,384.0,494.0,384.0,0,0,0,0,0.0
687.0,0.0,0.0,360.0,248.0,495.0,250.0,360.0,384.0,495.0,383.0,0,0,0,0,0.0
687.0,0.0,0.0,360.0,248.0,495.0,250.0,360.0,384.0,494.0,383.0,0,0,0,0,0.0
688.0,0.0,0.0,361.0,249.0,496.0,250.0,360.0,384.0,495.0,383.0,0,0,0,0,0.0
687.0,0.0,0.0,360.0,248.0,496.0,249.0,360.0,384.0,495.0,383.0,0,0,0,0,0.0
687.0,0.0,0.0,283.0,248.0,417.0,251.0,281.0,384.0,418.0,384.0,0,0,0,0,5.0
687.0,0.0,0.0,283.0,248.0,417.0,251.0,281.0,384.0,418.0,384.0,0,0,0,0,5.0
687.0,0.0,0.0,280.0,248.0,415.0,253.0,280.0,384.0,415.0,385.0,0,0,0,0,5.0
687.0,0.0,0.0,280.0,248.0,415.0,253.0,280.0,384.0,416.0,386.0,0,0,0,0,5.0
686.0,0.0,0.0,280.0,248.0,416.0,253.0,280.0,384.0,416.0,385.0,0,0,0,0,5.0
687.0,0.0,0.0,280.0,248.0,415.0,253.0,279.0,384.0,415.0,385.0,0,0,0,0,5.0
687.0,0.0,0.0,280.0,248.0,415.0,253.0,279.0,384.0,415.0,385.0,0,0,0,0,5.0
686.0,0.0,0.0,279.0,248.0,415.0,254.0,279.0,384.0,415.0,386.0,0,0,0,0,5.0
677.0,-0.001,0.0,362.0,251.0,497.0,252.0,364.0,385.0,498.0,383.0,0,0,0,0,0.0
687.0,0.0,0.0,366.0,250.0,501.0,251.0,367.0,384.0,500.0,383.0,0,0,0,0,0.0
687.0,0.0,0.0,366.0,250.0,500.0,251.0,367.0,384.0,499.0,383.0,0,0,0,0,0.0
677.0,0.0,0.0,366.0,250.0,500.0,251.0,367.0,384.0,499.0,383.0,0,0,0,0,0.0
686.0,0.0,0.0,366.0,251.0,500.0,252.0,367.0,384.0,499.0,384.0,0,0,0,0,0.0
687.0,-0.001,0.0,366.0,250.0,501.0,251.0,367.0,384.0,500.0,383.0,0,0,0,0,0.0
687.0,0.0,0.0,366.0,250.0,500.0,251.0,367.0,384.0,499.0,383.0,0,0,0,0,0.0
687.0,0.0,0.0,461.0,251.0,593.0,250.0,462.0,384.0,594.0,384.0,0,0,0,0,-5.0
686.0,-0.001,0.0,461.0,251.0,593.0,250.0,462.0,384.0,594.0,384.0,0,0,0,0,-5.0
687.0,-0.001,0.0,461.0,251.0,593.0,250.0,462.0,384.0,594.0,383.0,0,0,0,0,-5.0
687.0,0.0,0.0,465.0,251.0,600.0,249.0,464.0,384.0,600.0,384.0,0,0,0,0,-5.0
687.0,0.0,0.0,465.0,250.0,600.0,248.0,464.0,384.0,600.0,384.0,0,0,0,0,-5.0
687.0,0.0,0.0,465.0,252.0,599.0,249.0,464.0,384.0,600.0,384.0,0,0,0,0,-5.0
677.0,0.0,0.0,465.0,252.0,599.0,249.0,464.0,384.0,600.0,384.0,0,0,0,0,-5.0
677.0,0.0,0.0,465.0,251.0,600.0,249.0,464.0,384.0,600.0,384.0,0,0,0,0,-5.0
687.0,0.0,0.0,363.0,249.0,497.0,250.0,362.0,383.0,497.0,382.0,0,0,0,0,0.0
687.0,0.0,0.0,362.0,249.0,497.0,250.0,363.0,384.0,497.0,383.0,0,0,0,0,0.0
687.0,0.0,0.0,363.0,249.0,497.0,251.0,363.0,384.0,497.0,383.0,0,0,0,0,0.0
686.0,0.0,0.0,363.0,249.0,497.0,251.0,363.0,384.0,497.0,383.0,0,0,0,0,0.0
687.0,-0.001,0.0,363.0,249.0,497.0,251.0,363.0,384.0,497.0,383.0,0,0,0,0,0.0
687.0,0.0,0.0,362.0,249.0,497.0,250.0,361.0,383.0,496.0,382.0,0,0,0,0,0.0
686.0,0.0,0.0,363.0,249.0,497.0,251.0,363.0,384.0,497.0,383.0,0,0,0,0,0.0
687.0,0.0,0.0,282.0,248.0,417.0,251.0,280.0,384.0,418.0,384.0,0,0,0,0,5.0
1239.0,0.0,0.0,392.0,315.0,467.0,316.0,392.0,390.0,467.0,389.0,0,0,0,0,0.0
1239.0,0.0,0.0,392.0,315.0,467.0,316.0,392.0,390.0,467.0,389.0,0,0,0,0,0.0
1228.0,0.0,0.0,392.0,315.0,467.0,316.0,392.0,390.0,467.0,389.0,0,0,0,0,0.0
1239.0,0.0,0.0,396.0,316.0,472.0,318.0,398.0,391.0,471.0,391.0,0,0,0,0,0.0
1239.0,0.0,0.0,396.0,316.0,471.0,317.0,397.0,391.0,470.0,390.0,0,0,0,0,0.0
1239.0,0.0,0.0,400.0,317.0,475.0,317.0,400.0,390.0,475.0,390.0,0,0,0,0,0.0
1239.0,0.0,0.0,400.0,316.0,476.0,317.0,400.0,390.0,476.0,389.0,0,0,0,0,0.0
1239.0,0.0,0.0,400.0,316.0,476.0,317.0,400.0,390.0,476.0,389.0,0,0,0,0,0.0
1239.0,0.0,0.0,401.0,316.0,476.0,317.0,401.0,390.0,476.0,389.0,0,0,0,0,0.0
1239.0,0.0,0.0,487.0,314.0,560.0,315.0,488.0,390.0,562.0,389.0,0,0,0,0,-5.0
1239.0,0.0,0.0,495.0,315.0,568.0,315.0,495.0,390.0,570.0,389.0,0,0,0,0,-5.0
1239.0,0.0,0.0,495.0,314.0,568.0,315.0,495.0,390.0,570.0,389.0,0,0,0,0,-5.0
1238.0,0.0,0.0,495.0,314.0,568.0,315.0,495.0,390.0,570.0,389.0,0,0,0,0,-5.0
1238.0,0.0,0.0,495.0,314.0,568.0,314.0,495.0,390.0,570.0,389.0,0,0,0,0,-5.0
1238.0,0.0,0.0,495.0,314.0,568.0,315.0,495.0,390.0,570.0,389.0,0,0,0,0,-5.0
1238.0,0.0,0.0,495.0,314.0,568.0,315.0,495.0,390.0,570.0,389.0,0,0,0,0,-5.0
1238.0,0.0,0.0,393.0,314.0,470.0,315.0,393.0,390.0,468.0,389.0,0,0,0,0,0.0
1238.0,0.0,0.0,393.0,314.0,470.0,315.0,393.0,390.0,468.0,389.0,0,0,0,0,0.0
1238.0,0.0,0.0,393.0,314.0,470.0,315.0,393.0,390.0,468.0,388.0,0,0,0,0,0.0
1238.0,0.0,0.0,394.0,315.0,470.0,315.0,393.0,390.0,468.0,389.0,0,0,0,0,0.0
1238.0,0.0,0.0,395.0,315.0,470.0,315.0,395.0,390.0,469.0,389.0,0,0,0,0,0.0
1238.0,0.0,0.0,394.0,314.0,471.0,314.0,394.0,389.0,469.0,388.0,0,0,0,0,0.0
1238.0,0.0,0.0,394.0,314.0,471.0,314.0,394.0,389.0,469.0,388.0,0,0,0,0,0.0
1238.0,0.0,0.0,394.0,314.0,470.0,314.0,394.0,389.0,469.0,389.0,0,0,0,0,0.0
1238.0,0.0,0.0,312.0,313.0,390.0,315.0,312.0,390.0,389.0,389.0,0,0,0,0,5.0
1238.0,0.0,0.0,311.0,314.0,386.0,317.0,312.0,390.0,387.0,390.0,0,0,0,0,5.0
1238.0,0.0,0.0,313.0,313.0,390.0,316.0,313.0,390.0,389.0,390.0,0,0,0,0,5.0
1238.0,0.0,0.0,311.0,314.0,386.0,317.0,311.0,390.0,386.0,391.0,0,0,0,0,5.0
1238.0,0.0,0.0,311.0,314.0,386.0,317.0,311.0,390.0,386.0,391.0,0,0,0,0,5.0
1238.0,0.0,0.0,311.0,314.0,386.0,317.0,312.0,390.0,387.0,390.0,0,0,0,0,5.0
1238.0,0.0,0.0,311.0,314.0,386.0,317.0,310.0,391.0,385.0,391.0,0,0,0,0,5.0
1238.0,0.0,0.0,396.0,315.0,472.0,318.0,398.0,391.0,471.0,391.0,0,0,0,0,0.0
1238.0,0.0,0.0,400.0,316.0,476.0,317.0,401.0,390.0,476.0,389.0,0,0,0,0,0.0
1238.0,0.0,0.0,400.0,316.0,476.0,317.0,401.0,390.0,476.0,389.0,0,0,0,0,0.0
1238.0,0.0,0.0,401.0,316.0,476.0,317.0,401.0,390.0,476.0,389.0,0,0,0,0,0.0
1238.0,0.0,0.0,400.0,314.0,476.0,316.0,400.0,390.0,476.0,389.0,0,0,0,0,0.0
1238.0,0.0,0.0,400.0,315.0,476.0,316.0,400.0,390.0,476.0,389.0,0,0,0,0,0.0
1238.0,0.0,0.0,400.0,316.0,476.0,316.0,401.0,390.0,476.0,389.0,0,0,0,0,0.0
1238.0,0.0,0.0,400.0,316.0,476.0,316.0,401.0,390.0,476.0,389.0,0,0,0,0,0.0
1238.0,0.0,0.0,492.0,315.0,568.0,316.0,494.0,391.0,567.0,389.0,0,0,0,0,-5.0
1238.0,0.0,0.0,493.0,315.0,567.0,314.0,494.0,390.0,567.0,389.0,0,0,0,0,-5.0
1238.0,0.0,0.0,492.0,315.0,567.0,315.0,493.0,390.0,567.0,389.0,0,0,0,0,-5.0
1238.0,0.0,0.0,492.0,315.0,568.0,316.0,494.0,391.0,567.0,390.0,0,0,0,0,-5.0
1228.0,0.0,0.0,492.0,315.0,568.0,316.0,494.0,391.0,567.0,390.0,0,0,0,0,-5.0
1228.0,0.0,0.0,492.0,315.0,567.0,315.0,494.0,390.0,567.0,389.0,0,0,0,0,-5.0
1228.0,0.0,0.0,495.0,315.0,568.0,315.0,496.0,390.0,571.0,389.0,0,0,0,0,-5.0
1238.0,0.0,0.0,398.0,316.0,472.0,317.0,399.0,390.0,473.0,390.0,0,0,0,0,0.0
1238.0,0.0,0.0,391.0,314.0,465.0,315.0,391.0,390.0,466.0,389.0,0,0,0,0,0.0
1238.0,0.0,0.0,391.0,314.0,465.0,315.0,391.0,390.0,466.0,389.0,0,0,0,0,0.0
1238.0,0.0,0.0,391.0,313.0,465.0,314.0,392.0,390.0,466.0,388.0,0,0,0,0,0.0
1238.0,0.0,0.0,391.0,314.0,465.0,315.0,392.0,390.0,466.0,389.0,0,0,0,0,0.0
1228.0,0.0,0.0,391.0,314.0,465.0,315.0,392.0,390.0,466.0,389.0,0,0,0,0,0.0
1238.0,0.0,0.0,391.0,313.0,465.0,314.0,392.0,390.0,466.0,388.0,0,0,0,0,0.0
1238.0,0.0,0.0,310.0,315.0,384.0,317.0,310.0,391.0,384.0,391.0,0,0,0,0,5.0
1238.0,0.0,0.0,310.0,315.0,384.0,317.0,310.0,391.0,384.0,391.0,0,0,0,0,5.0
1238.0,0.0,0.0,311.0,314.0,385.0,317.0,311.0,391.0,386.0,391.0,0,0,0,0,5.0
1239.0,0.0,0.0,310.0,315.0,385.0,317.0,311.0,391.0,386.0,391.0,0,0,0,0,5.0
1239.0,0.0,0.0,311.0,314.0,385.0,317.0,311.0,390.0,386.0,391.0,0,0,0,0,5.0
1229.0,0.0,0.0,310.0,315.0,385.0,317.0,311.0,391.0,385.0,391.0,0,0,0,0,5.0
1239.0,0.0,0.0,310.0,315.0,385.0,317.0,311.0,391.0,385.0,391.0,0,0,0,0,5.0
1239.0,0.0,0.0,310.0,315.0,385.0,317.0,311.0,391.0,385.0,391.0,0,0,0,0,5.0
1239.0,0.0,0.0,392.0,314.0,469.0,316.0,393.0,390.0,468.0,389.0,0,0,0,0,0.0
1239.0,0.0,0.0,396.0,316.0,471.0,317.0,396.0,391.0,470.0,390.0,0,0,0,0,0.0
1229.0,0.0,0.0,396.0,316.0,471.0,316.0,396.0,390.0,470.0,390.0,0,0,0,0,0.0
1238.0,0.0,0.0,396.0,316.0,471.0,316.0,396.0,390.0,470.0,390.0,0,0,0,0,0.0
1239.0,0.0,0.0,396.0,316.0,471.0,317.0,397.0,391.0,470.0,391.0,0,0,0,0,0.0
1239.0,0.0,0.0,396.0,316.0,471.0,316.0,396.0,390.0,470.0,390.0,0,0,0,0,0.0
1239.0,0.0,0.0,395.0,315.0,471.0,316.0,396.0,390.0,469.0,390.0,0,0,0,0,0.0
1239.0,0.0,0.0,495.0,315.0,568.0,316.0,495.0,390.0,570.0,389.0,0,0,0,0,-5.0
1239.0,0.0,0.0,495.0,315.0,568.0,316.0,495.0,390.0,570.0,389.0,0,0,0,0,-5.0
1238.0,0.0,0.0,495.0,315.0,568.0,315.0,496.0,390.0,571.0,388.0,0,0,0,0,-5.0
1238.0,0.0,0.0,495.0,314.0,568.0,315.0,496.0,390.0,571.0,389.0,0,0,0,0,-5.0
1238.0,0.0,0.0,495.0,314.0,568.0,315.0,496.0,390.0,570.0,389.0,0,0,0,0,-5.0
1239.0,0.0,0.0,495.0,315.0,568.0,316.0,496.0,390.0,570.0,389.0,0,0,0,0,-5.0
1238.0,0.0,0.0,495.0,314.0,568.0,315.0,496.0,390.0,571.0,388.0,0,0,0,0,-5.0
1229.0,0.0,0.0,495.0,314.0,568.0,315.0,496.0,390.0,571.0,388.0,0,0,0,0,-5.0
1238.0,0.0,0.0,399.0,314.0,473.0,316.0,400.0,390.0,474.0,389.0,0,0,0,0,0.0
1229.0,0.0,0.0,391.0,314.0,466.0,316.0,392.0,390.0,467.0,389.0,0,0,0,0,0.0
1229.0,0.0,0.0,391.0,314.0,467.0,315.0,392.0,390.0,467.0,388.0,0,0,0,0,0.0
1228.0,0.0,0.0,392.0,313.0,467.0,315.0,392.0,390.0,467.0,388.0,0,0,0,0,0.0
1239.0,0.0,0.0,392.0,313.0,467.0,315.0,392.0,390.0,467.0,388.0,0,0,0,0,0.0
1237.0,0.0,0.0,392.0,313.0,467.0,314.0,392.0,390.0,467.0,388.0,0,0,0,0,0.0
1238.0,0.0,0.0,392.0,314.0,469.0,315.0,393.0,390.0,468.0,389.0,0,0,0,0,0.0
1239.0,0.0,0.0,313.0,314.0,390.0,316.0,313.0,390.0,389.0,390.0,0,0,0,0,5.0
1239.0,0.0,0.0,311.0,313.0,386.0,317.0,312.0,390.0,387.0,390.0,0,0,0,0,5.0
1238.0,0.0,0.0,311.0,313.0,386.0,317.0,312.0,390.0,387.0,390.0,0,0,0,0,5.0
1238.0,0.0,0.0,311.0,313.0,386.0,317.0,312.0,390.0,387.0,391.0,0,0,0,0,5.0
1238.0,0.0,0.0,311.0,314.0,386.0,317.0,312.0,390.0,387.0,390.0,0,0,0,0,5.0
1238.0,0.0,0.0,311.0,313.0,386.0,317.0,312.0,390.0,387.0,390.0,0,0,0,0,5.0
1228.0,0.0,0.0,311.0,313.0,386.0,316.0,312.0,390.0,387.0,390.0,0,0,0,0,5.0
1228.0,0.0,0.0,311.0,313.0,386.0,316.0,312.0,390.0,387.0,390.0,0,0,0,0,5.0
1229.0,0.0,0.0,393.0,316.0,470.0,316.0,393.0,390.0,468.0,389.0,0,0,0,0,0.0
1238.0,0.0,0.0,393.0,315.0,470.0,316.0,393.0,390.0,468.0,389.0,0,0,0,0,0.0
1238.0,0.0,0.0,393.0,314.0,470.0,315.0,393.0,390.0,468.0,389.0,0,0,0,0,0.0
1238.0,0.0,0.0,393.0,314.0,470.0,315.0,393.0,390.0,468.0,389.0,0,0,0,0,0.0
1229.0,0.0,0.0,393.0,314.0,470.0,315.0,393.0,390.0,468.0,389.0,0,0,0,0,0.0
1229.0,0.0,0.0,393.0,315.0,470.0,316.0,393.0,390.0,468.0,389.0,0,0,0,0,0.0
1238.0,0.0,0.0,397.0,316.0,472.0,318.0,398.0,392.0,472.0,391.0,0,0,0,0,0.0
1238.0,0.0,0.0,491.0,315.0,567.0,314.0,489.0,390.0,565.0,389.0,0,0,0,0,-5.0
1239.0,0.0,0.0,491.0,315.0,567.0,315.0,489.0,391.0,565.0,389.0,0,0,0,0,-5.0
1229.0,0.0,0.0,491.0,315.0,567.0,315.0,489.0,391.0,565.0,389.0,0,0,0,0,-5.0
1238.0,0.0,0.0,491.0,315.0,567.0,315.0,490.0,390.0,565.0,389.0,0,0,0,0,-5.0
1238.0,0.0,0.0,491.0,315.0,567.0,314.0,489.0,390.0,565.0,389.0,0,0,0,0,-5.0
1228.0,0.0,0.0,491.0,315.0,567.0,314.0,489.0,390.0,565.0,389.0,0,0,0,0,-5.0
1239.0,0.0,0.0,491.0,315.0,567.0,315.0,489.0,391.0,565.0,389.0,0,0,0,0,-5.0
1238.0,0.0,0.0,391.0,314.0,465.0,315.0,391.0,390.0,466.0,388.0,0,0,0,0,0.0
1228.0,0.0,0.0,391.0,314.0,465.0,315.0,391.0,390.0,466.0,388.0,0,0,0,0,0.0
1228.0,0.0,0.0,391.0,313.0,465.0,314.0,392.0,390.0,466.0,388.0,0,0,0,0,0.0
1228.0,0.0,0.0,391.0,314.0,465.0,315.0,391.0,390.0,466.0,389.0,0,0,0,0,0.0
1228.0,0.0,0.0,391.0,314.0,465.0,315.0,392.0,390.0,466.0,389.0,0,0,0,0,0.0
1237.0,0.0,0.0,391.0,314.0,465.0,315.0,392.0,390.0,466.0,388.0,0,0,0,0,0.0
1239.0,0.0,0.0,391.0,314.0,465.0,315.0,392.0,390.0,466.0,388.0,0,0,0,0,0.0
1229.0,0.0,0.0,391.0,313.0,465.0,314.0,392.0,390.0,466.0,388.0,0,0,0,0,0.0
1231.0,0.0,0.0,310.0,315.0,385.0,317.0,311.0,391.0,385.0,391.0,0,0,0,0,5.0
1231.0,0.0,0.0,311.0,314.0,385.0,317.0,311.0,390.0,386.0,390.0,0,0,0,0,5.0
1240.0,0.0,0.0,311.0,314.0,385.0,316.0,311.0,390.0,386.0,390.0,0,0,0,0,5.0
1239.0,0.0,0.0,311.0,314.0,385.0,316.0,311.0,390.0,386.0,390.0,0,0,0,0,5.0
1239.0,0.0,0.0,310.0,315.0,385.0,317.0,311.0,391.0,386.0,391.0,0,0,0,0,5.0
1239.0,0.0,0.0,310.0,315.0,385.0,317.0,311.0,390.0,386.0,391.0,0,0,0,0,5.0
1240.0,0.0,0.0,311.0,314.0,385.0,317.0,311.0,390.0,386.0,391.0,0,0,0,0,5.0
1240.0,0.0,0.0,391.0,314.0,465.0,316.0,391.0,390.0,466.0,389.0,0,0,0,0,0.0
1231.0,0.0,0.0,391.0,314.0,465.0,316.0,391.0,390.0,466.0,389.0,0,0,0,0,0.0
1239.0,0.0,0.0,396.0,316.0,471.0,317.0,396.0,391.0,470.0,390.0,0,0,0,0,0.0
1240.0,0.0,0.0,396.0,316.0,471.0,317.0,397.0,391.0,470.0,391.0,0,0,0,0,0.0
1230.0,0.0,0.0,395.0,315.0,471.0,316.0,396.0,390.0,469.0,390.0,0,0,0,0,0.0
1241.0,0.0,0.0,396.0,316.0,471.0,317.0,396.0,391.0,470.0,390.0,0,0,0,0,0.0
1241.0,0.0,0.0,396.0,316.0,471.0,317.0,396.0,391.0,470.0,390.0,0,0,0,0,0.0
1240.0,0.0,0.0,396.0,316.0,471.0,317.0,396.0,391.0,470.0,390.0,0,0,0,0,0.0
1231.0,0.0,0.0,495.0,315.0,568.0,316.0,496.0,390.0,570.0,389.0,0,0,0,0,-5.0
1240.0,0.0,0.0,495.0,314.0,568.0,314.0,496.0,390.0,570.0,388.0,0,0,0,0,-5.0
1240.0,0.0,0.0,495.0,315.0,568.0,315.0,495.0,390.0,570.0,389.0,0,0,0,0,-5.0
1230.0,0.0,0.0,495.0,315.0,568.0,315.0,496.0,390.0,571.0,388.0,0,0,0,0,-5.0
1230.0,0.0,0.0,495.0,315.0,568.0,315.0,496.0,390.0,571.0,388.0,0,0,0,0,-5.0
1240.0,0.0,0.0,495.0,314.0,568.0,314.0,496.0,390.0,570.0,388.0,0,0,0,0,-5.0
1240.0,0.0,0.0,495.0,314.0,568.0,315.0,496.0,390.0,570.0,389.0,0,0,0,0,-5.0
1240.0,0.0,0.0,399.0,314.0,474.0,316.0,400.0,390.0,475.0,389.0,0,0,0,0,0.0
1240.0,0.0,0.0,395.0,315.0,470.0,315.0,394.0,390.0,469.0,389.0,0,0,0,0,0.0
1240.0,0.0,0.0,395.0,315.0,470.0,315.0,394.0,390.0,469.0,389.0,0,0,0,0,0.0
1240.0,0.0,0.0,394.0,314.0,471.0,314.0,394.0,389.0,469.0,388.0,0,0,0,0,0.0
1241.0,0.0,0.0,394.0,315.0,470.0,315.0,394.0,390.0,469.0,389.0,0,0,0,0,0.0
1230.0,0.0,0.0,395.0,315.0,470.0,315.0,394.0,390.0,469.0,389.0,0,0,0,0,0.0
1240.0,0.0,0.0,394.0,314.0,471.0,314.0,394.0,389.0,469.0,389.0,0,0,0,0,0.0
1230.0,0.0,0.0,394.0,314.0,471.0,314.0,394.0,389.0,469.0,389.0,0,0,0,0,0.0
1230.0,0.0,0.0,312.0,313.0,386.0,316.0,312.0,390.0,387.0,391.0,0,0,0,0,5.0
1230.0,0.0,0.0,311.0,314.0,386.0,317.0,312.0,390.0,387.0,391.0,0,0,0,0,5.0
1230.0,0.0,0.0,311.0,314.0,386.0,317.0,312.0,390.0,387.0,390.0,0,0,0,0,5.0
375.0,0.0,0.0,403.0,99.0,645.0,102.0,403.0,344.0,645.0,343.0,0,0,0,0,-5.0
375.0,0.0,0.0,403.0,99.0,645.0,102.0,403.0,344.0,645.0,343.0,0,0,0,0,-5.0
375.0,0.0,0.0,403.0,100.0,645.0,102.0,403.0,344.0,645.0,343.0,0,0,0,0,-5.0
375.0,0.0,0.0,403.0,100.0,645.0,102.0,403.0,344.0,645.0,343.0,0,0,0,0,-5.0
375.0,0.0,0.0,304.0,96.0,548.0,104.0,303.0,343.0,547.0,344.0,0,0,0,0,0.0
375.0,0.0,0.0,304.0,96.0,548.0,104.0,303.0,343.0,547.0,344.0,0,0,0,0,0.0
375.0,0.0,0.0,304.0,96.0,548.0,104.0,304.0,344.0,547.0,345.0,0,0,0,0,0.0
375.0,0.0,0.0,304.0,96.0,548.0,104.0,304.0,343.0,548.0,344.0,0,0,0,0,0.0
375.0,0.0,0.0,304.0,96.0,548.0,104.0,303.0,343.0,547.0,344.0,0,0,0,0,0.0
375.0,0.0,0.0,304.0,96.0,548.0,104.0,303.0,343.0,547.0,344.0,0,0,0,0,0.0
375.0,0.0,0.0,304.0,96.0,548.0,104.0,303.0,343.0,547.0,344.0,0,0,0,0,0.0
375.0,0.0,0.0,217.0,95.0,464.0,105.0,215.0,343.0,1023.0,1023.0,0,0,0,0,5.0
375.0,0.0,0.0,218.0,94.0,465.0,105.0,216.0,343.0,1023.0,1023.0,0,0,0,0,5.0
375.0,0.0,0.0,218.0,94.0,465.0,105.0,216.0,343.0,1023.0,1023.0,0,0,0,0,5.0
375.0,0.0,0.0,218.0,94.0,465.0,105.0,216.0,343.0,1023.0,1023.0,0,0,0,0,5.0
374.0,0.0,0.0,217.0,95.0,464.0,105.0,216.0,344.0,1023.0,1023.0,0,0,0,0,5.0
374.0,0.0,0.0,218.0,94.0,465.0,105.0,216.0,343.0,1023.0,1023.0,0,0,0,0,5.0
375.0,0.0,0.0,218.0,94.0,465.0,105.0,216.0,343.0,1023.0,1023.0,0,0,0,0,5.0
376.0,0.0,0.0,300.0,97.0,544.0,104.0,301.0,344.0,545.0,345.0,0,0,0,0,0.0
375.0,0.0,0.0,300.0,97.0,544.0,104.0,301.0,344.0,545.0,345.0,0,0,0,0,0.0
375.0,0.0,0.0,306.0,98.0,550.0,104.0,305.0,344.0,549.0,345.0,0,0,0,0,0.0
375.0,0.0,0.0,306.0,98.0,550.0,104.0,306.0,344.0,549.0,345.0,0,0,0,0,0.0
375.0,0.0,0.0,306.0,98.0,550.0,104.0,305.0,344.0,549.0,345.0,0,0,0,0,0.0
375.0,0.0,0.0,306.0,98.0,550.0,104.0,305.0,344.0,549.0,345.0,0,0,0,0,0.0
375.0,0.0,0.0,306.0,98.0,550.0,104.0,305.0,344.0,549.0,345.0,0,0,0,0,0.0
375.0,0.0,0.0,306.0,98.0,550.0,104.0,306.0,344.0,549.0,345.0,0,0,0,0,0.0
375.0,0.0,0.0,400.0,102.0,642.0,103.0,399.0,344.0,643.0,343.0,0,0,0,0,-5.0
383.0,0.0,0.0,407.0,100.0,650.0,102.0,407.0,343.0,650.0,343.0,0,0,0,0,-5.0
375.0,0.0,0.0,406.0,101.0,650.0,103.0,407.0,344.0,650.0,343.0,0,0,0,0,-5.0
375.0,0.0,0.0,406.0,101.0,650.0,103.0,407.0,344.0,650.0,343.0,0,0,0,0,-5.0
375.0,0.0,0.0,407.0,101.0,650.0,103.0,408.0,344.0,650.0,343.0,0,0,0,0,-5.0
375.0,0.0,0.0,407.0,100.0,650.0,102.0,407.0,343.0,650.0,343.0,0,0,0,0,-5.0
374.0,0.0,0.0,406.0,101.0,650.0,103.0,407.0,344.0,650.0,343.0,0,0,0,0,-5.0
375.0,0.0,0.0,303.0,96.0,546.0,104.0,303.0,343.0,547.0,344.0,0,0,0,0,0.0
375.0,0.0,0.0,304.0,96.0,547.0,104.0,303.0,344.0,547.0,344.0,0,0,0,0,0.0
375.0,0.0,0.0,304.0,96.0,547.0,104.0,303.0,344.0,547.0,344.0,0,0,0,0,0.0
374.0,0.0,0.0,304.0,96.0,549.0,104.0,304.0,343.0,547.0,344.0,0,0,0,0,0.0
375.0,0.0,0.0,304.0,96.0,548.0,104.0,304.0,344.0,547.0,344.0,0,0,0,0,0.0
375.0,0.0,0.0,304.0,97.0,549.0,104.0,304.0,344.0,548.0,344.0,0,0,0,0,0.0
375.0,0.0,0.0,304.0,96.0,548.0,104.0,303.0,343.0,547.0,344.0,0,0,0,0,0.0
375.0,0.0,0.0,304.0,96.0,548.0,104.0,303.0,343.0,547.0,344.0,0,0,0,0,0.0
375.0,0.0,0.0,219.0,93.0,465.0,105.0,216.0,343.0,1023.0,1023.0,0,0,0,0,5.0
375.0,0.0,0.0,218.0,94.0,465.0,105.0,216.0,343.0,1023.0,1023.0,0,0,0,0,5.0
375.0,0.0,0.0,218.0,94.0,465.0,105.0,216.0,343.0,1023.0,1023.0,0,0,0,0,5.0
375.0,0.0,0.0,219.0,93.0,465.0,105.0,216.0,343.0,1023.0,1023.0,0,0,0,0,5.0
375.0,0.0,0.0,219.0,93.0,465.0,105.0,216.0,343.0,1023.0,1023.0,0,0,0,0,5.0
374.0,0.0,0.0,217.0,94.0,465.0,105.0,216.0,343.0,1023.0,1023.0,0,0,0,0,5.0
375.0,0.0,0.0,218.0,94.0,465.0,105.0,216.0,343.0,1023.0,1023.0,0,0,0,0,5.0
375.0,0.0,0.0,299.0,98.0,544.0,104.0,300.0,344.0,545.0,345.0,0,0,0,0,0.0
375.0,0.0,0.0,306.0,98.0,550.0,104.0,306.0,344.0,549.0,345.0,0,0,0,0,0.0
375.0,0.0,0.0,306.0,98.0,550.0,104.0,306.0,344.0,549.0,345.0,0,0,0,0,0.0
375.0,0.0,0.0,306.0,98.0,550.0,104.0,305.0,344.0,549.0,345.0,0,0,0,0,0.0
374.0,0.0,0.0,306.0,98.0,550.0,104.0,306.0,344.0,549.0,345.0,0,0,0,0,0.0
375.0,0.0,0.0,306.0,98.0,550.0,104.0,305.0,344.0,549.0,345.0,0,0,0,0,0.0
375.0,0.0,0.0,306.0,98.0,550.0,104.0,305.0,344.0,549.0,345.0,0,0,0,0,0.0
375.0,0.0,0.0,306.0,98.0,550.0,104.0,305.0,344.0,549.0,345.0,0,0,0,0,0.0
376.0,0.0,0.0,400.0,102.0,642.0,103.0,399.0,344.0,643.0,344.0,0,0,0,0,-5.0
376.0,0.0,0.0,405.0,101.0,648.0,103.0,407.0,343.0,650.0,343.0,0,0,0,0,-5.0
376.0,0.0,0.0,407.0,100.0,650.0,102.0,407.0,343.0,650.0,343.0,0,0,0,0,-5.0
376.0,0.0,0.0,407.0,100.0,650.0,102.0,407.0,344.0,650.0,343.0,0,0,0,0,-5.0
376.0,0.0,0.0,407.0,101.0,650.0,103.0,408.0,344.0,650.0,343.0,0,0,0,0,-5.0
376.0,0.0,0.0,407.0,101.0,650.0,103.0,408.0,344.0,650.0,343.0,0,0,0,0,-5.0
376.0,0.0,0.0,407.0,100.0,650.0,102.0,408.0,343.0,650.0,343.0,0,0,0,0,-5.0
376.0,0.0,0.0,304.0,96.0,548.0,104.0,303.0,343.0,547.0,344.0,0,0,0,0,0.0
376.0,0.0,0.0,304.0,96.0,548.0,104.0,304.0,344.0,547.0,344.0,0,0,0,0,0.0
376.0,0.0,0.0,304.0,97.0,548.0,104.0,304.0,344.0,548.0,344.0,0,0,0,0,0.0
376.0,0.0,0.0,304.0,97.0,548.0,104.0,304.0,344.0,548.0,344.0,0,0,0,0,0.0
376.0,0.0,0.0,304.0,96.0,549.0,103.0,304.0,343.0,548.0,344.0,0,0,0,0,0.0
376.0,0.0,0.0,304.0,96.0,548.0,104.0,304.0,343.0,547.0,344.0,0,0,0,0,0.0
376.0,0.0,0.0,304.0,97.0,549.0,104.0,304.0,344.0,548.0,344.0,0,0,0,0,0.0
376.0,0.0,0.0,219.0,93.0,467.0,106.0,217.0,342.0,1023.0,1023.0,0,0,0,0,5.0
375.0,0.0,0.0,219.0,93.0,467.0,106.0,217.0,342.0,1023.0,1023.0,0,0,0,0,5.0
375.0,0.0,0.0,217.0,94.0,464.0,105.0,216.0,343.0,1023.0,1023.0,0,0,0,0,5.0
376.0,0.0,0.0,217.0,94.0,465.0,105.0,216.0,343.0,1023.0,1023.0,0,0,0,0,5.0
376.0,0.0,0.0,217.0,95.0,465.0,105.0,216.0,343.0,1023.0,1023.0,0,0,0,0,5.0
375.0,0.0,0.0,218.0,94.0,465.0,105.0,216.0,343.0,1023.0,1023.0,0,0,0,0,5.0
376.0,0.0,0.0,218.0,94.0,465.0,105.0,216.0,343.0,1023.0,1023.0,0,0,0,0,5.0
376.0,0.0,0.0,217.0,94.0,465.0,105.0,216.0,343.0,1023.0,1023.0,0,0,0,0,5.0
375.0,0.0,0.0,305.0,97.0,548.0,105.0,304.0,344.0,548.0,345.0,0,0,0,0,0.0
376.0,0.0,0.0,308.0,98.0,552.0,105.0,308.0,344.0,552.0,345.0,0,0,0,0,0.0
376.0,0.0,0.0,308.0,98.0,551.0,104.0,307.0,344.0,552.0,346.0,0,0,0,0,0.0
376.0,0.0,0.0,310.0,97.0,554.0,105.0,309.0,344.0,554.0,345.0,0,0,0,0,0.0
376.0,0.0,0.0,310.0,97.0,554.0,105.0,309.0,344.0,554.0,345.0,0,0,0,0,0.0
376.0,0.0,0.0,311.0,98.0,554.0,105.0,310.0,344.0,555.0,345.0,0,0,0,0,0.0
376.0,0.0,0.0,312.0,97.0,555.0,104.0,310.0,344.0,555.0,344.0,0,0,0,0,0.0
376.0,0.0,0.0,406.0,100.0,649.0,102.0,406.0,343.0,649.0,343.0,0,0,0,0,-5.0
376.0,0.0,0.0,405.0,101.0,648.0,103.0,406.0,344.0,649.0,343.0,0,0,0,0,-5.0
376.0,0.0,0.0,405.0,101.0,648.0,103.0,406.0,344.0,649.0,343.0,0,0,0,0,-5.0
376.0,0.0,0.0,409.0,102.0,652.0,103.0,409.0,344.0,652.0,343.0,0,0,0,0,-5.0
376.0,0.0,0.0,408.0,101.0,651.0,102.0,408.0,344.0,651.0,343.0,0,0,0,0,-5.0
376.0,0.0,0.0,402.0,99.0,643.0,102.0,400.0,343.0,643.0,343.0,0,0,0,0,-5.0
376.0,0.0,0.0,401.0,100.0,643.0,103.0,401.0,344.0,644.0,343.0,0,0,0,0,-5.0
376.0,0.0,0.0,401.0,100.0,643.0,103.0,401.0,344.0,644.0,343.0,0,0,0,0,-5.0
376.0,0.0,0.0,304.0,96.0,548.0,104.0,303.0,343.0,547.0,344.0,0,0,0,0,0.0
376.0,0.0,0.0,301.0,96.0,544.0,104.0,300.0,343.0,544.0,344.0,0,0,0,0,0.0
375.0,0.0,0.0,300.0,97.0,544.0,104.0,300.0,344.0,545.0,345.0,0,0,0,0,0.0
376.0,0.0,0.0,300.0,97.0,544.0,104.0,301.0,343.0,545.0,344.0,0,0,0,0,0.0
376.0,0.0,0.0,300.0,97.0,544.0,104.0,301.0,343.0,545.0,344.0,0,0,0,0,0.0
376.0,0.0,0.0,301.0,96.0,545.0,104.0,301.0,343.0,545.0,344.0,0,0,0,0,0.0
376.0,0.0,0.0,301.0,96.0,544.0,104.0,300.0,343.0,544.0,344.0,0,0,0,0,0.0
376.0,0.0,0.0,218.0,94.0,465.0,105.0,216.0,343.0,1023.0,1023.0,0,0,0,0,5.0
376.0,0.0,0.0,219.0,94.0,466.0,106.0,217.0,343.0,1023.0,1023.0,0,0,0,0,5.0
376.0,0.0,0.0,219.0,94.0,466.0,106.0,217.0,343.0,1023.0,1023.0,0,0,0,0,5.0
376.0,0.0,0.0,219.0,93.0,466.0,105.0,216.0,343.0,1023.0,1023.0,0,0,0,0,5.0
376.0,0.0,0.0,219.0,94.0,466.0,106.0,216.0,343.0,1023.0,1023.0,0,0,0,0,5.0
376.0,0.0,0.0,218.0,94.0,466.0,106.0,216.0,343.0,1023.0,1023.0,0,0,0,0,5.0
375.0,0.0,0.0,219.0,94.0,466.0,106.0,217.0,343.0,1023.0,1023.0,0,0,0,0,5.0
376.0,0.0,0.0,306.0,98.0,550.0,104.0,306.0,344.0,549.0,345.0,0,0,0,0,0.0
376.0,0.0,0.0,306.0,98.0,550.0,104.0,306.0,344.0,549.0,345.0,0,0,0,0,0.0
375.0,0.0,0.0,306.0,98.0,550.0,104.0,305.0,344.0,549.0,345.0,0,0,0,0,0.0
376.0,0.0,0.0,307.0,98.0,550.0,104.0,307.0,344.0,551.0,345.0,0,0,0,0,0.0
376.0,0.0,0.0,308.0,98.0,552.0,105.0,308.0,344.0,553.0,345.0,0,0,0,0,0.0
376.0,0.0,0.0,309.0,98.0,553.0,105.0,308.0,344.0,553.0,346.0,0,0,0,0,0.0
376.0,0.0,0.0,309.0,98.0,553.0,105.0,308.0,344.0,553.0,346.0,0,0,0,0,0.0
376.0,0.0,0.0,308.0,99.0,552.0,105.0,308.0,344.0,553.0,346.0,0,0,0,0,0.0
375.0,0.0,0.0,400.0,101.0,642.0,103.0,399.0,344.0,643.0,344.0,0,0,0,0,-5.0
376.0,0.0,0.0,400.0,100.0,642.0,102.0,399.0,344.0,642.0,343.0,0,0,0,0,-5.0
376.0,0.0,0.0,403.0,100.0,645.0,102.0,403.0,344.0,646.0,343.0,0,0,0,0,-5.0
376.0,0.0,0.0,403.0,100.0,645.0,102.0,403.0,344.0,646.0,343.0,0,0,0,0,-5.0
376.0,0.0,0.0,408.0,101.0,652.0,103.0,409.0,344.0,651.0,343.0,0,0,0,0,-5.0
375.0,0.0,0.0,402.0,100.0,644.0,102.0,401.0,343.0,644.0,343.0,0,0,0,0,-5.0
376.0,0.0,0.0,402.0,99.0,644.0,102.0,401.0,343.0,643.0,343.0,0,0,0,0,-5.0
376.0,0.0,0.0,304.0,96.0,548.0,104.0,304.0,344.0,547.0,344.0,0,0,0,0,0.0
376.0,0.0,0.0,304.0,96.0,548.0,104.0,304.0,344.0,547.0,344.0,0,0,0,0,0.0
375.0,0.0,0.0,304.0,97.0,549.0,104.0,304.0,343.0,548.0,344.0,0,0,0,0,0.0
376.0,0.0,0.0,312.0,96.0,555.0,104.0,310.0,344.0,555.0,344.0,0,0,0,0,0.0
376.0,0.0,0.0,304.0,97.0,549.0,104.0,304.0,344.0,548.0,344.0,0,0,0,0,0.0
376.0,0.0,0.0,304.0,97.0,549.0,104.0,305.0,343.0,548.0,344.0,0,0,0,0,0.0
376.0,0.0,0.0,304.0,97.0,549.0,104.0,305.0,343.0,548.0,344.0,0,0,0,0,0.0
375.0,0.0,0.0,306.0,98.0,550.0,104.0,306.0,344.0,548.0,344.0,0,0,0,0,0.0
376.0,0.0,0.0,220.0,93.0,470.0,105.0,220.0,342.0,1023.0,1023.0,0,0,0,0,5.0
376.0,0.0,0.0,218.0,94.0,465.0,105.0,216.0,343.0,1023.0,1023.0,0,0,0,0,5.0
376.0,0.0,0.0,218.0,94.0,465.0,105.0,216.0,343.0,1023.0,1023.0,0,0,0,0,5.0
376.0,0.0,0.0,219.0,93.0,465.0,105.0,216.0,343.0,1023.0,1023.0,0,0,0,0,5.0
376.0,0.0,0.0,219.0,93.0,465.0,105.0,216.0,343.0,1023.0,1023.0,0,0,0,0,5.0
376.0,0.0,0.0,218.0,94.0,465.0,105.0,216.0,343.0,1023.0,1023.0,0,0,0,0,5.0
376.0,0.0,0.0,217.0,94.0,465.0,105.0,216.0,343.0,1023.0,1023.0,0,0,0,0,5.0
375.0,0.0,0.0,306.0,98.0,549.0,105.0,305.0,344.0,550.0,345.0,0,0,0,0,0.0
375.0,0.0,0.0,312.0,97.0,555.0,104.0,310.0,344.0,555.0,344.0,0,0,0,0,0.0
376.0,0.0,0.0,312.0,97.0,555.0,104.0,310.0,344.0,555.0,344.0,0,0,0,0,0.0
376.0,0.0,0.0,311.0,97.0,554.0,105.0,310.0,344.0,555.0,345.0,0,0,0,0,0.0
555.0,-0.001,0.0,260.0,201.0,429.0,207.0,259.0,372.0,428.0,372.0,0,0,0,0,5.0
555.0,-0.001,0.0,260.0,201.0,429.0,207.0,259.0,372.0,428.0,372.0,0,0,0,0,5.0
555.0,-0.001,0.0,260.0,201.0,429.0,207.0,259.0,372.0,428.0,372.0,0,0,0,0,5.0
546.0,-0.001,0.0,260.0,201.0,428.0,206.0,258.0,372.0,428.0,372.0,0,0,0,0,5.0
546.0,-0.001,0.0,260.0,201.0,428.0,206.0,258.0,372.0,428.0,372.0,0,0,0,0,5.0
546.0,-0.001,0.0,260.0,201.0,428.0,206.0,258.0,372.0,428.0,372.0,0,0,0,0,5.0
546.0,-0.001,0.0,340.0,205.0,507.0,207.0,340.0,372.0,507.0,372.0,0,0,0,0,0.0
546.0,-0.001,0.0,346.0,204.0,513.0,207.0,345.0,371.0,513.0,371.0,0,0,0,0,0.0
555.0,-0.001,0.0,345.0,204.0,513.0,206.0,345.0,371.0,513.0,371.0,0,0,0,0,0.0
555.0,-0.001,0.0,345.0,204.0,513.0,207.0,345.0,371.0,513.0,372.0,0,0,0,0,0.0
555.0,-0.001,0.0,345.0,204.0,513.0,207.0,345.0,371.0,513.0,372.0,0,0,0,0,0.0
555.0,-0.001,0.0,345.0,204.0,513.0,207.0,345.0,371.0,513.0,371.0,0,0,0,0,0.0
555.0,-0.001,0.0,345.0,204.0,513.0,206.0,345.0,371.0,513.0,371.0,0,0,0,0,0.0
554.0,-0.001,0.0,439.0,204.0,605.0,204.0,439.0,371.0,606.0,371.0,0,0,0,0,-5.0
546.0,-0.001,0.0,439.0,205.0,604.0,205.0,439.0,371.0,606.0,371.0,0,0,0,0,-5.0
555.0,0.0,0.0,439.0,205.0,604.0,205.0,439.0,371.0,606.0,371.0,0,0,0,0,-5.0
546.0,-0.001,0.0,440.0,205.0,605.0,205.0,440.0,372.0,607.0,371.0,0,0,0,0,-5.0
555.0,-0.001,0.0,447.0,205.0,612.0,205.0,447.0,371.0,613.0,370.0,0,0,0,0,-5.0
555.0,0.0,0.0,446.0,205.0,611.0,205.0,447.0,371.0,613.0,370.0,0,0,0,0,-5.0
555.0,0.0,0.0,446.0,206.0,612.0,206.0,447.0,372.0,613.0,371.0,0,0,0,0,-5.0
555.0,-0.001,0.0,446.0,206.0,612.0,206.0,447.0,372.0,613.0,371.0,0,0,0,0,-5.0
555.0,-0.001,0.0,344.0,203.0,512.0,206.0,344.0,371.0,512.0,371.0,0,0,0,0,0.0
555.0,-0.001,0.0,344.0,203.0,512.0,205.0,344.0,371.0,512.0,371.0,0,0,0,0,0.0
555.0,-0.001,0.0,344.0,203.0,512.0,206.0,344.0,371.0,512.0,371.0,0,0,0,0,0.0
555.0,-0.001,0.0,344.0,203.0,512.0,206.0,345.0,371.0,513.0,371.0,0,0,0,0,0.0
546.0,-0.001,0.0,344.0,203.0,512.0,206.0,345.0,371.0,513.0,371.0,0,0,0,0,0.0
546.0,-0.001,0.0,344.0,203.0,513.0,205.0,344.0,371.0,512.0,371.0,0,0,0,0,0.0
546.0,-0.001,0.0,344.0,203.0,512.0,206.0,344.0,371.0,512.0,371.0,0,0,0,0,0.0
546.0,-0.001,0.0,259.0,202.0,428.0,207.0,257.0,372.0,427.0,372.0,0,0,0,0,5.0
555.0,-0.001,0.0,259.0,202.0,428.0,207.0,258.0,372.0,428.0,372.0,0,0,0,0,5.0
555.0,-0.001,0.0,259.0,202.0,428.0,207.0,258.0,372.0,428.0,372.0,0,0,0,0,5.0
555.0,-0.001,0.0,259.0,201.0,428.0,206.0,258.0,372.0,428.0,372.0,0,0,0,0,5.0
555.0,-0.001,0.0,259.0,202.0,428.0,207.0,258.0,372.0,428.0,372.0,0,0,0,0,5.0
554.0,-0.001,0.0,259.0,202.0,428.0,207.0,258.0,372.0,428.0,372.0,0,0,0,0,5.0
555.0,-0.001,0.0,259.0,201.0,428.0,206.0,258.0,372.0,428.0,372.0,0,0,0,0,5.0
555.0,-0.001,0.0,344.0,203.0,512.0,206.0,345.0,371.0,513.0,371.0,0,0,0,0,0.0
555.0,-0.001,0.0,344.0,203.0,512.0,206.0,345.0,371.0,513.0,371.0,0,0,0,0,0.0
555.0,-0.001,0.0,345.0,204.0,513.0,207.0,345.0,371.0,513.0,372.0,0,0,0,0,0.0
555.0,-0.001,0.0,350.0,205.0,515.0,208.0,349.0,372.0,517.0,372.0,0,0,0,0,0.0
556.0,-0.001,0.0,351.0,204.0,516.0,207.0,350.0,372.0,517.0,371.0,0,0,0,0,0.0
547.0,0.0,0.0,350.0,204.0,516.0,207.0,349.0,372.0,517.0,372.0,0,0,0,0,0.0
554.0,-0.001,0.0,350.0,204.0,516.0,207.0,349.0,372.0,517.0,372.0,0,0,0,0,0.0
554.0,-0.001,0.0,350.0,204.0,516.0,208.0,350.0,372.0,517.0,372.0,0,0,0,0,0.0
547.0,-0.001,0.0,439.0,204.0,605.0,204.0,440.0,371.0,606.0,371.0,0,0,0,0,-5.0
556.0,-0.001,0.0,439.0,204.0,605.0,205.0,439.0,371.0,606.0,371.0,0,0,0,0,-5.0
547.0,-0.001,0.0,439.0,204.0,605.0,204.0,439.0,371.0,606.0,371.0,0,0,0,0,-5.0
555.0,-0.001,0.0,439.0,204.0,605.0,204.0,439.0,371.0,606.0,371.0,0,0,0,0,-5.0
547.0,-0.001,0.0,439.0,205.0,605.0,205.0,440.0,372.0,606.0,371.0,0,0,0,0,-5.0
547.0,0.0,0.0,447.0,205.0,612.0,205.0,447.0,371.0,613.0,370.0,0,0,0,0,-5.0
547.0,0.0,0.0,446.0,205.0,611.0,205.0,447.0,371.0,613.0,370.0,0,0,0,0,-5.0
547.0,-0.001,0.0,343.0,204.0,510.0,206.0,343.0,371.0,509.0,371.0,0,0,0,0,0.0
556.0,-0.001,0.0,343.0,204.0,510.0,206.0,343.0,371.0,509.0,371.0,0,0,0,0,0.0
556.0,-0.001,0.0,344.0,204.0,511.0,205.0,343.0,371.0,510.0,371.0,0,0,0,0,0.0
556.0,-0.001,0.0,344.0,204.0,511.0,205.0,343.0,371.0,509.0,371.0,0,0,0,0,0.0
556.0,-0.001,0.0,343.0,203.0,510.0,205.0,343.0,371.0,509.0,371.0,0,0,0,0,0.0
547.0,-0.001,0.0,344.0,204.0,511.0,206.0,343.0,371.0,510.0,371.0,0,0,0,0,0.0
556.0,-0.001,0.0,344.0,204.0,511.0,206.0,343.0,371.0,510.0,371.0,0,0,0,0,0.0
547.0,-0.001,0.0,344.0,204.0,511.0,205.0,343.0,371.0,510.0,371.0,0,0,0,0,0.0
556.0,0.0,0.0,260.0,201.0,429.0,206.0,259.0,372.0,428.0,372.0,0,0,0,0,5.0
547.0,-0.001,0.0,259.0,202.0,428.0,207.0,258.0,372.0,428.0,372.0,0,0,0,0,5.0
547.0,-0.001,0.0,259.0,202.0,428.0,206.0,258.0,372.0,428.0,372.0,0,0,0,0,5.0
556.0,-0.001,0.0,259.0,201.0,428.0,207.0,258.0,372.0,428.0,372.0,0,0,0,0,5.0
547.0,-0.001,0.0,259.0,201.0,428.0,207.0,258.0,372.0,428.0,372.0,0,0,0,0,5.0
556.0,-0.001,0.0,259.0,201.0,428.0,206.0,258.0,372.0,428.0,372.0,0,0,0,0,5.0
547.0,-0.001,0.0,259.0,202.0,428.0,207.0,258.0,372.0,428.0,372.0,0,0,0,0,5.0
547.0,-0.001,0.0,343.0,204.0,510.0,206.0,343.0,371.0,510.0,372.0,0,0,0,0,0.0
547.0,-0.001,0.0,345.0,204.0,513.0,206.0,345.0,371.0,513.0,371.0,0,0,0,0,0.0
556.0,-0.001,0.0,345.0,204.0,513.0,206.0,345.0,371.0,513.0,371.0,0,0,0,0,0.0
547.0,-0.001,0.0,345.0,204.0,513.0,207.0,345.0,371.0,513.0,372.0,0,0,0,0,0.0
547.0,-0.001,0.0,345.0,204.0,513.0,207.0,345.0,371.0,513.0,371.0,0,0,0,0,0.0
547.0,-0.001,0.0,346.0,204.0,513.0,207.0,345.0,371.0,513.0,371.0,0,0,0,0,0.0
547.0,-0.001,0.0,345.0,204.0,513.0,206.0,345.0,371.0,513.0,371.0,0,0,0,0,0.0
547.0,-0.001,0.0,345.0,204.0,513.0,206.0,345.0,371.0,513.0,371.0,0,0,0,0,0.0
556.0,-0.001,0.0,440.0,205.0,605.0,204.0,441.0,372.0,608.0,371.0,0,0,0,0,-5.0
547.0,-0.001,0.0,447.0,205.0,612.0,205.0,447.0,371.0,613.0,370.0,0,0,0,0,-5.0
547.0,-0.001,0.0,447.0,205.0,612.0,205.0,447.0,371.0,613.0,370.0,0,0,0,0,-5.0
556.0,-0.001,0.0,447.0,205.0,612.0,205.0,447.0,371.0,613.0,371.0,0,0,0,0,-5.0
556.0,-0.001,0.0,447.0,205.0,612.0,205.0,447.0,371.0,613.0,371.0,0,0,0,0,-5.0
556.0,-0.001,0.0,446.0,206.0,612.0,206.0,447.0,371.0,613.0,371.0,0,0,0,0,-5.0
556.0,-0.001,0.0,447.0,205.0,612.0,205.0,447.0,371.0,613.0,371.0,0,0,0,0,-5.0
556.0,-0.001,0.0,340.0,202.0,507.0,206.0,339.0,370.0,506.0,371.0,0,0,0,0,0.0
556.0,-0.001,0.0,340.0,203.0,507.0,206.0,339.0,370.0,506.0,371.0,0,0,0,0,0.0
556.0,-0.001,0.0,341.0,202.0,507.0,206.0,340.0,370.0,507.0,371.0,0,0,0,0,0.0
556.0,-0.001,0.0,341.0,202.0,507.0,206.0,340.0,370.0,507.0,371.0,0,0,0,0,0.0
556.0,-0.001,0.0,341.0,202.0,507.0,206.0,339.0,370.0,506.0,371.0,0,0,0,0,0.0
556.0,-0.001,0.0,340.0,202.0,507.0,206.0,339.0,369.0,506.0,371.0,0,0,0,0,0.0
547.0,-0.001,0.0,340.0,203.0,507.0,206.0,339.0,370.0,506.0,371.0,0,0,0,0,0.0
547.0,-0.001,0.0,258.0,202.0,428.0,207.0,257.0,372.0,428.0,372.0,0,0,0,0,5.0
556.0,-0.001,0.0,258.0,202.0,428.0,207.0,257.0,372.0,428.0,372.0,0,0,0,0,5.0
556.0,-0.001,0.0,259.0,201.0,428.0,206.0,258.0,372.0,428.0,372.0,0,0,0,0,5.0
556.0,-0.001,0.0,259.0,202.0,428.0,207.0,258.0,372.0,428.0,372.0,0,0,0,0,5.0
555.0,-0.001,0.0,259.0,202.0,428.0,207.0,258.0,372.0,428.0,372.0,0,0,0,0,5.0
556.0,-0.001,0.0,259.0,202.0,428.0,207.0,257.0,372.0,428.0,372.0,0,0,0,0,5.0
556.0,-0.001,0.0,259.0,202.0,428.0,207.0,257.0,372.0,428.0,372.0,0,0,0,0,5.0
547.0,-0.001,0.0,259.0,201.0,428.0,206.0,258.0,372.0,428.0,372.0,0,0,0,0,5.0
556.0,-0.001,0.0,341.0,204.0,507.0,207.0,341.0,371.0,508.0,371.0,0,0,0,0,0.0
556.0,-0.001,0.0,346.0,204.0,513.0,207.0,345.0,371.0,513.0,371.0,0,0,0,0,0.0
556.0,-0.001,0.0,345.0,204.0,513.0,206.0,345.0,371.0,513.0,371.0,0,0,0,0,0.0
556.0,-0.001,0.0,345.0,204.0,513.0,206.0,345.0,371.0,513.0,371.0,0,0,0,0,0.0
556.0,-0.001,0.0,345.0,204.0,513.0,207.0,345.0,371.0,513.0,371.0,0,0,0,0,0.0
547.0,-0.001,0.0,345.0,204.0,513.0,207.0,345.0,371.0,513.0,371.0,0,0,0,0,0.0
556.0,-0.001,0.0,346.0,204.0,513.0,207.0,345.0,371.0,513.0,371.0,0,0,0,0,0.0
556.0,-0.001,0.0,446.0,205.0,611.0,205.0,446.0,371.0,612.0,370.0,0,0,0,0,-5.0
557.0,-0.001,0.0,446.0,205.0,611.0,205.0,446.0,371.0,612.0,370.0,0,0,0,0,-5.0
547.0,-0.001,0.0,446.0,206.0,611.0,206.0,447.0,372.0,613.0,371.0,0,0,0,0,-5.0
556.0,-0.001,0.0,448.0,205.0,613.0,205.0,448.0,372.0,614.0,371.0,0,0,0,0,-5.0
547.0,-0.001,0.0,448.0,205.0,613.0,204.0,447.0,371.0,614.0,371.0,0,0,0,0,-5.0
556.0,-0.001,0.0,447.0,205.0,613.0,205.0,448.0,372.0,614.0,371.0,0,0,0,0,-5.0
556.0,-0.001,0.0,447.0,205.0,613.0,205.0,448.0,372.0,614.0,371.0,0,0,0,0,-5.0
547.0,-0.001,0.0,447.0,205.0,613.0,205.0,448.0,372.0,614.0,371.0,0,0,0,0,-5.0
556.0,-0.001,0.0,343.0,204.0,510.0,205.0,342.0,371.0,509.0,371.0,0,0,0,0,0.0
556.0,-0.001,0.0,343.0,203.0,510.0,205.0,342.0,371.0,509.0,371.0,0,0,0,0,0.0
1526.0,0,0,399.0,350.0,459.0,352.0,399.0,409.0,459.0,409.0,0,0,0,0,0.0
1526.0,0,0,399.0,350.0,459.0,352.0,399.0,409.0,459.0,409.0,0,0,0,0,0.0
1526.0,0.0,0.0,403.0,352.0,464.0,350.0,403.0,408.0,464.0,409.0,0,0,0,0,0.0
1526.0,0.0,0.0,403.0,352.0,464.0,350.0,403.0,408.0,464.0,409.0,0,0,0,0,0.0
1526.0,0.0,0.0,400.0,349.0,463.0,349.0,400.0,408.0,463.0,409.0,0,0,0,0,0.0
1526.0,0.0,0.0,400.0,349.0,463.0,350.0,400.0,408.0,463.0,409.0,0,0,0,0,0.0
1526.0,0.0,0.0,490.0,351.0,551.0,349.0,492.0,408.0,552.0,409.0,0,0,0,0,-5.0
1526.0,0.0,0.0,490.0,351.0,552.0,348.0,492.0,408.0,552.0,409.0,0,0,0,0,-5.0
1525.0,0.0,0.0,496.0,349.0,559.0,349.0,496.0,408.0,559.0,409.0,0,0,0,0,-5.0
1526.0,0.0,0.0,496.0,349.0,559.0,349.0,496.0,408.0,559.0,409.0,0,0,0,0,-5.0
1526.0,0.0,0.0,496.0,350.0,559.0,350.0,497.0,408.0,559.0,409.0,0,0,0,0,-5.0
1526.0,0.0,0.0,496.0,350.0,559.0,350.0,497.0,408.0,559.0,409.0,0,0,0,0,-5.0
1526.0,0.0,0.0,496.0,349.0,559.0,349.0,497.0,408.0,559.0,409.0,0,0,0,0,-5.0
1526.0,0.0,0.0,394.0,350.0,456.0,349.0,396.0,408.0,456.0,409.0,0,0,0,0,0.0
1526.0,0.0,0.0,394.0,350.0,456.0,349.0,396.0,408.0,456.0,409.0,0,0,0,0,0.0
1526.0,0.0,0.0,396.0,351.0,456.0,350.0,396.0,408.0,456.0,409.0,0,0,0,0,0.0
1526.0,0.0,0.0,397.0,350.0,456.0,349.0,396.0,408.0,456.0,409.0,0,0,0,0,0.0
1526.0,0.0,0.0,396.0,350.0,456.0,349.0,396.0,408.0,456.0,409.0,0,0,0,0,0.0
1524.0,0.0,0.0,396.0,350.0,456.0,350.0,397.0,408.0,456.0,409.0,0,0,0,0,0.0
1525.0,0.0,0.0,396.0,350.0,456.0,350.0,397.0,408.0,456.0,409.0,0,0,0,0,0.0
1526.0,0.0,0.0,397.0,351.0,456.0,350.0,397.0,408.0,456.0,409.0,0,0,0,0,0.0
1526.0,0.0,0.0,312.0,348.0,375.0,351.0,312.0,410.0,375.0,409.0,0,0,0,0,5.0
1526.0,0.0,0.0,312.0,349.0,375.0,351.0,312.0,410.0,375.0,409.0,0,0,0,0,5.0
1526.0,0.0,0.0,312.0,349.0,375.0,351.0,312.0,410.0,375.0,409.0,0,0,0,0,5.0
1526.0,0.0,0.0,312.0,348.0,375.0,351.0,312.0,410.0,375.0,409.0,0,0,0,0,5.0
1527.0,0.0,0.0,312.0,348.0,375.0,351.0,312.0,410.0,375.0,409.0,0,0,0,0,5.0
1527.0,0.0,0.0,312.0,349.0,375.0,351.0,312.0,410.0,375.0,409.0,0,0,0,0,5.0
1527.0,0.0,0.0,312.0,348.0,375.0,351.0,312.0,410.0,375.0,409.0,0,0,0,0,5.0
1527.0,0.0,0.0,396.0,352.0,457.0,351.0,397.0,408.0,456.0,409.0,0,0,0,0,0.0
1527.0,0.0,0.0,398.0,351.0,457.0,351.0,398.0,408.0,457.0,409.0,0,0,0,0,0.0
1527.0,0.0,0.0,398.0,351.0,457.0,351.0,398.0,408.0,457.0,409.0,0,0,0,0,0.0
1527.0,0.0,0.0,413.0,351.0,473.0,351.0,414.0,409.0,472.0,409.0,0,0,0,0,0.0
1527.0,0.0,0.0,400.0,351.0,462.0,351.0,400.0,410.0,463.0,409.0,0,0,0,0,0.0
1527.0,0.0,0.0,400.0,350.0,463.0,350.0,400.0,409.0,463.0,409.0,0,0,0,0,0.0
1527.0,0.0,0.0,400.0,350.0,463.0,350.0,400.0,409.0,463.0,409.0,0,0,0,0,0.0
1527.0,0.0,0.0,400.0,350.0,463.0,350.0,400.0,409.0,463.0,409.0,0,0,0,0,0.0
1527.0,0.0,0.0,489.0,351.0,551.0,348.0,490.0,408.0,551.0,409.0,0,0,0,0,-5.0
1527.0,0.0,0.0,489.0,351.0,551.0,349.0,490.0,408.0,551.0,409.0,0,0,0,0,-5.0
1527.0,0.0,0.0,489.0,351.0,551.0,348.0,491.0,408.0,551.0,409.0,0,0,0,0,-5.0
1527.0,0.0,0.0,496.0,348.0,559.0,349.0,496.0,408.0,559.0,408.0,0,0,0,0,-5.0
1527.0,0.0,0.0,496.0,348.0,559.0,349.0,496.0,408.0,559.0,408.0,0,0,0,0,-5.0
1527.0,0.0,0.0,496.0,350.0,559.0,350.0,496.0,409.0,559.0,409.0,0,0,0,0,-5.0
1527.0,0.0,0.0,496.0,349.0,559.0,349.0,496.0,408.0,559.0,409.0,0,0,0,0,-5.0
1527.0,0.0,0.0,400.0,349.0,462.0,350.0,400.0,408.0,456.0,409.0,0,0,0,0,0.0
1527.0,0.0,0.0,392.0,348.0,455.0,350.0,392.0,408.0,454.0,408.0,0,0,0,0,0.0
1527.0,0.0,0.0,392.0,348.0,455.0,350.0,392.0,408.0,454.0,408.0,0,0,0,0,0.0
1527.0,0.0,0.0,392.0,348.0,454.0,350.0,392.0,408.0,454.0,408.0,0,0,0,0,0.0
1527.0,0.0,0.0,392.0,348.0,455.0,350.0,392.0,408.0,454.0,408.0,0,0,0,0,0.0
1527.0,0.0,0.0,392.0,348.0,455.0,350.0,392.0,408.0,454.0,408.0,0,0,0,0,0.0
1536.0,0.0,0.0,392.0,348.0,454.0,350.0,392.0,408.0,454.0,409.0,0,0,0,0,0.0
1527.0,0.0,0.0,311.0,350.0,374.0,351.0,311.0,410.0,373.0,410.0,0,0,0,0,5.0
1527.0,0.0,0.0,311.0,350.0,374.0,351.0,311.0,410.0,373.0,410.0,0,0,0,0,5.0
1527.0,0.0,0.0,312.0,349.0,375.0,351.0,312.0,410.0,375.0,409.0,0,0,0,0,5.0
1527.0,0.0,0.0,312.0,348.0,375.0,351.0,312.0,410.0,375.0,409.0,0,0,0,0,5.0
1527.0,0.0,0.0,312.0,350.0,375.0,351.0,312.0,411.0,375.0,410.0,0,0,0,0,5.0
1527.0,0.0,0.0,312.0,348.0,375.0,351.0,312.0,410.0,375.0,409.0,0,0,0,0,5.0
1527.0,0.0,0.0,312.0,348.0,375.0,351.0,312.0,410.0,375.0,409.0,0,0,0,0,5.0
1527.0,0.0,0.0,312.0,348.0,375.0,351.0,312.0,410.0,375.0,409.0,0,0,0,0,5.0
1527.0,0.0,0.0,398.0,350.0,459.0,352.0,399.0,410.0,459.0,409.0,0,0,0,0,0.0
1527.0,0.0,0.0,399.0,350.0,459.0,352.0,399.0,410.0,459.0,409.0,0,0,0,0,0.0
1527.0,0.0,0.0,401.0,351.0,463.0,351.0,401.0,409.0,464.0,409.0,0,0,0,0,0.0
1527.0,0.0,0.0,401.0,351.0,463.0,351.0,401.0,409.0,464.0,409.0,0,0,0,0,0.0
1527.0,0.0,0.0,402.0,351.0,464.0,350.0,402.0,408.0,464.0,409.0,0,0,0,0,0.0
1527.0,0.0,0.0,402.0,351.0,464.0,351.0,402.0,408.0,464.0,409.0,0,0,0,0,0.0
1527.0,0.0,0.0,403.0,352.0,464.0,351.0,403.0,408.0,464.0,409.0,0,0,0,0,0.0
1527.0,0.0,0.0,489.0,351.0,552.0,348.0,492.0,408.0,551.0,409.0,0,0,0,0,-5.0
1527.0,0.0,0.0,489.0,351.0,552.0,348.0,492.0,408.0,551.0,409.0,0,0,0,0,-5.0
1527.0,0.0,0.0,489.0,351.0,552.0,348.0,492.0,408.0,552.0,409.0,0,0,0,0,-5.0
1527.0,0.0,0.0,489.0,351.0,551.0,348.0,492.0,408.0,552.0,409.0,0,0,0,0,-5.0
1527.0,0.0,0.0,496.0,350.0,559.0,349.0,497.0,408.0,559.0,409.0,0,0,0,0,-5.0
1527.0,0.0,0.0,495.0,348.0,553.0,350.0,496.0,408.0,554.0,408.0,0,0,0,0,-5.0
1527.0,0.0,0.0,495.0,348.0,553.0,350.0,496.0,408.0,554.0,408.0,0,0,0,0,-5.0
1527.0,0.0,0.0,497.0,351.0,559.0,349.0,499.0,408.0,560.0,409.0,0,0,0,0,-5.0
1527.0,0.0,0.0,400.0,348.0,458.0,351.0,399.0,408.0,457.0,408.0,0,0,0,0,0.0
1527.0,0.0,0.0,399.0,348.0,457.0,351.0,399.0,408.0,457.0,408.0,0,0,0,0,0.0
1527.0,0.0,0.0,400.0,348.0,457.0,351.0,399.0,408.0,457.0,408.0,0,0,0,0,0.0
1527.0,0.0,0.0,400.0,348.0,458.0,351.0,399.0,408.0,457.0,408.0,0,0,0,0,0.0
1527.0,0.0,0.0,400.0,348.0,458.0,351.0,399.0,408.0,457.0,408.0,0,0,0,0,0.0
1527.0,0.0,0.0,400.0,348.0,458.0,351.0,399.0,408.0,458.0,408.0,0,0,0,0,0.0
1527.0,0.0,0.0,400.0,348.0,457.0,351.0,399.0,408.0,457.0,408.0,0,0,0,0,0.0
1527.0,0.0,0.0,312.0,349.0,375.0,351.0,312.0,411.0,375.0,409.0,0,0,0,0,5.0
1527.0,0.0,0.0,312.0,349.0,375.0,351.0,312.0,410.0,375.0,409.0,0,0,0,0,5.0
1525.0,0.0,0.0,312.0,349.0,375.0,351.0,312.0,410.0,375.0,409.0,0,0,0,0,5.0
1527.0,0.0,0.0,319.0,350.0,378.0,351.0,316.0,408.0,376.0,409.0,0,0,0,0,5.0
1527.0,0.0,0.0,312.0,349.0,376.0,351.0,312.0,409.0,376.0,409.0,0,0,0,0,5.0
1527.0,0.0,0.0,312.0,350.0,376.0,352.0,312.0,410.0,376.0,409.0,0,0,0,0,5.0
1527.0,0.0,0.0,313.0,350.0,376.0,351.0,312.0,409.0,376.0,409.0,0,0,0,0,5.0
1527.0,0.0,0.0,313.0,350.0,376.0,351.0,312.0,409.0,376.0,409.0,0,0,0,0,5.0
1527.0,0.0,0.0,398.0,351.0,456.0,350.0,398.0,408.0,457.0,409.0,0,0,0,0,0.0
1527.0,0.0,0.0,400.0,351.0,462.0,351.0,400.0,411.0,462.0,409.0,0,0,0,0,0.0
1527.0,0.0,0.0,400.0,351.0,462.0,351.0,400.0,411.0,463.0,409.0,0,0,0,0,0.0
1526.0,0.0,0.0,400.0,351.0,462.0,351.0,400.0,411.0,463.0,409.0,0,0,0,0,0.0
1526.0,0.0,0.0,400.0,351.0,462.0,351.0,400.0,411.0,463.0,409.0,0,0,0,0,0.0
1526.0,0.0,0.0,400.0,350.0,462.0,351.0,400.0,409.0,462.0,409.0,0,0,0,0,0.0
1526.0,0.0,0.0,400.0,351.0,462.0,351.0,400.0,411.0,462.0,409.0,0,0,0,0,0.0
1528.0,0.0,0.0,496.0,350.0,558.0,351.0,496.0,409.0,558.0,408.0,0,0,0,0,-5.0
1527.0,0.0,0.0,500.0,352.0,560.0,351.0,501.0,408.0,560.0,409.0,0,0,0,0,-5.0
1527.0,0.0,0.0,497.0,351.0,559.0,349.0,499.0,408.0,560.0,409.0,0,0,0,0,-5.0
1527.0,0.0,0.0,497.0,351.0,559.0,349.0,499.0,408.0,560.0,409.0,0,0,0,0,-5.0
1527.0,0.0,0.0,490.0,351.0,552.0,348.0,492.0,408.0,552.0,409.0,0,0,0,0,-5.0
1527.0,0.0,0.0,491.0,352.0,552.0,348.0,492.0,408.0,552.0,409.0,0,0,0,0,-5.0
1518.0,0.0,0.0,491.0,351.0,552.0,348.0,492.0,408.0,552.0,408.0,0,0,0,0,-5.0
1527.0,0.0,0.0,400.0,349.0,463.0,348.0,401.0,408.0,463.0,409.0,0,0,0,0,0.0
1527.0,0.0,0.0,400.0,349.0,463.0,348.0,401.0,408.0,463.0,409.0,0,0,0,0,0.0
1527.0,0.0,0.0,392.0,349.0,456.0,349.0,393.0,408.0,455.0,409.0,0,0,0,0,0.0
1527.0,0.0,0.0,392.0,348.0,456.0,349.0,393.0,408.0,455.0,409.0,0,0,0,0,0.0
1527.0,0.0,0.0,392.0,348.0,456.0,349.0,393.0,408.0,455.0,409.0,0,0,0,0,0.0
1527.0,0.0,0.0,392.0,348.0,456.0,349.0,393.0,408.0,455.0,409.0,0,0,0,0,0.0
1527.0,0.0,0.0,392.0,348.0,456.0,349.0,393.0,408.0,455.0,409.0,0,0,0,0,0.0
1527.0,0.0,0.0,394.0,351.0,456.0,350.0,396.0,408.0,456.0,409.0,0,0,0,0,0.0
1527.0,0.0,0.0,317.0,350.0,377.0,351.0,316.0,408.0,377.0,409.0,0,0,0,0,5.0
1527.0,0.0,0.0,312.0,349.0,375.0,351.0,312.0,410.0,375.0,409.0,0,0,0,0,5.0
1526.0,0.0,0.0,312.0,349.0,375.0,351.0,312.0,410.0,375.0,409.0,0,0,0,0,5.0
1527.0,0.0,0.0,312.0,349.0,375.0,351.0,312.0,410.0,375.0,409.0,0,0,0,0,5.0
1527.0,0.0,0.0,312.0,348.0,375.0,351.0,312.0,410.0,375.0,409.0,0,0,0,0,5.0
1527.0,0.0,0.0,314.0,351.0,376.0,351.0,314.0,408.0,376.0,409.0,0,0,0,0,5.0
1527.0,0.0,0.0,312.0,349.0,375.0,351.0,312.0,410.0,375.0,409.0,0,0,0,0,5.0
1527.0,0.0,0.0,397.0,352.0,457.0,351.0,398.0,408.0,456.0,409.0,0,0,0,0,0.0
1527.0,0.0,0.0,398.0,351.0,456.0,350.0,398.0,408.0,457.0,409.0,0,0,0,0,0.0
1527.0,0.0,0.0,398.0,351.0,456.0,350.0,398.0,408.0,457.0,409.0,0,0,0,0,0.0
1527.0,0.0,0.0,400.0,351.0,461.0,351.0,400.0,410.0,461.0,409.0,0,0,0,0,0.0
1527.0,0.0,0.0,407.0,350.0,465.0,351.0,407.0,409.0,465.0,409.0,0,0,0,0,0.0
1527.0,0.0,0.0,406.0,350.0,465.0,351.0,407.0,408.0,465.0,408.0,0,0,0,0,0.0
1527.0,0.0,0.0,407.0,350.0,465.0,351.0,407.0,408.0,465.0,408.0,0,0,0,0,0.0
1527.0,0.0,0.0,407.0,350.0,465.0,351.0,407.0,408.0,465.0,408.0,0,0,0,0,0.0
1527.0,0.0,0.0,495.0,350.0,552.0,349.0,495.0,408.0,553.0,408.0,0,0,0,0,-5.0
1527.0,0.0,0.0,494.0,351.0,552.0,350.0,495.0,408.0,553.0,408.0,0,0,0,0,-5.0
1526.0,0.0,0.0,495.0,349.0,552.0,349.0,496.0,408.0,553.0,408.0,0,0,0,0,-5.0
1527.0,0.0,0.0,495.0,350.0,552.0,349.0,496.0,408.0,553.0,408.0,0,0,0,0,-5.0
1527.0,0.0,0.0,495.0,350.0,552.0,349.0,496.0,408.0,553.0,408.0,0,0,0,0,-5.0
1526.0,0.0,0.0,495.0,351.0,552.0,350.0,495.0,408.0,553.0,408.0,0,0,0,0,-5.0
1528.0,0.0,0.0,494.0,351.0,552.0,350.0,495.0,408.0,553.0,408.0,0,0,0,0,-5.0
1528.0,0.0,0.0,400.0,349.0,457.0,351.0,398.0,408.0,457.0,408.0,0,0,0,0,0.0
1528.0,0.0,0.0,392.0,348.0,455.0,349.0,392.0,408.0,454.0,408.0,0,0,0,0,0.0
1528.0,0.0,0.0,392.0,348.0,455.0,349.0,392.0,408.0,454.0,408.0,0,0,0,0,0.0
1528.0,0.0,0.0,392.0,348.0,455.0,350.0,392.0,408.0,455.0,409.0,0,0,0,0,0.0
1528.0,0.0,0.0,392.0,348.0,456.0,349.0,392.0,408.0,454.0,409.0,0,0,0,0,0.0
1528.0,0.0,0.0,392.0,348.0,455.0,349.0,392.0,408.0,454.0,409.0,0,0,0,0,0.0
1528.0,0.0,0.0,392.0,348.0,455.0,349.0,392.0,408.0,455.0,409.0,0,0,0,0,0.0
1528.0,0.0,0.0,392.0,348.0,455.0,349.0,392.0,408.0,455.0,409.0,0,0,0,0,0.0
1528.0,0.0,0.0,312.0,349.0,375.0,351.0,312.0,410.0,375.0,409.0,0,0,0,0,5.0
1528.0,0.0,0.0,312.0,348.0,375.0,351.0,312.0,410.0,376.0,409.0,0,0,0,0,5.0
1528.0,0.0,0.0,312.0,348.0,375.0,351.0,312.0,410.0,375.0,409.0,0,0,0,0,5.0
1528.0,0.0,0.0,312.0,349.0,375.0,351.0,312.0,411.0,375.0,409.0,0,0,0,0,5.0
1528.0,0.0,0.0,312.0,349.0,375.0,351.0,312.0,411.0,375.0,409.0,0,0,0,0,5.0
1528.0,0.0,0.0,312.0,348.0,375.0,351.0,312.0,410.0,376.0,409.0,0,0,0,0,5.0
1528.0,0.0,0.0,312.0,348.0,375.0,351.0,312.0,410.0,375.0,409.0,0,0,0,0,5.0
1528.0,0.0,0.0,399.0,350.0,459.0,352.0,399.0,409.0,459.0,410.0,0,0,0,0,0.0
1528.0,0.0,0.0,399.0,350.0,459.0,352.0,399.0,410.0,458.0,409.0,0,0,0,0,0.0
1528.0,0.0,0.0,399.0,349.0,459.0,352.0,399.0,409.0,458.0,409.0,0,0,0,0,0.0
1528.0,0.0,0.0,399.0,349.0,459.0,352.0,399.0,409.0,458.0,409.0,0,0,0,0,0.0
1528.0,0.0,0.0,399.0,349.0,458.0,352.0,399.0,409.0,458.0,409.0,0,0,0,0,0.0
1528.0,0.0,0.0,399.0,350.0,459.0,352.0,399.0,410.0,458.0,409.0,0,0,0,0,0.0
1528.0,0.0,0.0,399.0,349.0,459.0,352.0,399.0,409.0,458.0,409.0,0,0,0,0,0.0
1528.0,0.0,0.0,489.0,351.0,551.0,348.0,491.0,408.0,551.0,409.0,0,0,0,0,-5.0
1528.0,0.0,0.0,489.0,351.0,551.0,348.0,491.0,408.0,551.0,409.0,0,0,0,0,-5.0
1528.0,0.0,0.0,496.0,349.0,559.0,349.0,497.0,408.0,559.0,409.0,0,0,0,0,-5.0
1528.0,0.0,0.0,496.0,350.0,559.0,350.0,497.0,408.0,559.0,409.0,0,0,0,0,-5.0
1528.0,0.0,0.0,496.0,350.0,559.0,349.0,497.0,408.0,559.0,409.0,0,0,0,0,-5.0
1528.0,0.0,0.0,496.0,349.0,559.0,348.0,497.0,408.0,559.0,409.0,0,0,0,0,-5.0
1528.0,0.0,0.0,496.0,349.0,559.0,348.0,497.0,408.0,559.0,409.0,0,0,0,0,-5.0
1528.0,0.0,0.0,496.0,350.0,559.0,350.0,497.0,408.0,559.0,409.0,0,0,0,0,-5.0
1527.0,0.0,0.0,393.0,350.0,456.0,349.0,396.0,408.0,456.0,409.0,0,0,0,0,0.0
1527.0,0.0,0.0,394.0,351.0,456.0,349.0,396.0,408.0,456.0,409.0,0,0,0,0,0.0
1527.0,0.0,0.0,393.0,350.0,456.0,349.0,396.0,408.0,456.0,409.0,0,0,0,0,0.0
1528.0,0.0,0.0,393.0,350.0,456.0,349.0,396.0,408.0,456.0,409.0,0,0,0,0,0.0
1528.0,0.0,0.0,394.0,351.0,456.0,350.0,396.0,408.0,456.0,409.0,0,0,0,0,0.0
1528.0,0.0,0.0,395.0,350.0,456.0,349.0,396.0,408.0,456.0,409.0,0,0,0,0,0.0
1519.0,0.0,0.0,394.0,349.0,456.0,349.0,396.0,408.0,456.0,409.0,0,0,0,0,0.0
1528.0,0.0,0.0,312.0,350.0,376.0,352.0,312.0,410.0,376.0,409.0,0,0,0,0,5.0
1528.0,0.0,0.0,312.0,350.0,375.0,351.0,312.0,410.0,376.0,409.0,0,0,0,0,5.0
1528.0,0.0,0.0,312.0,350.0,375.0,351.0,312.0,409.0,376.0,409.0,0,0,0,0,5.0
1528.0,0.0,0.0,312.0,350.0,375.0,351.0,312.0,409.0,376.0,409.0,0,0,0,0,5.0
1528.0,0.0,0.0,312.0,349.0,375.0,351.0,312.0,410.0,376.0,409.0,0,0,0,0,5.0
1528.0,0.0,0.0,312.0,349.0,375.0,351.0,312.0,411.0,375.0,409.0,0,0,0,0,5.0
1528.0,0.0,0.0,312.0,349.0,375.0,351.0,312.0,410.0,376.0,409.0,0,0,0,0,5.0
1528.0,0.0,0.0,312.0,349.0,375.0,351.0,312.0,410.0,376.0,409.0,0,0,0,0,5.0
1528.0,0.0,0.0,399.0,351.0,461.0,352.0,399.0,410.0,461.0,409.0,0,0,0,0,0.0
1528.0,0.0,0.0,400.0,350.0,463.0,351.0,400.0,409.0,464.0,409.0,0,0,0,0,0.0
1528.0,0.0,0.0,403.0,352.0,464.0,351.0,403.0,408.0,464.0,409.0,0,0,0,0,0.0
1528.0,0.0,0.0,403.0,352.0,464.0,350.0,403.0,408.0,464.0,409.0,0,0,0,0,0.0
1528.0,0.0,0.0,403.0,352.0,464.0,350.0,403.0,408.0,464.0,409.0,0,0,0,0,0.0
1528.0,0.0,0.0,403.0,352.0,464.0,350.0,403.0,408.0,464.0,409.0,0,0,0,0,0.0
1528.0,0.0,0.0,403.0,352.0,464.0,351.0,403.0,408.0,464.0,409.0,0,0,0,0,0.0
1528.0,0.0,0.0,489.0,351.0,551.0,348.0,491.0,408.0,551.0,409.0,0,0,0,0,-5.0
1528.0,0.0,0.0,489.0,351.0,552.0,348.0,491.0,408.0,551.0,409.0,0,0,0,0,-5.0
1528.0,0.0,0.0,489.0,351.0,552.0,348.0,491.0,408.0,551.0,409.0,0,0,0,0,-5.0
1527.0,0.0,0.0,496.0,348.0,559.0,349.0,496.0,408.0,559.0,409.0,0,0,0,0,-5.0
1527.0,0.0,0.0,496.0,349.0,559.0,350.0,496.0,408.0,559.0,409.0,0,0,0,0,-5.0
1527.0,0.0,0.0,496.0,350.0,559.0,350.0,496.0,408.0,559.0,409.0,0,0,0,0,-5.0
1519.0,0.0,0.0,496.0,348.0,559.0,349.0,496.0,408.0,559.0,408.0,0,0,0,0,-5.0
1528.0,0.0,0.0,496.0,348.0,559.0,349.0,496.0,408.0,559.0,408.0,0,0,0,0,-5.0
1519.0,0.0,0.0,394.0,351.0,456.0,349.0,396.0,408.0,456.0,409.0,0,0,0,0,0.0
1528.0,0.0,0.0,397.0,351.0,456.0,350.0,396.0,408.0,456.0,409.0,0,0,0,0,0.0
1528.0,0.0,0.0,399.0,350.0,456.0,350.0,397.0,408.0,457.0,409.0,0,0,0,0,0.0
1527.0,0.0,0.0,398.0,349.0,456.0,349.0,397.0,408.0,457.0,409.0,0,0,0,0,0.0
1528.0,0.0,0.0,398.0,350.0,456.0,350.0,398.0,408.0,457.0,409.0,0,0,0,0,0.0
1528.0,0.0,0.0,398.0,350.0,456.0,350.0,398.0,408.0,457.0,409.0,0,0,0,0,0.0
1528.0,0.0,0.0,399.0,350.0,457.0,350.0,399.0,409.0,457.0,409.0,0,0,0,0,0.0
1519.0,0.0,0.0,312.0,348.0,375.0,351.0,312.0,410.0,375.0,409.0,0,0,0,0,5.0
1519.0,0.0,0.0,312.0,349.0,375.0,351.0,312.0,410.0,375.0,409.0,0,0,0,0,5.0
1528.0,0.0,0.0,312.0,349.0,375.0,351.0,312.0,410.0,376.0,409.0,0,0,0,0,5.0
1528.0,0.0,0.0,312.0,349.0,375.0,351.0,312.0,410.0,376.0,409.0,0,0,0,0,5.0
1528.0,0.0,0.0,312.0,349.0,375.0,351.0,312.0,410.0,376.0,409.0,0,0,0,0,5.0
1528.0,0.0,0.0,312.0,348.0,375.0,351.0,312.0,410.0,376.0,409.0,0,0,0,0,5.0
1528.0,0.0,0.0,312.0,349.0,375.0,351.0,312.0,410.0,375.0,409.0,0,0,0,0,5.0
1528.0,0.0,0.0,396.0,352.0,457.0,351.0,397.0,408.0,456.0,409.0,0,0,0,0,0.0
1528.0,0.0,0.0,396.0,352.0,457.0,351.0,397.0,408.0,456.0,409.0,0,0,0,0,0.0
1527.0,0.0,0.0,399.0,349.0,459.0,352.0,399.0,409.0,459.0,409.0,0,0,0,0,0.0
1528.0,0.0,0.0,399.0,350.0,459.0,352.0,399.0,409.0,458.0,409.0,0,0,0,0,0.0
1527.0,0.0,0.0,399.0,350.0,458.0,352.0,399.0,409.0,459.0,409.0,0,0,0,0,0.0
1528.0,0.0,0.0,399.0,350.0,459.0,352.0,399.0,409.0,459.0,409.0,0,0,0,0,0.0
1528.0,0.0,0.0,399.0,350.0,459.0,352.0,399.0,409.0,459.0,409.0,0,0,0,0,0.0
1527.0,0.0,0.0,400.0,350.0,462.0,351.0,400.0,410.0,463.0,409.0,0,0,0,0,0.0
1527.0,0.0,0.0,489.0,351.0,551.0,348.0,491.0,408.0,551.0,409.0,0,0,0,0,-5.0
1528.0,0.0,0.0,489.0,351.0,551.0,349.0,491.0,408.0,551.0,409.0,0,0,0,0,-5.0
1528.0,0.0,0.0,489.0,351.0,552.0,348.0,491.0,408.0,551.0,409.0,0,0,0,0,-5.0
1528.0,0.0,0.0,489.0,351.0,552.0,348.0,491.0,408.0,551.0,409.0,0,0,0,0,-5.0
1528.0,0.0,0.0,489.0,351.0,551.0,348.0,491.0,408.0,551.0,409.0,0,0,0,0,-5.0
1528.0,0.0,0.0,489.0,351.0,552.0,348.0,491.0,408.0,551.0,409.0,0,0,0,0,-5.0
1528.0,0.0,0.0,489.0,351.0,551.0,349.0,491.0,408.0,551.0,409.0,0,0,0,0,-5.0
1528.0,0.0,0.0,392.0,349.0,456.0,349.0,395.0,408.0,456.0,409.0,0,0,0,0,0.0
1528.0,0.0,0.0,392.0,348.0,455.0,350.0,392.0,408.0,454.0,408.0,0,0,0,0,0.0
1528.0,0.0,0.0,392.0,348.0,455.0,350.0,392.0,408.0,454.0,408.0,0,0,0,0,0.0
1528.0,0.0,0.0,392.0,348.0,455.0,350.0,392.0,408.0,454.0,409.0,0,0,0,0,0.0
1528.0,0.0,0.0,392.0,348.0,455.0,349.0,392.0,408.0,454.0,408.0,0,0,0,0,0.0
1528.0,0.0,0.0,392.0,348.0,455.0,349.0,392.0,408.0,454.0,408.0,0,0,0,0,0.0
1528.0,0.0,0.0,392.0,348.0,455.0,350.0,392.0,408.0,454.0,408.0,0,0,0,0,0.0
1528.0,0.0,0.0,392.0,348.0,455.0,350.0,392.0,408.0,454.0,408.0,0,0,0,0,0.0
1528.0,0.0,0.0,312.0,349.0,375.0,351.0,312.0,410.0,376.0,409.0,0,0,0,0,5.0
1528.0,0.0,0.0,312.0,348.0,375.0,351.0,312.0,410.0,376.0,409.0,0,0,0,0,5.0
1528.0,0.0,0.0,312.0,349.0,375.0,351.0,312.0,410.0,376.0,409.0,0,0,0,0,5.0
1528.0,0.0,0.0,312.0,349.0,375.0,351.0,312.0,410.0,376.0,409.0,0,0,0,0,5.0
1528.0,0.0,0.0,312.0,349.0,375.0,351.0,312.0,410.0,376.0,409.0,0,0,0,0,5.0
1528.0,0.0,0.0,312.0,348.0,375.0,351.0,312.0,410.0,376.0,409.0,0,0,0,0,5.0
1528.0,0.0,0.0,312.0,348.0,376.0,349.0,315.0,408.0,376.0,409.0,0,0,0,0,5.0
1528.0,0.0,0.0,399.0,349.0,459.0,352.0,399.0,409.0,459.0,409.0,0,0,0,0,0.0
1528.0,0.0,0.0,399.0,350.0,459.0,352.0,399.0,410.0,459.0,409.0,0,0,0,0,0.0
1528.0,0.0,0.0,399.0,350.0,459.0,352.0,399.0,410.0,459.0,409.0,0,0,0,0,0.0
1527.0,0.0,0.0,399.0,349.0,459.0,352.0,399.0,409.0,459.0,409.0,0,0,0,0,0.0
1528.0,0.0,0.0,399.0,349.0,459.0,352.0,399.0,409.0,458.0,409.0,0,0,0,0,0.0
1528.0,0.0,0.0,399.0,350.0,459.0,352.0,399.0,409.0,459.0,409.0,0,0,0,0,0.0
1528.0,0.0,0.0,399.0,350.0,459.0,352.0,399.0,409.0,459.0,409.0,0,0,0,0,0.0
1520.0,0.0,0.0,491.0,352.0,552.0,348.0,492.0,408.0,552.0,409.0,0,0,0,0,-5.0
1529.0,0.0,0.0,491.0,352.0,552.0,348.0,492.0,408.0,552.0,409.0,0,0,0,0,-5.0
1529.0,0.0,0.0,490.0,351.0,552.0,348.0,492.0,408.0,552.0,409.0,0,0,0,0,-5.0
1529.0,0.0,0.0,491.0,352.0,552.0,348.0,492.0,408.0,552.0,409.0,0,0,0,0,-5.0
1528.0,0.0,0.0,491.0,351.0,552.0,348.0,492.0,408.0,552.0,409.0,0,0,0,0,-5.0
1528.0,0.0,0.0,490.0,351.0,552.0,348.0,492.0,408.0,552.0,409.0,0,0,0,0,-5.0
1529.0,0.0,0.0,490.0,351.0,552.0,348.0,492.0,408.0,552.0,409.0,0,0,0,0,-5.0
1529.0,0.0,0.0,490.0,351.0,552.0,348.0,492.0,408.0,552.0,409.0,0,0,0,0,-5.0
1528.0,0.0,0.0,398.0,350.0,456.0,350.0,398.0,408.0,457.0,409.0,0,0,0,0,0.0
1528.0,0.0,0.0,399.0,349.0,456.0,350.0,399.0,409.0,457.0,408.0,0,0,0,0,0.0
1527.0,0.0,0.0,399.0,349.0,456.0,350.0,398.0,408.0,457.0,409.0,0,0,0,0,0.0
1527.0,0.0,0.0,399.0,349.0,456.0,350.0,398.0,408.0,457.0,409.0,0,0,0,0,0.0
1520.0,0.0,0.0,399.0,350.0,457.0,351.0,399.0,409.0,457.0,409.0,0,0,0,0,0.0
1520.0,0.0,0.0,399.0,348.0,457.0,350.0,399.0,408.0,457.0,408.0,0,0,0,0,0.0
1529.0,0.0,0.0,399.0,349.0,456.0,350.0,398.0,408.0,457.0,409.0,0,0,0,0,0.0
1529.0,0.0,0.0,312.0,348.0,375.0,351.0,312.0,410.0,375.0,409.0,0,0,0,0,5.0
1528.0,0.0,0.0,312.0,348.0,375.0,351.0,312.0,410.0,375.0,409.0,0,0,0,0,5.0
1528.0,0.0,0.0,314.0,351.0,376.0,351.0,315.0,408.0,376.0,409.0,0,0,0,0,5.0
1529.0,0.0,0.0,312.0,349.0,375.0,351.0,312.0,410.0,376.0,409.0,0,0,0,0,5.0
1529.0,0.0,0.0,312.0,348.0,375.0,351.0,312.0,410.0,376.0,409.0,0,0,0,0,5.0
1529.0,0.0,0.0,312.0,349.0,375.0,351.0,312.0,410.0,375.0,409.0,0,0,0,0,5.0
1529.0,0.0,0.0,312.0,349.0,375.0,351.0,312.0,410.0,375.0,409.0,0,0,0,0,5.0
1528.0,0.0,0.0,312.0,349.0,375.0,351.0,312.0,410.0,376.0,409.0,0,0,0,0,5.0
1528.0,0.0,0.0,398.0,350.0,457.0,351.0,399.0,409.0,457.0,409.0,0,0,0,0,0.0
1520.0,0.0,0.0,398.0,350.0,457.0,351.0,399.0,409.0,457.0,409.0,0,0,0,0,0.0
1528.0,0.0,0.0,398.0,351.0,457.0,351.0,399.0,409.0,457.0,409.0,0,0,0,0,0.0
1528.0,0.0,0.0,398.0,350.0,457.0,351.0,399.0,409.0,457.0,409.0,0,0,0,0,0.0
1529.0,0.0,0.0,398.0,350.0,457.0,351.0,399.0,409.0,457.0,409.0,0,0,0,0,0.0
1529.0,0.0,0.0,398.0,350.0,457.0,350.0,398.0,408.0,457.0,409.0,0,0,0,0,0.0
1529.0,0.0,0.0,400.0,351.0,461.0,351.0,400.0,411.0,461.0,410.0,0,0,0,0,0.0
1520.0,0.0,0.0,496.0,349.0,559.0,350.0,496.0,408.0,559.0,408.0,0,0,0,0,-5.0
1528.0,0.0,0.0,496.0,349.0,559.0,350.0,496.0,408.0,559.0,408.0,0,0,0,0,-5.0
1529.0,0.0,0.0,496.0,349.0,559.0,350.0,496.0,408.0,559.0,408.0,0,0,0,0,-5.0
1528.0,0.0,0.0,496.0,348.0,559.0,349.0,496.0,408.0,559.0,408.0,0,0,0,0,-5.0
1529.0,0.0,0.0,496.0,349.0,559.0,350.0,496.0,408.0,559.0,409.0,0,0,0,0,-5.0
1529.0,0.0,0.0,496.0,349.0,559.0,350.0,496.0,408.0,559.0,409.0,0,0,0,0,-5.0
1528.0,0.0,0.0,496.0,348.0,559.0,349.0,496.0,408.0,559.0,408.0,0,0,0,0,-5.0
1520.0,0.0,0.0,496.0,348.0,559.0,349.0,496.0,408.0,559.0,408.0,0,0,0,0,-5.0
1529.0,0.0,0.0,397.0,351.0,456.0,350.0,396.0,408.0,456.0,409.0,0,0,0,0,0.0
1520.0,0.0,0.0,398.0,351.0,456.0,350.0,397.0,408.0,457.0,409.0,0,0,0,0,0.0
1520.0,0.0,0.0,398.0,350.0,456.0,350.0,398.0,408.0,457.0,409.0,0,0,0,0,0.0
1520.0,0.0,0.0,399.0,349.0,456.0,350.0,398.0,408.0,457.0,408.0,0,0,0,0,0.0
1528.0,0.0,0.0,399.0,349.0,456.0,350.0,398.0,408.0,457.0,408.0,0,0,0,0,0.0
1528.0,0.0,0.0,399.0,350.0,457.0,350.0,399.0,409.0,457.0,409.0,0,0,0,0,0.0
1528.0,0.0,0.0,399.0,349.0,457.0,351.0,399.0,409.0,457.0,409.0,0,0,0,0,0.0
1529.0,0.0,0.0,312.0,348.0,375.0,351.0,312.0,410.0,375.0,409.0,0,0,0,0,5.0
1529.0,0.0,0.0,312.0,349.0,375.0,351.0,312.0,410.0,375.0,409.0,0,0,0,0,5.0
1529.0,0.0,0.0,312.0,349.0,375.0,351.0,312.0,410.0,375.0,409.0,0,0,0,0,5.0
1520.0,0.0,0.0,312.0,349.0,375.0,351.0,312.0,410.0,376.0,409.0,0,0,0,0,5.0
1529.0,0.0,0.0,312.0,349.0,375.0,351.0,312.0,410.0,376.0,409.0,0,0,0,0,5.0
1529.0,0.0,0.0,312.0,348.0,375.0,351.0,312.0,410.0,376.0,409.0,0,0,0,0,5.0
1529.0,0.0,0.0,312.0,349.0,375.0,351.0,312.0,410.0,375.0,409.0,0,0,0,0,5.0
1529.0,0.0,0.0,399.0,349.0,460.0,352.0,399.0,409.0,460.0,409.0,0,0,0,0,0.0
1529.0,0.0,0.0,399.0,349.0,460.0,352.0,399.0,409.0,460.0,409.0,0,0,0,0,0.0
1528.0,0.0,0.0,399.0,349.0,459.0,352.0,399.0,409.0,458.0,409.0,0,0,0,0,0.0
1529.0,0.0,0.0,399.0,348.0,459.0,352.0,399.0,409.0,458.0,409.0,0,0,0,0,0.0
2460.0,0.0,0.0,544.0,368.0,505.0,367.0,507.0,403.0,543.0,402.0,0,0,0,0,-5.0
2460.0,0.0,0.0,544.0,368.0,505.0,367.0,507.0,403.0,543.0,402.0,0,0,0,0,-5.0
2460.0,0.0,0.0,544.0,368.0,505.0,367.0,507.0,403.0,543.0,402.0,0,0,0,0,-5.0
2460.0,0.0,0.0,544.0,367.0,506.0,366.0,507.0,403.0,543.0,402.0,0,0,0,0,-5.0
2451.0,0.0,0.0,543.0,367.0,505.0,366.0,507.0,403.0,543.0,402.0,0,0,0,0,-5.0
2451.0,0.0,0.0,546.0,366.0,510.0,367.0,508.0,404.0,548.0,404.0,0,0,0,0,-5.0
2452.0,0.0,0.0,546.0,366.0,510.0,367.0,508.0,404.0,548.0,404.0,0,0,0,0,-5.0
2451.0,0.0,0.0,545.0,367.0,509.0,365.0,508.0,404.0,545.0,401.0,0,0,0,0,-5.0
2451.0,0.0,0.0,403.0,364.0,440.0,367.0,441.0,401.0,404.0,404.0,0,0,0,0,0.0
2451.0,0.0,0.0,403.0,364.0,440.0,367.0,440.0,401.0,404.0,404.0,0,0,0,0,0.0
2460.0,0.0,0.0,403.0,364.0,440.0,368.0,441.0,401.0,404.0,404.0,0,0,0,0,0.0
2460.0,0.0,0.0,403.0,364.0,440.0,368.0,441.0,401.0,404.0,404.0,0,0,0,0,0.0
2460.0,0.0,0.0,403.0,364.0,441.0,367.0,441.0,401.0,404.0,404.0,0,0,0,0,0.0
2460.0,0.0,0.0,403.0,364.0,440.0,367.0,441.0,401.0,404.0,404.0,0,0,0,0,0.0
2452.0,0.0,0.0,403.0,364.0,440.0,367.0,443.0,403.0,404.0,403.0,0,0,0,0,0.0
2452.0,0.0,0.0,322.0,366.0,360.0,368.0,361.0,406.0,323.0,404.0,0,0,0,0,5.0
2460.0,0.0,0.0,322.0,366.0,360.0,368.0,361.0,406.0,323.0,404.0,0,0,0,0,5.0
2451.0,0.0,0.0,323.0,364.0,360.0,368.0,362.0,404.0,324.0,404.0,0,0,0,0,5.0
2460.0,0.0,0.0,322.0,365.0,360.0,368.0,361.0,405.0,324.0,404.0,0,0,0,0,5.0
2451.0,0.0,0.0,322.0,366.0,360.0,368.0,361.0,406.0,323.0,404.0,0,0,0,0,5.0
2451.0,0.0,0.0,323.0,364.0,360.0,368.0,362.0,404.0,324.0,404.0,0,0,0,0,5.0
2451.0,0.0,0.0,323.0,364.0,360.0,368.0,362.0,404.0,324.0,404.0,0,0,0,0,5.0
2460.0,0.0,0.0,323.0,366.0,360.0,368.0,361.0,405.0,324.0,404.0,0,0,0,0,5.0
2460.0,0.0,0.0,407.0,367.0,444.0,365.0,444.0,404.0,404.0,404.0,0,0,0,0,0.0
2460.0,0.0,0.0,408.0,367.0,448.0,368.0,447.0,405.0,411.0,404.0,0,0,0,0,0.0
2451.0,0.0,0.0,408.0,367.0,448.0,368.0,447.0,403.0,412.0,404.0,0,0,0,0,0.0
2452.0,0.0,0.0,408.0,367.0,448.0,368.0,447.0,403.0,412.0,404.0,0,0,0,0,0.0
2452.0,0.0,0.0,408.0,368.0,448.0,368.0,446.0,403.0,411.0,404.0,0,0,0,0,0.0
2460.0,0.0,0.0,414.0,367.0,450.0,366.0,452.0,404.0,412.0,404.0,0,0,0,0,0.0
2460.0,0.0,0.0,414.0,367.0,450.0,365.0,452.0,404.0,412.0,404.0,0,0,0,0,0.0
2460.0,0.0,0.0,501.0,365.0,538.0,366.0,537.0,401.0,500.0,403.0,0,0,0,0,-5.0
2451.0,0.0,0.0,501.0,365.0,538.0,366.0,537.0,401.0,500.0,403.0,0,0,0,0,-5.0
2451.0,0.0,0.0,501.0,365.0,538.0,366.0,537.0,401.0,500.0,403.0,0,0,0,0,-5.0
2451.0,0.0,0.0,504.0,367.0,542.0,367.0,542.0,401.0,507.0,403.0,0,0,0,0,-5.0
2451.0,0.0,0.0,504.0,367.0,541.0,366.0,542.0,401.0,505.0,402.0,0,0,0,0,-5.0
2460.0,0.0,0.0,504.0,367.0,541.0,365.0,542.0,401.0,504.0,401.0,0,0,0,0,-5.0
2451.0,0.0,0.0,504.0,367.0,541.0,366.0,542.0,401.0,505.0,402.0,0,0,0,0,-5.0
2460.0,0.0,0.0,504.0,367.0,541.0,366.0,542.0,401.0,505.0,402.0,0,0,0,0,-5.0
2460.0,0.0,0.0,407.0,367.0,445.0,365.0,444.0,404.0,406.0,401.0,0,0,0,0,0.0
2460.0,0.0,0.0,408.0,367.0,445.0,365.0,444.0,404.0,406.0,401.0,0,0,0,0,0.0
2460.0,0.0,0.0,407.0,367.0,445.0,365.0,444.0,404.0,406.0,401.0,0,0,0,0,0.0
2460.0,0.0,0.0,408.0,368.0,445.0,365.0,444.0,404.0,405.0,402.0,0,0,0,0,0.0
2452.0,0.0,0.0,408.0,368.0,445.0,365.0,444.0,404.0,405.0,402.0,0,0,0,0,0.0
2461.0,0.0,0.0,408.0,367.0,445.0,365.0,444.0,404.0,407.0,401.0,0,0,0,0,0.0
2461.0,0.0,0.0,407.0,367.0,445.0,365.0,444.0,404.0,406.0,401.0,0,0,0,0,0.0
2461.0,0.0,0.0,323.0,364.0,360.0,368.0,362.0,406.0,324.0,404.0,0,0,0,0,5.0
2461.0,0.0,0.0,322.0,365.0,360.0,368.0,363.0,405.0,324.0,404.0,0,0,0,0,5.0
2460.0,0.0,0.0,322.0,365.0,360.0,368.0,363.0,405.0,324.0,404.0,0,0,0,0,5.0
2461.0,0.0,0.0,323.0,364.0,361.0,368.0,363.0,405.0,324.0,404.0,0,0,0,0,5.0
2461.0,0.0,0.0,323.0,364.0,360.0,368.0,362.0,404.0,324.0,404.0,0,0,0,0,5.0
2452.0,0.0,0.0,323.0,365.0,360.0,368.0,362.0,406.0,324.0,404.0,0,0,0,0,5.0
2452.0,0.0,0.0,323.0,364.0,361.0,368.0,363.0,405.0,324.0,404.0,0,0,0,0,5.0
2452.0,0.0,0.0,407.0,367.0,445.0,365.0,444.0,404.0,404.0,403.0,0,0,0,0,0.0
2452.0,0.0,0.0,407.0,367.0,445.0,365.0,444.0,404.0,404.0,403.0,0,0,0,0,0.0
2461.0,0.0,0.0,408.0,368.0,446.0,367.0,444.0,404.0,406.0,404.0,0,0,0,0,0.0
2461.0,0.0,0.0,408.0,368.0,445.0,367.0,444.0,404.0,406.0,403.0,0,0,0,0,0.0
2452.0,0.0,0.0,408.0,368.0,446.0,367.0,444.0,404.0,406.0,403.0,0,0,0,0,0.0
2452.0,0.0,0.0,409.0,367.0,448.0,368.0,448.0,403.0,411.0,404.0,0,0,0,0,0.0
2452.0,0.0,0.0,409.0,367.0,448.0,368.0,448.0,403.0,411.0,404.0,0,0,0,0,0.0
2461.0,0.0,0.0,408.0,367.0,448.0,368.0,448.0,405.0,411.0,404.0,0,0,0,0,0.0
2452.0,0.0,0.0,504.0,367.0,544.0,367.0,543.0,401.0,507.0,403.0,0,0,0,0,-5.0
2452.0,0.0,0.0,505.0,366.0,543.0,367.0,543.0,401.0,507.0,403.0,0,0,0,0,-5.0
2461.0,0.0,0.0,505.0,366.0,543.0,367.0,543.0,401.0,507.0,403.0,0,0,0,0,-5.0
2461.0,0.0,0.0,505.0,366.0,543.0,367.0,543.0,401.0,507.0,403.0,0,0,0,0,-5.0
2461.0,0.0,0.0,504.0,367.0,543.0,367.0,543.0,401.0,507.0,403.0,0,0,0,0,-5.0
2461.0,0.0,0.0,505.0,367.0,543.0,367.0,543.0,401.0,507.0,403.0,0,0,0,0,-5.0
2461.0,0.0,0.0,505.0,366.0,543.0,367.0,543.0,401.0,507.0,403.0,0,0,0,0,-5.0
2461.0,0.0,0.0,443.0,364.0,406.0,366.0,444.0,404.0,404.0,403.0,0,0,0,0,0.0
2461.0,0.0,0.0,443.0,364.0,406.0,366.0,444.0,404.0,404.0,403.0,0,0,0,0,0.0
2461.0,0.0,0.0,445.0,365.0,408.0,368.0,444.0,404.0,405.0,403.0,0,0,0,0,0.0
2452.0,0.0,0.0,445.0,365.0,406.0,366.0,444.0,404.0,406.0,402.0,0,0,0,0,0.0
2461.0,0.0,0.0,444.0,364.0,406.0,366.0,444.0,404.0,406.0,403.0,0,0,0,0,0.0
2461.0,0.0,0.0,444.0,364.0,407.0,367.0,444.0,404.0,404.0,403.0,0,0,0,0,0.0
2461.0,0.0,0.0,444.0,364.0,407.0,367.0,444.0,404.0,404.0,403.0,0,0,0,0,0.0
2461.0,0.0,0.0,445.0,365.0,408.0,368.0,444.0,404.0,405.0,402.0,0,0,0,0,0.0
2461.0,0.0,0.0,361.0,367.0,323.0,364.0,363.0,403.0,324.0,404.0,0,0,0,0,5.0
2452.0,0.0,0.0,360.0,368.0,323.0,365.0,362.0,406.0,324.0,404.0,0,0,0,0,5.0
2452.0,0.0,0.0,360.0,368.0,323.0,364.0,362.0,405.0,324.0,404.0,0,0,0,0,5.0
2460.0,0.0,0.0,360.0,368.0,323.0,364.0,362.0,403.0,324.0,404.0,0,0,0,0,5.0
2461.0,0.0,0.0,360.0,368.0,323.0,364.0,362.0,403.0,324.0,404.0,0,0,0,0,5.0
2452.0,0.0,0.0,360.0,368.0,323.0,364.0,362.0,403.0,324.0,404.0,0,0,0,0,5.0
2452.0,0.0,0.0,360.0,368.0,322.0,365.0,362.0,406.0,323.0,404.0,0,0,0,0,5.0
2452.0,0.0,0.0,448.0,368.0,408.0,368.0,444.0,404.0,411.0,404.0,0,0,0,0,0.0
2452.0,0.0,0.0,447.0,368.0,408.0,368.0,446.0,402.0,411.0,403.0,0,0,0,0,0.0
2452.0,0.0,0.0,447.0,368.0,408.0,368.0,446.0,402.0,411.0,403.0,0,0,0,0,0.0
2461.0,0.0,0.0,447.0,368.0,408.0,368.0,444.0,403.0,410.0,404.0,0,0,0,0,0.0
2452.0,0.0,0.0,447.0,368.0,408.0,368.0,444.0,403.0,411.0,404.0,0,0,0,0,0.0
2452.0,0.0,0.0,448.0,368.0,408.0,368.0,444.0,403.0,411.0,404.0,0,0,0,0,0.0
2461.0,0.0,0.0,447.0,368.0,408.0,368.0,445.0,402.0,410.0,403.0,0,0,0,0,0.0
2461.0,0.0,0.0,447.0,368.0,408.0,368.0,445.0,402.0,410.0,403.0,0,0,0,0,0.0
2461.0,0.0,0.0,543.0,367.0,504.0,367.0,543.0,401.0,507.0,403.0,0,0,0,0,-5.0
2452.0,0.0,0.0,543.0,367.0,504.0,367.0,543.0,401.0,507.0,403.0,0,0,0,0,-5.0
2461.0,0.0,0.0,543.0,367.0,505.0,366.0,543.0,401.0,507.0,403.0,0,0,0,0,-5.0
2461.0,0.0,0.0,543.0,367.0,504.0,367.0,543.0,401.0,507.0,403.0,0,0,0,0,-5.0
2452.0,0.0,0.0,543.0,367.0,504.0,367.0,543.0,401.0,507.0,403.0,0,0,0,0,-5.0
2452.0,0.0,0.0,543.0,367.0,504.0,367.0,543.0,401.0,507.0,403.0,0,0,0,0,-5.0
2452.0,0.0,0.0,543.0,367.0,504.0,367.0,543.0,401.0,507.0,403.0,0,0,0,0,-5.0
2461.0,0.0,0.0,407.0,367.0,445.0,365.0,406.0,401.0,444.0,404.0,0,0,0,0,0.0
2452.0,0.0,0.0,407.0,367.0,445.0,365.0,405.0,403.0,444.0,404.0,0,0,0,0,0.0
2452.0,0.0,0.0,407.0,367.0,445.0,365.0,405.0,403.0,444.0,404.0,0,0,0,0,0.0
2452.0,0.0,0.0,408.0,368.0,445.0,365.0,405.0,402.0,444.0,404.0,0,0,0,0,0.0
2452.0,0.0,0.0,407.0,367.0,445.0,365.0,407.0,400.0,444.0,404.0,0,0,0,0,0.0
2461.0,0.0,0.0,407.0,367.0,445.0,365.0,406.0,402.0,444.0,404.0,0,0,0,0,0.0
2461.0,0.0,0.0,407.0,367.0,445.0,365.0,406.0,402.0,444.0,404.0,0,0,0,0,0.0
2452.0,0.0,0.0,325.0,365.0,362.0,366.0,324.0,404.0,364.0,404.0,0,0,0,0,5.0
2452.0,0.0,0.0,325.0,365.0,362.0,366.0,324.0,404.0,364.0,404.0,0,0,0,0,5.0
2452.0,0.0,0.0,323.0,364.0,360.0,368.0,324.0,404.0,362.0,403.0,0,0,0,0,5.0
2452.0,0.0,0.0,322.0,365.0,360.0,368.0,324.0,404.0,361.0,405.0,0,0,0,0,5.0
2452.0,0.0,0.0,323.0,365.0,360.0,368.0,324.0,404.0,362.0,406.0,0,0,0,0,5.0
2461.0,0.0,0.0,322.0,364.0,360.0,368.0,324.0,404.0,362.0,403.0,0,0,0,0,5.0
2452.0,0.0,0.0,322.0,364.0,360.0,368.0,324.0,404.0,362.0,403.0,0,0,0,0,5.0
2452.0,0.0,0.0,323.0,364.0,360.0,368.0,324.0,404.0,361.0,405.0,0,0,0,0,5.0
2452.0,0.0,0.0,448.0,368.0,408.0,368.0,445.0,403.0,411.0,404.0,0,0,0,0,0.0
2452.0,0.0,0.0,448.0,368.0,408.0,368.0,445.0,404.0,411.0,404.0,0,0,0,0,0.0
2461.0,0.0,0.0,448.0,368.0,408.0,368.0,446.0,402.0,411.0,403.0,0,0,0,0,0.0
2452.0,0.0,0.0,448.0,368.0,408.0,368.0,446.0,402.0,411.0,403.0,0,0,0,0,0.0
2452.0,0.0,0.0,447.0,368.0,408.0,368.0,445.0,403.0,411.0,403.0,0,0,0,0,0.0
2452.0,0.0,0.0,448.0,368.0,408.0,368.0,444.0,403.0,411.0,404.0,0,0,0,0,0.0
2461.0,0.0,0.0,448.0,368.0,408.0,368.0,446.0,402.0,411.0,403.0,0,0,0,0,0.0
2452.0,0.0,0.0,539.0,364.0,501.0,365.0,539.0,403.0,500.0,403.0,0,0,0,0,-5.0
2452.0,0.0,0.0,539.0,364.0,501.0,365.0,539.0,403.0,500.0,403.0,0,0,0,0,-5.0
2452.0,0.0,0.0,540.0,364.0,503.0,366.0,541.0,402.0,503.0,401.0,0,0,0,0,-5.0
2452.0,0.0,0.0,539.0,364.0,502.0,366.0,540.0,404.0,500.0,403.0,0,0,0,0,-5.0
2452.0,0.0,0.0,539.0,364.0,501.0,365.0,539.0,403.0,500.0,403.0,0,0,0,0,-5.0
2461.0,0.0,0.0,538.0,365.0,501.0,365.0,538.0,402.0,500.0,403.0,0,0,0,0,-5.0
2452.0,0.0,0.0,538.0,365.0,501.0,365.0,538.0,402.0,500.0,403.0,0,0,0,0,-5.0
2461.0,0.0,0.0,538.0,365.0,502.0,366.0,540.0,404.0,500.0,403.0,0,0,0,0,-5.0
2461.0,0.0,0.0,403.0,365.0,440.0,368.0,404.0,404.0,440.0,401.0,0,0,0,0,0.0
2452.0,0.0,0.0,403.0,364.0,440.0,367.0,404.0,404.0,440.0,401.0,0,0,0,0,0.0
2452.0,0.0,0.0,403.0,364.0,440.0,367.0,404.0,404.0,440.0,401.0,0,0,0,0,0.0
2452.0,0.0,0.0,403.0,364.0,440.0,368.0,404.0,404.0,440.0,401.0,0,0,0,0,0.0
0.0,0,0,320.0,160.0,321.0,360.0,0,0,520.0,360.0,0,0,0,0,0.0
0.0,0.0,0.0,320.0,160.0,321.0,360.0,518.0,165.0,520.0,360.0,0,0,0,0,0.0
461.0,0.0,0.0,320.0,160.0,321.0,360.0,519.0,166.0,520.0,360.0,0,0,0,0,0.0
462.0,0.0,0.0,321.0,160.0,321.0,360.0,519.0,165.0,520.0,360.0,0,0,0,0,0.0
462.0,0.0,0.0,321.0,160.0,321.0,360.0,519.0,165.0,520.0,360.0,0,0,0,0,0.0
470.0,0.0,0.0,321.0,160.0,321.0,360.0,519.0,165.0,520.0,360.0,0,0,0,0,0.0
470.0,0.0,0.0,320.0,160.0,321.0,360.0,519.0,165.0,520.0,360.0,0,0,0,0,0.0
470.0,0.0,0.0,321.0,160.0,321.0,360.0,519.0,166.0,520.0,360.0,0,0,0,0,0.0
461.0,0.0,0.0,234.0,159.0,236.0,361.0,436.0,166.0,437.0,361.0,0,0,0,0,5.0
461.0,0.0,0.0,234.0,159.0,236.0,361.0,436.0,166.0,437.0,361.0,0,0,0,0,5.0
461.0,0.0,0.0,234.0,159.0,235.0,362.0,436.0,167.0,437.0,362.0,0,0,0,0,5.0
460.0,0.0,0.0,233.0,159.0,235.0,362.0,436.0,167.0,437.0,362.0,0,0,0,0,5.0
462.0,0.0,0.0,233.0,159.0,235.0,362.0,436.0,167.0,437.0,362.0,0,0,0,0,5.0
462.0,0.0,0.0,234.0,159.0,235.0,361.0,436.0,167.0,437.0,362.0,0,0,0,0,5.0
461.0,0.0,0.0,234.0,159.0,235.0,361.0,436.0,167.0,437.0,362.0,0,0,0,0,5.0
461.0,0.0,0.0,234.0,159.0,235.0,362.0,436.0,167.0,437.0,362.0,0,0,0,0,5.0
461.0,0.0,0.0,323.0,163.0,323.0,362.0,520.0,167.0,522.0,362.0,0,0,0,0,0.0
460.0,0.0,0.0,322.0,161.0,322.0,361.0,520.0,166.0,521.0,361.0,0,0,0,0,0.0
461.0,0.0,0.0,322.0,161.0,322.0,361.0,520.0,166.0,521.0,360.0,0,0,0,0,0.0
461.0,0.0,0.0,322.0,161.0,322.0,361.0,520.0,166.0,521.0,360.0,0,0,0,0,0.0
460.0,0.0,0.0,322.0,161.0,322.0,361.0,520.0,167.0,521.0,361.0,0,0,0,0,0.0
461.0,0.0,0.0,322.0,161.0,322.0,361.0,520.0,167.0,521.0,360.0,0,0,0,0,0.0
461.0,0.0,0.0,324.0,162.0,324.0,362.0,523.0,168.0,524.0,361.0,0,0,0,0,0.0
460.0,0.0,0.0,417.0,163.0,417.0,361.0,612.0,163.0,615.0,360.0,0,0,0,0,-5.0
461.0,0.0,0.0,417.0,163.0,417.0,361.0,612.0,163.0,615.0,360.0,0,0,0,0,-5.0
461.0,0.0,0.0,422.0,164.0,423.0,362.0,619.0,163.0,622.0,360.0,0,0,0,0,-5.0
459.0,0.0,0.0,423.0,164.0,424.0,362.0,620.0,163.0,623.0,360.0,0,0,0,0,-5.0
462.0,0.0,0.0,423.0,164.0,423.0,362.0,620.0,163.0,622.0,360.0,0,0,0,0,-5.0
461.0,0.0,0.0,423.0,164.0,423.0,361.0,619.0,163.0,622.0,360.0,0,0,0,0,-5.0
461.0,0.0,0.0,422.0,164.0,423.0,362.0,619.0,163.0,622.0,360.0,0,0,0,0,-5.0
461.0,0.0,0.0,422.0,164.0,423.0,362.0,619.0,163.0,622.0,360.0,0,0,0,0,-5.0
461.0,0.0,0.0,320.0,160.0,320.0,360.0,518.0,166.0,519.0,360.0,0,0,0,0,0.0
462.0,0.0,0.0,316.0,160.0,316.0,360.0,515.0,165.0,516.0,361.0,0,0,0,0,0.0
460.0,0.0,0.0,316.0,160.0,316.0,361.0,515.0,166.0,516.0,361.0,0,0,0,0,0.0
462.0,0.0,0.0,317.0,160.0,316.0,360.0,515.0,166.0,517.0,361.0,0,0,0,0,0.0
460.0,0.0,0.0,317.0,160.0,316.0,360.0,515.0,166.0,517.0,361.0,0,0,0,0,0.0
460.0,0.0,0.0,317.0,160.0,316.0,360.0,515.0,165.0,516.0,361.0,0,0,0,0,0.0
460.0,0.0,0.0,316.0,160.0,316.0,360.0,515.0,165.0,516.0,361.0,0,0,0,0,0.0
460.0,0.0,0.0,237.0,159.0,237.0,362.0,439.0,166.0,439.0,362.0,0,0,0,0,5.0
462.0,0.0,0.0,236.0,159.0,236.0,362.0,438.0,167.0,439.0,362.0,0,0,0,0,5.0
461.0,0.0,0.0,236.0,159.0,236.0,362.0,438.0,167.0,439.0,362.0,0,0,0,0,5.0
462.0,0.0,0.0,236.0,158.0,236.0,361.0,438.0,166.0,438.0,362.0,0,0,0,0,5.0
459.0,0.0,0.0,235.0,159.0,236.0,362.0,437.0,167.0,439.0,362.0,0,0,0,0,5.0
459.0,0.0,0.0,236.0,159.0,236.0,362.0,438.0,167.0,439.0,362.0,0,0,0,0,5.0
462.0,0.0,0.0,236.0,159.0,236.0,362.0,438.0,166.0,438.0,362.0,0,0,0,0,5.0
462.0,0.0,0.0,236.0,159.0,236.0,362.0,438.0,166.0,438.0,362.0,0,0,0,0,5.0
462.0,0.0,0.0,323.0,162.0,323.0,362.0,521.0,166.0,521.0,361.0,0,0,0,0,0.0
462.0,0.0,0.0,322.0,161.0,322.0,361.0,520.0,167.0,521.0,361.0,0,0,0,0,0.0
460.0,0.0,0.0,322.0,162.0,322.0,361.0,520.0,167.0,521.0,361.0,0,0,0,0,0.0
460.0,0.0,0.0,322.0,161.0,322.0,361.0,520.0,166.0,521.0,360.0,0,0,0,0,0.0
462.0,0.0,0.0,322.0,161.0,322.0,361.0,520.0,167.0,521.0,361.0,0,0,0,0,0.0
461.0,0.0,0.0,322.0,161.0,322.0,361.0,520.0,167.0,521.0,361.0,0,0,0,0,0.0
461.0,0.0,0.0,322.0,161.0,322.0,361.0,520.0,166.0,521.0,361.0,0,0,0,0,0.0
462.0,0.0,0.0,417.0,164.0,417.0,362.0,612.0,163.0,615.0,360.0,0,0,0,0,-5.0
462.0,0.0,0.0,417.0,163.0,417.0,361.0,612.0,163.0,615.0,360.0,0,0,0,0,-5.0
462.0,0.0,0.0,417.0,163.0,416.0,361.0,612.0,163.0,615.0,360.0,0,0,0,0,-5.0
462.0,0.0,0.0,417.0,163.0,416.0,361.0,612.0,163.0,615.0,360.0,0,0,0,0,-5.0
461.0,0.0,0.0,419.0,164.0,419.0,362.0,614.0,162.0,616.0,360.0,0,0,0,0,-5.0
462.0,0.0,0.0,418.0,163.0,418.0,361.0,614.0,162.0,615.0,360.0,0,0,0,0,-5.0
462.0,0.0,0.0,418.0,163.0,418.0,361.0,613.0,162.0,615.0,360.0,0,0,0,0,-5.0
462.0,0.0,0.0,320.0,160.0,320.0,360.0,518.0,165.0,520.0,360.0,0,0,0,0,0.0
462.0,0.0,0.0,320.0,160.0,320.0,360.0,518.0,165.0,520.0,360.0,0,0,0,0,0.0
462.0,0.0,0.0,320.0,160.0,321.0,360.0,519.0,166.0,520.0,360.0,0,0,0,0,0.0
453.0,0.0,0.0,320.0,160.0,321.0,360.0,519.0,165.0,520.0,360.0,0,0,0,0,0.0
462.0,0.0,0.0,320.0,160.0,321.0,360.0,518.0,165.0,520.0,360.0,0,0,0,0,0.0
462.0,0.0,0.0,320.0,160.0,321.0,360.0,519.0,166.0,520.0,360.0,0,0,0,0,0.0
461.0,0.0,0.0,320.0,160.0,321.0,360.0,519.0,166.0,520.0,360.0,0,0,0,0,0.0
461.0,0.0,0.0,320.0,160.0,321.0,360.0,519.0,165.0,520.0,360.0,0,0,0,0,0.0
462.0,0.0,0.0,234.0,159.0,235.0,362.0,436.0,167.0,437.0,362.0,0,0,0,0,5.0
462.0,0.0,0.0,234.0,159.0,235.0,362.0,436.0,167.0,437.0,362.0,0,0,0,0,5.0
462.0,0.0,0.0,234.0,159.0,236.0,362.0,436.0,167.0,438.0,362.0,0,0,0,0,5.0
462.0,0.0,0.0,234.0,159.0,236.0,362.0,436.0,167.0,438.0,362.0,0,0,0,0,5.0
462.0,0.0,0.0,234.0,159.0,236.0,361.0,436.0,166.0,437.0,361.0,0,0,0,0,5.0
462.0,0.0,0.0,234.0,159.0,235.0,362.0,436.0,167.0,437.0,362.0,0,0,0,0,5.0
462.0,0.0,0.0,234.0,159.0,236.0,362.0,436.0,167.0,438.0,362.0,0,0,0,0,5.0
462.0,0.0,0.0,323.0,161.0,323.0,361.0,521.0,166.0,521.0,361.0,0,0,0,0,0.0
461.0,0.0,0.0,322.0,161.0,322.0,361.0,520.0,166.0,521.0,361.0,0,0,0,0,0.0
462.0,0.0,0.0,322.0,161.0,322.0,361.0,520.0,166.0,521.0,361.0,0,0,0,0,0.0
462.0,0.0,0.0,327.0,160.0,327.0,361.0,525.0,166.0,527.0,360.0,0,0,0,0,0.0
462.0,0.0,0.0,327.0,160.0,328.0,361.0,525.0,166.0,527.0,360.0,0,0,0,0,0.0
462.0,0.0,0.0,327.0,160.0,328.0,361.0,525.0,165.0,527.0,360.0,0,0,0,0,0.0
462.0,0.0,0.0,327.0,160.0,327.0,361.0,525.0,166.0,527.0,360.0,0,0,0,0,0.0
462.0,0.0,0.0,327.0,160.0,327.0,361.0,525.0,166.0,527.0,360.0,0,0,0,0,0.0
462.0,0.0,0.0,419.0,164.0,420.0,362.0,615.0,163.0,617.0,361.0,0,0,0,0,-5.0
462.0,0.0,0.0,419.0,164.0,420.0,362.0,615.0,162.0,617.0,360.0,0,0,0,0,-5.0
462.0,0.0,0.0,424.0,164.0,424.0,361.0,620.0,163.0,623.0,360.0,0,0,0,0,-5.0
462.0,0.0,0.0,423.0,164.0,423.0,362.0,620.0,163.0,623.0,360.0,0,0,0,0,-5.0
462.0,0.0,0.0,423.0,164.0,423.0,362.0,620.0,163.0,623.0,360.0,0,0,0,0,-5.0
464.0,0.0,0.0,420.0,164.0,420.0,362.0,616.0,163.0,618.0,361.0,0,0,0,0,-5.0
462.0,0.0,0.0,417.0,163.0,417.0,361.0,613.0,163.0,615.0,360.0,0,0,0,0,-5.0
460.0,0.0,0.0,320.0,160.0,321.0,360.0,518.0,165.0,520.0,360.0,0,0,0,0,0.0
460.0,0.0,0.0,321.0,160.0,321.0,360.0,519.0,166.0,520.0,360.0,0,0,0,0,0.0
461.0,0.0,0.0,321.0,160.0,321.0,360.0,519.0,166.0,520.0,360.0,0,0,0,0,0.0
464.0,0.0,0.0,321.0,160.0,321.0,360.0,519.0,165.0,520.0,360.0,0,0,0,0,0.0
461.0,0.0,0.0,321.0,160.0,321.0,360.0,519.0,165.0,520.0,360.0,0,0,0,0,0.0
461.0,0.0,0.0,320.0,160.0,321.0,360.0,519.0,165.0,520.0,360.0,0,0,0,0,0.0
462.0,0.0,0.0,321.0,160.0,321.0,360.0,519.0,166.0,520.0,360.0,0,0,0,0,0.0
462.0,0.0,0.0,321.0,160.0,321.0,360.0,519.0,166.0,520.0,360.0,0,0,0,0,0.0
462.0,0.0,0.0,235.0,158.0,236.0,361.0,437.0,166.0,438.0,362.0,0,0,0,0,5.0
462.0,0.0,0.0,235.0,159.0,236.0,362.0,437.0,167.0,438.0,362.0,0,0,0,0,5.0
462.0,0.0,0.0,235.0,159.0,236.0,362.0,436.0,167.0,438.0,362.0,0,0,0,0,5.0
462.0,0.0,0.0,234.0,159.0,236.0,362.0,436.0,167.0,438.0,361.0,0,0,0,0,5.0
462.0,0.0,0.0,235.0,159.0,236.0,361.0,436.0,166.0,438.0,362.0,0,0,0,0,5.0
462.0,0.0,0.0,235.0,159.0,236.0,361.0,436.0,166.0,438.0,362.0,0,0,0,0,5.0
462.0,0.0,0.0,234.0,159.0,236.0,362.0,436.0,167.0,437.0,362.0,0,0,0,0,5.0
462.0,0.0,0.0,322.0,162.0,323.0,362.0,520.0,167.0,521.0,361.0,0,0,0,0,0.0
462.0,0.0,0.0,332.0,161.0,333.0,361.0,532.0,167.0,532.0,361.0,0,0,0,0,0.0
462.0,0.0,0.0,317.0,160.0,317.0,360.0,516.0,166.0,517.0,361.0,0,0,0,0,0.0
462.0,0.0,0.0,317.0,160.0,317.0,360.0,516.0,166.0,517.0,361.0,0,0,0,0,0.0
462.0,0.0,0.0,317.0,160.0,317.0,360.0,516.0,166.0,518.0,361.0,0,0,0,0,0.0
462.0,0.0,0.0,317.0,160.0,318.0,360.0,516.0,166.0,518.0,361.0,0,0,0,0,0.0
462.0,0.0,0.0,319.0,160.0,318.0,360.0,517.0,165.0,519.0,360.0,0,0,0,0,0.0
462.0,0.0,0.0,419.0,164.0,419.0,362.0,615.0,162.0,617.0,360.0,0,0,0,0,-5.0
461.0,0.0,0.0,419.0,164.0,419.0,362.0,615.0,162.0,617.0,360.0,0,0,0,0,-5.0
462.0,0.0,0.0,421.0,164.0,422.0,362.0,618.0,163.0,621.0,361.0,0,0,0,0,-5.0
462.0,0.0,0.0,421.0,164.0,422.0,362.0,619.0,163.0,621.0,360.0,0,0,0,0,-5.0
461.0,0.0,0.0,421.0,164.0,422.0,361.0,619.0,163.0,621.0,360.0,0,0,0,0,-5.0
462.0,0.0,0.0,421.0,164.0,422.0,361.0,619.0,163.0,621.0,360.0,0,0,0,0,-5.0
461.0,0.0,0.0,421.0,164.0,422.0,361.0,619.0,163.0,621.0,360.0,0,0,0,0,-5.0
462.0,0.0,0.0,421.0,164.0,422.0,362.0,618.0,163.0,621.0,361.0,0,0,0,0,-5.0
462.0,0.0,0.0,320.0,160.0,320.0,360.0,517.0,165.0,519.0,360.0,0,0,0,0,0.0
