Range_laser,robv,robw,IRx1,IRy1,IRx2,IRy2,IRx3,IRy3,IRx4,IRy4,US1,US2,US3,US4
0.0,0,0,0,0,0,0,0,0,0,0,0,0,0,0
0.0,0,0,0,0,0,0,0,0,0,0,0,0,0,0
0.0,0,0,368.0,63.0,607.0,307.0,365.0,305.0,609.0,69.0,0,0,0,0
0.0,0,0,368.0,63.0,607.0,307.0,365.0,305.0,609.0,69.0,0,0,0,0
0.0,0,0,368.0,63.0,607.0,307.0,365.0,305.0,610.0,69.0,0,0,0,0
0.0,0,0,368.0,63.0,607.0,307.0,365.0,305.0,610.0,69.0,0,0,0,0
0.0,0,0,368.0,63.0,607.0,307.0,365.0,305.0,609.0,69.0,0,0,0,0
0.0,0,0,368.0,63.0,607.0,307.0,365.0,305.0,609.0,69.0,0,0,0,0
0.0,0,0,368.0,63.0,607.0,307.0,365.0,305.0,610.0,69.0,0,0,0,0
0.0,0,0,368.0,63.0,607.0,307.0,365.0,305.0,610.0,69.0,0,0,0,0
0.0,0,0,368.0,63.0,607.0,307.0,365.0,305.0,609.0,69.0,0,0,0,0
0.0,0,0,368.0,63.0,607.0,307.0,365.0,305.0,609.0,69.0,0,0,0,0
0.0,0,0,368.0,63.0,607.0,307.0,365.0,305.0,609.0,69.0,0,0,0,0
0.0,0,0,368.0,63.0,607.0,307.0,365.0,305.0,610.0,69.0,0,0,0,0
0.0,0,0,368.0,63.0,607.0,307.0,365.0,305.0,609.0,69.0,0,0,0,0
0.0,0,0,368.0,63.0,607.0,307.0,365.0,305.0,609.0,69.0,0,0,0,0
0.0,0,0,368.0,63.0,607.0,307.0,365.0,305.0,609.0,69.0,0,0,0,0
0.0,0,0,368.0,63.0,607.0,307.0,365.0,305.0,609.0,69.0,0,0,0,0
0.0,0,0,368.0,63.0,607.0,307.0,366.0,305.0,610.0,69.0,0,0,0,0
0.0,0,0,368.0,63.0,607.0,307.0,365.0,305.0,609.0,69.0,0,0,0,0
0.0,0,0,368.0,63.0,607.0,307.0,365.0,305.0,609.0,69.0,0,0,0,0
0.0,0,0,368.0,63.0,607.0,307.0,365.0,305.0,609.0,69.0,0,0,0,0
0.0,0,0,368.0,63.0,607.0,307.0,365.0,305.0,610.0,69.0,0,0,0,0
0.0,0,0,368.0,63.0,607.0,307.0,366.0,305.0,609.0,69.0,0,0,0,0
0.0,0,0,368.0,63.0,607.0,307.0,365.0,305.0,609.0,69.0,0,0,0,0
0.0,0,0,368.0,63.0,607.0,307.0,365.0,305.0,609.0,69.0,0,0,0,0
0.0,0,0,368.0,63.0,607.0,307.0,365.0,305.0,609.0,69.0,0,0,0,0
0.0,0,0,368.0,63.0,607.0,307.0,365.0,305.0,610.0,69.0,0,0,0,0
0.0,0,0,368.0,63.0,607.0,307.0,365.0,305.0,609.0,69.0,0,0,0,0
0.0,0,0,368.0,63.0,607.0,307.0,365.0,305.0,609.0,69.0,0,0,0,0
0.0,0,0,368.0,63.0,607.0,307.0,365.0,305.0,610.0,69.0,0,0,0,0
0.0,0,0,368.0,63.0,607.0,307.0,365.0,305.0,610.0,69.0,0,0,0,0
0.0,0,0,368.0,63.0,607.0,307.0,365.0,305.0,610.0,69.0,0,0,0,0
0.0,0,0,368.0,63.0,607.0,307.0,365.0,305.0,609.0,69.0,0,0,0,0
0.0,0,0,368.0,63.0,607.0,307.0,365.0,305.0,609.0,69.0,0,0,0,0
0.0,0,0,368.0,63.0,607.0,307.0,365.0,305.0,610.0,69.0,0,0,0,0
0.0,0,0,368.0,63.0,607.0,307.0,365.0,305.0,609.0,69.0,0,0,0,0
0.0,0,0,368.0,63.0,607.0,307.0,365.0,305.0,609.0,69.0,0,0,0,0
0.0,0,0,368.0,63.0,607.0,307.0,365.0,305.0,609.0,69.0,0,0,0,0
0.0,0,0,368.0,62.0,607.0,307.0,365.0,305.0,609.0,69.0,0,0,0,0
0.0,0,0,368.0,63.0,607.0,307.0,366.0,305.0,610.0,69.0,0,0,0,0
0.0,0,0,368.0,63.0,607.0,307.0,365.0,305.0,609.0,69.0,0,0,0,0
0.0,0,0,368.0,63.0,607.0,307.0,365.0,305.0,609.0,69.0,0,0,0,0
0.0,0,0,368.0,62.0,607.0,307.0,365.0,305.0,609.0,69.0,0,0,0,0
0.0,0,0,368.0,62.0,607.0,307.0,365.0,305.0,610.0,69.0,0,0,0,0
0.0,0,0,368.0,63.0,607.0,307.0,365.0,305.0,609.0,69.0,0,0,0,0
0.0,0,0,369.0,62.0,607.0,307.0,366.0,304.0,610.0,68.0,0,0,0,0
0.0,0,0,369.0,62.0,607.0,307.0,366.0,304.0,610.0,68.0,0,0,0,0
0.0,0,0,370.0,63.0,607.0,307.0,367.0,304.0,609.0,70.0,0,0,0,0
0.0,0,0,373.0,75.0,605.0,312.0,371.0,310.0,608.0,80.0,0,0,0,0
0.0,0,0,372.0,72.0,604.0,310.0,370.0,308.0,606.0,78.0,0,0,0,0
0.0,0,0,373.0,73.0,604.0,310.0,370.0,308.0,607.0,79.0,0,0,0,0
0.0,0,0,373.0,73.0,604.0,310.0,370.0,308.0,607.0,79.0,0,0,0,0
0.0,0,0,374.0,73.0,605.0,309.0,372.0,308.0,608.0,79.0,0,0,0,0
0.0,0,0,377.0,81.0,603.0,312.0,375.0,311.0,605.0,87.0,0,0,0,0
0.0,0,0,380.0,92.0,599.0,316.0,377.0,316.0,601.0,99.0,0,0,0,0
0.0,0,0,383.0,101.0,597.0,320.0,381.0,318.0,599.0,106.0,0,0,0,0
0.0,0,0,387.0,108.0,595.0,323.0,384.0,321.0,598.0,115.0,0,0,0,0
0.0,0,0,387.0,108.0,595.0,323.0,384.0,321.0,598.0,115.0,0,0,0,0
0.0,0,0,390.0,118.0,593.0,326.0,388.0,324.0,596.0,123.0,0,0,0,0
0.0,0,0,395.0,123.0,592.0,327.0,391.0,324.0,595.0,129.0,0,0,0,0
0.0,0,0,396.0,131.0,590.0,328.0,394.0,325.0,592.0,135.0,0,0,0,0
0.0,0,0,399.0,136.0,589.0,330.0,397.0,328.0,592.0,141.0,0,0,0,0
0.0,0,0,399.0,136.0,589.0,330.0,397.0,328.0,592.0,141.0,0,0,0,0
0.0,0,0,400.0,136.0,588.0,329.0,397.0,326.0,591.0,140.0,0,0,0,0
0.0,0,0,399.0,136.0,588.0,329.0,397.0,326.0,591.0,140.0,0,0,0,0
0.0,0,0,401.0,134.0,590.0,328.0,399.0,325.0,593.0,139.0,0,0,0,0
0.0,0,0,402.0,138.0,589.0,329.0,401.0,325.0,591.0,143.0,0,0,0,0
0.0,0,0,402.0,138.0,589.0,329.0,401.0,325.0,591.0,143.0,0,0,0,0
0.0,0,0,404.0,141.0,588.0,330.0,402.0,328.0,591.0,144.0,0,0,0,0
0.0,0,0,402.0,138.0,586.0,327.0,399.0,324.0,590.0,142.0,0,0,0,0
0.0,0,0,404.0,138.0,590.0,327.0,402.0,325.0,592.0,142.0,0,0,0,0
0.0,0,0,406.0,140.0,588.0,329.0,404.0,326.0,591.0,144.0,0,0,0,0
0.0,0,0,406.0,140.0,588.0,329.0,404.0,326.0,591.0,144.0,0,0,0,0
0.0,0,0,410.0,145.0,587.0,329.0,405.0,326.0,590.0,150.0,0,0,0,0
0.0,0,0,411.0,150.0,585.0,330.0,408.0,329.0,587.0,155.0,0,0,0,0
0.0,0,0,414.0,155.0,583.0,332.0,411.0,329.0,587.0,159.0,0,0,0,0
0.0,0,0,415.0,162.0,581.0,334.0,413.0,332.0,584.0,166.0,0,0,0,0
0.0,0,0,415.0,162.0,581.0,334.0,413.0,332.0,584.0,166.0,0,0,0,0
0.0,0,0,417.0,166.0,580.0,336.0,414.0,333.0,582.0,169.0,0,0,0,0
0.0,0,0,418.0,171.0,579.0,336.0,416.0,333.0,581.0,173.0,0,0,0,0
0.0,0,0,419.0,175.0,578.0,337.0,417.0,335.0,579.0,177.0,0,0,0,0
0.0,0,0,419.0,176.0,577.0,337.0,417.0,335.0,579.0,178.0,0,0,0,0
0.0,0,0,418.0,175.0,576.0,336.0,417.0,334.0,578.0,177.0,0,0,0,0
0.0,0,0,418.0,175.0,576.0,336.0,417.0,334.0,578.0,177.0,0,0,0,0
0.0,0,0,419.0,175.0,576.0,337.0,417.0,334.0,578.0,177.0,0,0,0,0
0.0,0,0,419.0,175.0,576.0,337.0,417.0,334.0,578.0,177.0,0,0,0,0
0.0,0,0,418.0,175.0,576.0,336.0,416.0,334.0,578.0,177.0,0,0,0,0
0.0,0,0,419.0,175.0,576.0,336.0,417.0,334.0,578.0,177.0,0,0,0,0
0.0,0,0,419.0,175.0,576.0,336.0,417.0,334.0,578.0,177.0,0,0,0,0
0.0,0,0,419.0,175.0,576.0,336.0,417.0,334.0,579.0,177.0,0,0,0,0
0.0,0,0,418.0,175.0,576.0,336.0,417.0,334.0,578.0,177.0,0,0,0,0
0.0,0,0,418.0,175.0,576.0,336.0,417.0,334.0,578.0,177.0,0,0,0,0
0.0,0,0,419.0,175.0,577.0,336.0,417.0,334.0,579.0,176.0,0,0,0,0
0.0,0,0,419.0,175.0,577.0,336.0,417.0,334.0,579.0,176.0,0,0,0,0
0.0,0,0,421.0,173.0,578.0,334.0,418.0,332.0,580.0,175.0,0,0,0,0
0.0,0,0,419.0,179.0,573.0,337.0,417.0,335.0,575.0,181.0,0,0,0,0
0.0,0,0,421.0,180.0,574.0,338.0,418.0,336.0,577.0,182.0,0,0,0,0
0.0,0,0,422.0,176.0,577.0,334.0,420.0,332.0,579.0,178.0,0,0,0,0
0.0,0,0,422.0,176.0,577.0,334.0,420.0,332.0,579.0,178.0,0,0,0,0
0.0,0,0,423.0,181.0,574.0,337.0,420.0,335.0,576.0,182.0,0,0,0,0
0.0,0,0,422.0,185.0,571.0,337.0,420.0,336.0,574.0,188.0,0,0,0,0
0.0,0,0,423.0,187.0,571.0,338.0,422.0,336.0,572.0,190.0,0,0,0,0
0.0,0,0,424.0,191.0,569.0,339.0,423.0,336.0,571.0,193.0,0,0,0,0
0.0,0,0,424.0,191.0,569.0,339.0,423.0,336.0,571.0,193.0,0,0,0,0
0.0,0,0,424.0,193.0,567.0,339.0,424.0,336.0,568.0,195.0,0,0,0,0
0.0,0,0,427.0,195.0,567.0,339.0,424.0,336.0,568.0,197.0,0,0,0,0
0.0,0,0,430.0,199.0,567.0,339.0,427.0,337.0,569.0,199.0,0,0,0,0
0.0,0,0,431.0,200.0,566.0,339.0,429.0,337.0,567.0,202.0,0,0,0,0
0.0,0,0,431.0,201.0,565.0,338.0,430.0,336.0,567.0,204.0,0,0,0,0
0.0,0,0,431.0,201.0,565.0,338.0,430.0,336.0,567.0,204.0,0,0,0,0
0.0,0,0,433.0,205.0,564.0,339.0,431.0,336.0,567.0,207.0,0,0,0,0
0.0,0,0,434.0,206.0,564.0,339.0,432.0,336.0,568.0,208.0,0,0,0,0
0.0,0,0,434.0,209.0,562.0,340.0,433.0,338.0,565.0,212.0,0,0,0,0
0.0,0,0,436.0,210.0,563.0,340.0,433.0,339.0,565.0,213.0,0,0,0,0
0.0,0,0,436.0,210.0,563.0,340.0,433.0,339.0,565.0,213.0,0,0,0,0
0.0,0,0,435.0,209.0,563.0,339.0,433.0,337.0,565.0,211.0,0,0,0,0
0.0,0,0,436.0,209.0,563.0,339.0,433.0,337.0,566.0,211.0,0,0,0,0
0.0,0,0,435.0,209.0,562.0,339.0,433.0,337.0,565.0,211.0,0,0,0,0
0.0,0,0,435.0,209.0,562.0,339.0,433.0,337.0,565.0,211.0,0,0,0,0
0.0,0,0,435.0,209.0,562.0,339.0,433.0,337.0,565.0,211.0,0,0,0,0
0.0,0,0,435.0,209.0,563.0,339.0,433.0,337.0,565.0,211.0,0,0,0,0
0.0,0,0,435.0,209.0,562.0,339.0,433.0,337.0,565.0,211.0,0,0,0,0
0.0,0,0,435.0,209.0,562.0,339.0,433.0,337.0,565.0,211.0,0,0,0,0
0.0,0,0,435.0,209.0,562.0,339.0,433.0,337.0,565.0,211.0,0,0,0,0
0.0,0,0,435.0,209.0,562.0,339.0,433.0,337.0,565.0,211.0,0,0,0,0
0.0,0,0,437.0,209.0,563.0,339.0,434.0,337.0,566.0,211.0,0,0,0,0
0.0,0,0,437.0,208.0,563.0,337.0,434.0,336.0,566.0,209.0,0,0,0,0
0.0,0,0,437.0,213.0,561.0,341.0,435.0,340.0,564.0,215.0,0,0,0,0
0.0,0,0,439.0,215.0,562.0,341.0,437.0,340.0,566.0,216.0,0,0,0,0
0.0,0,0,439.0,215.0,562.0,341.0,437.0,340.0,566.0,216.0,0,0,0,0
0.0,0,0,438.0,212.0,561.0,340.0,435.0,338.0,564.0,215.0,0,0,0,0
0.0,0,0,437.0,213.0,561.0,341.0,434.0,338.0,563.0,215.0,0,0,0,0
0.0,0,0,438.0,212.0,562.0,339.0,437.0,337.0,565.0,215.0,0,0,0,0
0.0,0,0,440.0,216.0,561.0,340.0,439.0,339.0,565.0,216.0,0,0,0,0
0.0,0,0,439.0,218.0,560.0,343.0,438.0,341.0,561.0,221.0,0,0,0,0
0.0,0,0,439.0,218.0,560.0,343.0,438.0,341.0,561.0,221.0,0,0,0,0
0.0,0,0,440.0,220.0,560.0,342.0,439.0,340.0,561.0,222.0,0,0,0,0
0.0,0,0,441.0,223.0,560.0,343.0,441.0,342.0,561.0,224.0,0,0,0,0
0.0,0,0,442.0,224.0,560.0,344.0,441.0,342.0,560.0,227.0,0,0,0,0
0.0,0,0,444.0,227.0,560.0,344.0,442.0,343.0,560.0,229.0,0,0,0,0
0.0,0,0,444.0,227.0,560.0,344.0,442.0,343.0,560.0,229.0,0,0,0,0
0.0,0,0,445.0,231.0,558.0,343.0,443.0,344.0,559.0,231.0,0,0,0,0
0.0,0,0,447.0,232.0,558.0,344.0,445.0,344.0,559.0,233.0,0,0,0,0
0.0,0,0,447.0,232.0,557.0,344.0,445.0,343.0,559.0,234.0,0,0,0,0
0.0,0,0,447.0,234.0,555.0,345.0,445.0,344.0,557.0,236.0,0,0,0,0
0.0,0,0,447.0,234.0,555.0,345.0,445.0,344.0,557.0,236.0,0,0,0,0
0.0,0,0,447.0,237.0,555.0,345.0,446.0,345.0,557.0,239.0,0,0,0,0
0.0,0,0,447.0,235.0,554.0,345.0,445.0,344.0,557.0,236.0,0,0,0,0
0.0,0,0,447.0,234.0,554.0,344.0,445.0,343.0,557.0,236.0,0,0,0,0
0.0,0,0,447.0,234.0,554.0,344.0,445.0,343.0,557.0,236.0,0,0,0,0
0.0,0,0,447.0,234.0,554.0,344.0,445.0,343.0,557.0,236.0,0,0,0,0
0.0,0,0,447.0,234.0,554.0,345.0,445.0,344.0,557.0,236.0,0,0,0,0
0.0,0,0,447.0,234.0,554.0,344.0,445.0,343.0,557.0,236.0,0,0,0,0
0.0,0,0,447.0,234.0,554.0,344.0,445.0,343.0,557.0,236.0,0,0,0,0
0.0,0,0,447.0,234.0,555.0,345.0,445.0,343.0,557.0,236.0,0,0,0,0
0.0,0,0,447.0,234.0,555.0,345.0,445.0,343.0,557.0,236.0,0,0,0,0
0.0,0,0,447.0,234.0,555.0,344.0,445.0,343.0,557.0,235.0,0,0,0,0
0.0,0,0,448.0,233.0,555.0,343.0,446.0,342.0,558.0,234.0,0,0,0,0
0.0,0,0,448.0,236.0,553.0,345.0,445.0,344.0,556.0,239.0,0,0,0,0
0.0,0,0,448.0,237.0,554.0,345.0,447.0,344.0,556.0,239.0,0,0,0,0
0.0,0,0,448.0,236.0,553.0,344.0,446.0,343.0,556.0,238.0,0,0,0,0
0.0,0,0,448.0,236.0,553.0,344.0,446.0,343.0,556.0,238.0,0,0,0,0
0.0,0,0,448.0,236.0,553.0,344.0,445.0,343.0,556.0,238.0,0,0,0,0
0.0,0,0,448.0,235.0,556.0,343.0,448.0,342.0,558.0,237.0,0,0,0,0
0.0,0,0,450.0,239.0,554.0,345.0,449.0,344.0,557.0,240.0,0,0,0,0
0.0,0,0,452.0,240.0,555.0,345.0,451.0,345.0,557.0,241.0,0,0,0,0
0.0,0,0,452.0,240.0,555.0,345.0,451.0,345.0,557.0,241.0,0,0,0,0
0.0,0,0,453.0,241.0,554.0,345.0,451.0,345.0,557.0,243.0,0,0,0,0
0.0,0,0,455.0,244.0,556.0,348.0,453.0,347.0,557.0,246.0,0,0,0,0
0.0,0,0,455.0,245.0,555.0,347.0,454.0,347.0,556.0,247.0,0,0,0,0
0.0,0,0,455.0,247.0,554.0,349.0,454.0,347.0,556.0,249.0,0,0,0,0
0.0,0,0,455.0,247.0,554.0,349.0,454.0,347.0,556.0,249.0,0,0,0,0
0.0,0,0,457.0,249.0,554.0,350.0,456.0,347.0,556.0,251.0,0,0,0,0
0.0,0,0,457.0,250.0,553.0,350.0,457.0,347.0,556.0,252.0,0,0,0,0
0.0,0,0,458.0,252.0,553.0,350.0,458.0,348.0,555.0,253.0,0,0,0,0
0.0,0,0,458.0,253.0,552.0,349.0,458.0,348.0,554.0,254.0,0,0,0,0
0.0,0,0,458.0,253.0,552.0,349.0,458.0,348.0,554.0,254.0,0,0,0,0
0.0,0,0,459.0,255.0,552.0,350.0,458.0,349.0,553.0,257.0,0,0,0,0
0.0,0,0,459.0,257.0,551.0,350.0,458.0,349.0,553.0,259.0,0,0,0,0
0.0,0,0,459.0,258.0,549.0,351.0,459.0,350.0,552.0,260.0,0,0,0,0
0.0,0,0,459.0,260.0,549.0,352.0,459.0,352.0,551.0,262.0,0,0,0,0
0.0,0,0,459.0,260.0,549.0,352.0,459.0,352.0,551.0,262.0,0,0,0,0
0.0,0,0,460.0,262.0,550.0,353.0,459.0,354.0,552.0,264.0,0,0,0,0
0.0,0,0,460.0,263.0,550.0,354.0,460.0,354.0,552.0,264.0,0,0,0,0
0.0,0,0,460.0,261.0,548.0,352.0,459.0,353.0,551.0,263.0,0,0,0,0
0.0,0,0,460.0,261.0,549.0,352.0,459.0,353.0,551.0,264.0,0,0,0,0
0.0,0,0,460.0,261.0,549.0,352.0,459.0,353.0,551.0,264.0,0,0,0,0
0.0,0,0,460.0,261.0,549.0,352.0,459.0,353.0,551.0,264.0,0,0,0,0
0.0,0,0,460.0,261.0,548.0,352.0,459.0,352.0,551.0,263.0,0,0,0,0
0.0,0,0,460.0,261.0,549.0,352.0,459.0,352.0,551.0,264.0,0,0,0,0
0.0,0,0,460.0,261.0,549.0,352.0,459.0,353.0,551.0,264.0,0,0,0,0
0.0,0,0,460.0,261.0,549.0,352.0,459.0,353.0,551.0,264.0,0,0,0,0
0.0,0,0,460.0,261.0,549.0,352.0,459.0,353.0,551.0,264.0,0,0,0,0
0.0,0,0,460.0,260.0,549.0,351.0,459.0,350.0,550.0,262.0,0,0,0,0
0.0,0,0,460.0,264.0,548.0,353.0,460.0,354.0,550.0,264.0,0,0,0,0
0.0,0,0,460.0,266.0,548.0,354.0,459.0,355.0,549.0,266.0,0,0,0,0
0.0,0,0,460.0,264.0,548.0,353.0,459.0,353.0,550.0,264.0,0,0,0,0
0.0,0,0,460.0,264.0,548.0,353.0,459.0,353.0,550.0,264.0,0,0,0,0
0.0,0,0,460.0,264.0,548.0,353.0,459.0,354.0,549.0,265.0,0,0,0,0
0.0,0,0,460.0,262.0,548.0,352.0,460.0,351.0,551.0,264.0,0,0,0,0
0.0,0,0,461.0,265.0,548.0,353.0,460.0,354.0,549.0,266.0,0,0,0,0
0.0,0,0,461.0,266.0,548.0,353.0,460.0,354.0,549.0,266.0,0,0,0,0
0.0,0,0,461.0,266.0,548.0,353.0,460.0,354.0,549.0,266.0,0,0,0,0
0.0,0,0,461.0,266.0,547.0,353.0,460.0,354.0,548.0,268.0,0,0,0,0
0.0,0,0,461.0,267.0,547.0,353.0,461.0,354.0,548.0,268.0,0,0,0,0
0.0,0,0,462.0,268.0,546.0,354.0,461.0,354.0,547.0,269.0,0,0,0,0
0.0,0,0,462.0,271.0,546.0,355.0,461.0,354.0,547.0,271.0,0,0,0,0
0.0,0,0,464.0,272.0,546.0,356.0,463.0,355.0,547.0,274.0,0,0,0,0
0.0,0,0,464.0,272.0,546.0,356.0,463.0,355.0,547.0,274.0,0,0,0,0
0.0,0,0,465.0,272.0,546.0,356.0,464.0,356.0,547.0,275.0,0,0,0,0
0.0,0,0,465.0,274.0,546.0,356.0,464.0,355.0,547.0,275.0,0,0,0,0
0.0,0,0,465.0,274.0,546.0,356.0,466.0,354.0,547.0,275.0,0,0,0,0
0.0,0,0,466.0,274.0,546.0,356.0,466.0,354.0,548.0,276.0,0,0,0,0
0.0,0,0,466.0,274.0,546.0,356.0,466.0,354.0,548.0,276.0,0,0,0,0
0.0,0,0,467.0,274.0,546.0,354.0,466.0,354.0,547.0,275.0,0,0,0,0
0.0,0,0,467.0,274.0,545.0,353.0,466.0,353.0,546.0,275.0,0,0,0,0
0.0,0,0,468.0,274.0,544.0,352.0,467.0,351.0,546.0,275.0,0,0,0,0
0.0,0,0,469.0,273.0,544.0,351.0,468.0,351.0,546.0,275.0,0,0,0,0
0.0,0,0,469.0,273.0,544.0,351.0,468.0,351.0,546.0,275.0,0,0,0,0
0.0,0,0,468.0,276.0,543.0,352.0,467.0,352.0,544.0,278.0,0,0,0,0
0.0,0,0,469.0,277.0,543.0,353.0,468.0,353.0,544.0,278.0,0,0,0,0
0.0,0,0,470.0,279.0,542.0,355.0,469.0,354.0,545.0,281.0,0,0,0,0
0.0,0,0,470.0,279.0,542.0,354.0,470.0,353.0,544.0,281.0,0,0,0,0
0.0,0,0,470.0,279.0,542.0,354.0,470.0,353.0,544.0,281.0,0,0,0,0
0.0,0,0,470.0,280.0,541.0,354.0,469.0,353.0,544.0,281.0,0,0,0,0
0.0,0,0,470.0,280.0,541.0,355.0,468.0,354.0,544.0,281.0,0,0,0,0
0.0,0,0,470.0,280.0,541.0,354.0,470.0,353.0,544.0,281.0,0,0,0,0
0.0,0,0,470.0,280.0,541.0,355.0,469.0,353.0,544.0,281.0,0,0,0,0
0.0,0,0,470.0,280.0,541.0,355.0,469.0,353.0,544.0,281.0,0,0,0,0
0.0,0,0,470.0,280.0,541.0,354.0,469.0,353.0,544.0,281.0,0,0,0,0
0.0,0,0,470.0,280.0,541.0,354.0,469.0,353.0,544.0,281.0,0,0,0,0
0.0,0,0,470.0,280.0,541.0,354.0,470.0,353.0,544.0,281.0,0,0,0,0
0.0,0,0,470.0,280.0,541.0,354.0,469.0,352.0,544.0,281.0,0,0,0,0
0.0,0,0,470.0,280.0,541.0,354.0,469.0,353.0,544.0,281.0,0,0,0,0
0.0,0,0,470.0,280.0,541.0,354.0,469.0,353.0,544.0,281.0,0,0,0,0
0.0,0,0,470.0,280.0,541.0,354.0,470.0,353.0,544.0,281.0,0,0,0,0
0.0,0,0,469.0,279.0,540.0,353.0,468.0,352.0,543.0,280.0,0,0,0,0
0.0,0,0,470.0,280.0,540.0,354.0,469.0,352.0,543.0,281.0,0,0,0,0
0.0,0,0,470.0,280.0,540.0,355.0,468.0,354.0,543.0,282.0,0,0,0,0
0.0,0,0,470.0,280.0,540.0,355.0,468.0,354.0,543.0,282.0,0,0,0,0
0.0,0,0,470.0,280.0,541.0,354.0,470.0,352.0,544.0,281.0,0,0,0,0
0.0,0,0,469.0,279.0,540.0,351.0,467.0,351.0,542.0,280.0,0,0,0,0
0.0,0,0,470.0,280.0,540.0,354.0,470.0,352.0,543.0,281.0,0,0,0,0
0.0,0,0,470.0,280.0,540.0,354.0,470.0,352.0,543.0,281.0,0,0,0,0
0.0,0,0,470.0,280.0,540.0,354.0,470.0,352.0,543.0,281.0,0,0,0,0
0.0,0,0,470.0,281.0,540.0,354.0,470.0,353.0,543.0,282.0,0,0,0,0
0.0,0,0,470.0,282.0,539.0,355.0,470.0,353.0,543.0,285.0,0,0,0,0
0.0,0,0,471.0,285.0,539.0,355.0,470.0,354.0,541.0,286.0,0,0,0,0
0.0,0,0,471.0,286.0,540.0,356.0,470.0,355.0,541.0,287.0,0,0,0,0
0.0,0,0,471.0,286.0,540.0,356.0,470.0,355.0,541.0,287.0,0,0,0,0
0.0,0,0,471.0,287.0,539.0,355.0,470.0,354.0,540.0,287.0,0,0,0,0
0.0,0,0,471.0,288.0,538.0,356.0,470.0,355.0,540.0,288.0,0,0,0,0
0.0,0,0,472.0,288.0,538.0,357.0,471.0,357.0,539.0,288.0,0,0,0,0
0.0,0,0,472.0,288.0,537.0,357.0,471.0,357.0,538.0,288.0,0,0,0,0
0.0,0,0,472.0,288.0,537.0,357.0,471.0,357.0,538.0,288.0,0,0,0,0
0.0,0,0,471.0,289.0,537.0,357.0,471.0,358.0,536.0,291.0,0,0,0,0
0.0,0,0,471.0,291.0,537.0,358.0,471.0,358.0,536.0,292.0,0,0,0,0
0.0,0,0,472.0,294.0,536.0,360.0,471.0,359.0,536.0,295.0,0,0,0,0
0.0,0,0,472.0,296.0,535.0,360.0,471.0,360.0,536.0,296.0,0,0,0,0
0.0,0,0,472.0,296.0,535.0,361.0,472.0,361.0,536.0,297.0,0,0,0,0
0.0,0,0,472.0,296.0,535.0,361.0,472.0,361.0,536.0,297.0,0,0,0,0
0.0,0,0,472.0,300.0,535.0,364.0,471.0,363.0,536.0,300.0,0,0,0,0
0.0,0,0,472.0,303.0,535.0,366.0,472.0,366.0,536.0,304.0,0,0,0,0
0.0,0,0,472.0,304.0,534.0,367.0,472.0,367.0,536.0,304.0,0,0,0,0
0.0,0,0,472.0,303.0,535.0,366.0,472.0,366.0,536.0,304.0,0,0,0,0
0.0,0,0,472.0,303.0,535.0,366.0,472.0,366.0,536.0,304.0,0,0,0,0
0.0,0,0,472.0,302.0,535.0,366.0,472.0,366.0,536.0,304.0,0,0,0,0
0.0,0,0,472.0,303.0,535.0,366.0,472.0,366.0,536.0,304.0,0,0,0,0
0.0,0,0,472.0,302.0,535.0,366.0,472.0,366.0,536.0,304.0,0,0,0,0
0.0,0,0,472.0,303.0,535.0,366.0,472.0,366.0,536.0,304.0,0,0,0,0
0.0,0,0,472.0,303.0,535.0,366.0,472.0,366.0,536.0,304.0,0,0,0,0
0.0,0,0,472.0,303.0,535.0,366.0,472.0,366.0,536.0,304.0,0,0,0,0
0.0,0,0,472.0,303.0,535.0,366.0,472.0,366.0,536.0,304.0,0,0,0,0
0.0,0,0,472.0,303.0,535.0,366.0,472.0,366.0,536.0,304.0,0,0,0,0
0.0,0,0,472.0,303.0,535.0,366.0,472.0,366.0,536.0,304.0,0,0,0,0
0.0,0,0,472.0,303.0,535.0,366.0,472.0,366.0,536.0,304.0,0,0,0,0
0.0,0,0,472.0,303.0,535.0,366.0,472.0,366.0,536.0,304.0,0,0,0,0
0.0,0,0,472.0,302.0,535.0,366.0,472.0,366.0,536.0,304.0,0,0,0,0
0.0,0,0,472.0,302.0,535.0,366.0,472.0,366.0,536.0,304.0,0,0,0,0
0.0,0,0,472.0,303.0,535.0,366.0,472.0,366.0,536.0,304.0,0,0,0,0
0.0,0,0,472.0,303.0,535.0,366.0,472.0,366.0,536.0,304.0,0,0,0,0
0.0,0,0,472.0,302.0,535.0,366.0,472.0,366.0,536.0,304.0,0,0,0,0
0.0,0,0,471.0,300.0,535.0,365.0,471.0,364.0,535.0,302.0,0,0,0,0
0.0,0,0,472.0,304.0,534.0,367.0,472.0,367.0,536.0,304.0,0,0,0,0
0.0,0,0,472.0,304.0,534.0,367.0,472.0,366.0,536.0,304.0,0,0,0,0
0.0,0,0,472.0,300.0,534.0,363.0,471.0,363.0,535.0,302.0,0,0,0,0
0.0,0,0,472.0,300.0,534.0,363.0,471.0,363.0,535.0,302.0,0,0,0,0
0.0,0,0,472.0,304.0,534.0,366.0,472.0,367.0,535.0,304.0,0,0,0,0
0.0,0,0,472.0,305.0,534.0,369.0,472.0,368.0,536.0,307.0,0,0,0,0
0.0,0,0,472.0,305.0,534.0,368.0,472.0,368.0,536.0,307.0,0,0,0,0
0.0,0,0,472.0,306.0,534.0,368.0,472.0,368.0,536.0,307.0,0,0,0,0
0.0,0,0,472.0,306.0,534.0,368.0,472.0,368.0,536.0,307.0,0,0,0,0
0.0,0,0,472.0,308.0,534.0,368.0,472.0,368.0,535.0,310.0,0,0,0,0
0.0,0,0,472.0,308.0,534.0,368.0,472.0,368.0,534.0,310.0,0,0,0,0
0.0,0,0,472.0,311.0,534.0,369.0,472.0,369.0,534.0,311.0,0,0,0,0
0.0,0,0,473.0,311.0,535.0,369.0,472.0,370.0,535.0,311.0,0,0,0,0
0.0,0,0,473.0,311.0,535.0,369.0,472.0,370.0,535.0,311.0,0,0,0,0
0.0,0,0,475.0,311.0,535.0,370.0,472.0,369.0,535.0,312.0,0,0,0,0
0.0,0,0,476.0,312.0,534.0,371.0,472.0,371.0,535.0,312.0,0,0,0,0
0.0,0,0,476.0,312.0,534.0,371.0,477.0,369.0,535.0,313.0,0,0,0,0
0.0,0,0,476.0,312.0,534.0,371.0,478.0,368.0,535.0,313.0,0,0,0,0
0.0,0,0,476.0,312.0,534.0,371.0,478.0,368.0,535.0,313.0,0,0,0,0
0.0,0,0,479.0,314.0,535.0,373.0,480.0,372.0,536.0,315.0,0,0,0,0
0.0,0,0,479.0,316.0,535.0,374.0,476.0,376.0,536.0,317.0,0,0,0,0
0.0,0,0,479.0,314.0,535.0,373.0,479.0,373.0,536.0,316.0,0,0,0,0
0.0,0,0,479.0,313.0,534.0,372.0,479.0,371.0,536.0,315.0,0,0,0,0
0.0,0,0,479.0,313.0,534.0,372.0,479.0,371.0,536.0,315.0,0,0,0,0
0.0,0,0,479.0,313.0,535.0,372.0,480.0,372.0,536.0,315.0,0,0,0,0
0.0,0,0,478.0,312.0,534.0,371.0,479.0,370.0,536.0,315.0,0,0,0,0
0.0,0,0,479.0,313.0,534.0,372.0,480.0,371.0,536.0,315.0,0,0,0,0
0.0,0,0,479.0,313.0,534.0,371.0,480.0,371.0,536.0,315.0,0,0,0,0
0.0,0,0,479.0,313.0,534.0,372.0,479.0,370.0,536.0,315.0,0,0,0,0
0.0,0,0,479.0,313.0,534.0,372.0,479.0,370.0,536.0,315.0,0,0,0,0
0.0,0,0,478.0,312.0,534.0,371.0,479.0,370.0,536.0,314.0,0,0,0,0
0.0,0,0,479.0,313.0,534.0,371.0,479.0,371.0,536.0,315.0,0,0,0,0
0.0,0,0,479.0,313.0,534.0,371.0,480.0,371.0,536.0,315.0,0,0,0,0
0.0,0,0,478.0,312.0,534.0,370.0,479.0,370.0,536.0,314.0,0,0,0,0
0.0,0,0,478.0,312.0,534.0,370.0,479.0,370.0,536.0,314.0,0,0,0,0
0.0,0,0,479.0,313.0,534.0,371.0,479.0,371.0,536.0,315.0,0,0,0,0
0.0,0,0,479.0,313.0,534.0,371.0,479.0,371.0,536.0,315.0,0,0,0,0
0.0,0,0,479.0,313.0,534.0,371.0,479.0,370.0,536.0,314.0,0,0,0,0
0.0,0,0,478.0,312.0,534.0,370.0,479.0,370.0,536.0,314.0,0,0,0,0
0.0,0,0,478.0,312.0,534.0,370.0,479.0,370.0,536.0,314.0,0,0,0,0
0.0,0,0,479.0,313.0,534.0,371.0,479.0,371.0,536.0,315.0,0,0,0,0
0.0,0,0,479.0,313.0,534.0,371.0,479.0,371.0,536.0,315.0,0,0,0,0
0.0,0,0,478.0,312.0,534.0,370.0,479.0,370.0,536.0,314.0,0,0,0,0
0.0,0,0,479.0,313.0,534.0,371.0,479.0,371.0,536.0,315.0,0,0,0,0
0.0,0,0,479.0,313.0,534.0,371.0,479.0,371.0,536.0,315.0,0,0,0,0
0.0,0,0,479.0,313.0,534.0,371.0,479.0,371.0,536.0,315.0,0,0,0,0
0.0,0,0,479.0,313.0,534.0,371.0,480.0,371.0,536.0,314.0,0,0,0,0
0.0,0,0,478.0,312.0,534.0,370.0,479.0,370.0,536.0,314.0,0,0,0,0
0.0,0,0,479.0,313.0,534.0,371.0,479.0,371.0,536.0,314.0,0,0,0,0
0.0,0,0,479.0,313.0,534.0,371.0,479.0,371.0,536.0,315.0,0,0,0,0
0.0,0,0,479.0,313.0,534.0,371.0,479.0,371.0,536.0,315.0,0,0,0,0
0.0,0,0,478.0,312.0,535.0,370.0,479.0,370.0,536.0,314.0,0,0,0,0
0.0,0,0,479.0,313.0,534.0,371.0,479.0,371.0,536.0,314.0,0,0,0,0
0.0,0,0,478.0,312.0,534.0,371.0,479.0,371.0,536.0,315.0,0,0,0,0
0.0,0,0,479.0,313.0,534.0,371.0,479.0,371.0,536.0,315.0,0,0,0,0
0.0,0,0,479.0,313.0,534.0,371.0,479.0,371.0,536.0,315.0,0,0,0,0
0.0,0,0,478.0,312.0,535.0,370.0,479.0,370.0,536.0,314.0,0,0,0,0
0.0,0,0,478.0,312.0,534.0,370.0,479.0,370.0,536.0,314.0,0,0,0,0
0.0,0,0,479.0,313.0,534.0,371.0,479.0,371.0,536.0,315.0,0,0,0,0
0.0,0,0,478.0,312.0,535.0,370.0,479.0,370.0,536.0,314.0,0,0,0,0
0.0,0,0,478.0,312.0,535.0,370.0,479.0,370.0,536.0,314.0,0,0,0,0
0.0,0,0,478.0,312.0,534.0,370.0,479.0,370.0,536.0,314.0,0,0,0,0
0.0,0,0,478.0,312.0,534.0,370.0,479.0,370.0,536.0,315.0,0,0,0,0
0.0,0,0,479.0,313.0,534.0,371.0,479.0,371.0,536.0,315.0,0,0,0,0
0.0,0,0,478.0,312.0,535.0,370.0,479.0,370.0,536.0,314.0,0,0,0,0
0.0,0,0,478.0,312.0,535.0,370.0,479.0,370.0,536.0,314.0,0,0,0,0
0.0,0,0,478.0,312.0,534.0,370.0,479.0,370.0,536.0,314.0,0,0,0,0
0.0,0,0,479.0,313.0,534.0,371.0,479.0,371.0,536.0,315.0,0,0,0,0
0.0,0,0,478.0,312.0,535.0,370.0,479.0,370.0,536.0,314.0,0,0,0,0
0.0,0,0,478.0,312.0,535.0,370.0,479.0,370.0,536.0,314.0,0,0,0,0
0.0,0,0,478.0,312.0,535.0,370.0,479.0,370.0,536.0,314.0,0,0,0,0
0.0,0,0,478.0,312.0,535.0,370.0,479.0,370.0,536.0,314.0,0,0,0,0
0.0,0,0,479.0,313.0,534.0,371.0,479.0,371.0,536.0,315.0,0,0,0,0
0.0,0,0,478.0,312.0,535.0,370.0,479.0,370.0,536.0,314.0,0,0,0,0
0.0,0,0,478.0,312.0,535.0,370.0,479.0,370.0,536.0,314.0,0,0,0,0
0.0,0,0,479.0,313.0,534.0,371.0,479.0,371.0,536.0,315.0,0,0,0,0
0.0,0,0,479.0,313.0,534.0,371.0,479.0,371.0,536.0,315.0,0,0,0,0
0.0,0,0,479.0,313.0,534.0,370.0,479.0,370.0,536.0,314.0,0,0,0,0
0.0,0,0,478.0,312.0,535.0,370.0,479.0,370.0,536.0,314.0,0,0,0,0
0.0,0,0,478.0,312.0,535.0,370.0,479.0,370.0,536.0,314.0,0,0,0,0
0.0,0,0,479.0,313.0,534.0,371.0,479.0,371.0,536.0,315.0,0,0,0,0
0.0,0,0,479.0,313.0,534.0,371.0,479.0,371.0,536.0,315.0,0,0,0,0
0.0,0,0,478.0,312.0,535.0,370.0,478.0,368.0,535.0,313.0,0,0,0,0
0.0,0,0,477.0,312.0,535.0,369.0,477.0,368.0,535.0,312.0,0,0,0,0
0.0,0,0,479.0,314.0,535.0,372.0,480.0,372.0,536.0,316.0,0,0,0,0
0.0,0,0,479.0,315.0,535.0,373.0,479.0,372.0,536.0,315.0,0,0,0,0
0.0,0,0,479.0,315.0,535.0,373.0,479.0,372.0,536.0,315.0,0,0,0,0
0.0,0,0,478.0,312.0,535.0,370.0,478.0,368.0,535.0,314.0,0,0,0,0
0.0,0,0,479.0,313.0,535.0,371.0,479.0,371.0,536.0,315.0,0,0,0,0
0.0,0,0,479.0,313.0,535.0,370.0,479.0,371.0,536.0,315.0,0,0,0,0
0.0,0,0,479.0,313.0,535.0,370.0,479.0,370.0,536.0,315.0,0,0,0,0
0.0,0,0,479.0,313.0,535.0,370.0,479.0,370.0,536.0,315.0,0,0,0,0
0.0,0,0,478.0,312.0,534.0,369.0,477.0,368.0,534.0,312.0,0,0,0,0
0.0,0,0,479.0,315.0,535.0,371.0,480.0,372.0,536.0,316.0,0,0,0,0
0.0,0,0,479.0,317.0,535.0,374.0,479.0,374.0,535.0,318.0,0,0,0,0
0.0,0,0,478.0,312.0,534.0,369.0,478.0,368.0,535.0,313.0,0,0,0,0
0.0,0,0,479.0,314.0,535.0,370.0,479.0,369.0,535.0,315.0,0,0,0,0
0.0,0,0,479.0,314.0,535.0,370.0,479.0,369.0,535.0,315.0,0,0,0,0
0.0,0,0,480.0,316.0,535.0,371.0,480.0,372.0,536.0,317.0,0,0,0,0
0.0,0,0,480.0,315.0,534.0,370.0,479.0,369.0,535.0,316.0,0,0,0,0
0.0,0,0,480.0,316.0,535.0,371.0,480.0,371.0,534.0,318.0,0,0,0,0
0.0,0,0,479.0,318.0,535.0,372.0,480.0,372.0,534.0,319.0,0,0,0,0
0.0,0,0,479.0,318.0,535.0,372.0,480.0,372.0,534.0,319.0,0,0,0,0
0.0,0,0,479.0,318.0,534.0,373.0,480.0,372.0,533.0,320.0,0,0,0,0
0.0,0,0,479.0,319.0,532.0,375.0,479.0,373.0,533.0,320.0,0,0,0,0
0.0,0,0,479.0,319.0,533.0,375.0,480.0,372.0,533.0,320.0,0,0,0,0
0.0,0,0,479.0,319.0,532.0,376.0,480.0,372.0,533.0,320.0,0,0,0,0
0.0,0,0,479.0,319.0,532.0,376.0,480.0,372.0,533.0,320.0,0,0,0,0
0.0,0,0,479.0,319.0,529.0,374.0,479.0,372.0,531.0,320.0,0,0,0,0
0.0,0,0,478.0,319.0,528.0,372.0,479.0,371.0,530.0,320.0,0,0,0,0
0.0,0,0,478.0,320.0,528.0,373.0,479.0,373.0,529.0,320.0,0,0,0,0
0.0,0,0,479.0,320.0,528.0,374.0,479.0,374.0,529.0,321.0,0,0,0,0
0.0,0,0,479.0,320.0,528.0,374.0,479.0,374.0,529.0,321.0,0,0,0,0
0.0,0,0,479.0,322.0,528.0,376.0,478.0,375.0,530.0,325.0,0,0,0,0
0.0,0,0,480.0,322.0,530.0,375.0,479.0,375.0,532.0,324.0,0,0,0,0
0.0,0,0,480.0,322.0,529.0,375.0,479.0,375.0,532.0,324.0,0,0,0,0
0.0,0,0,479.0,321.0,529.0,375.0,479.0,374.0,531.0,322.0,0,0,0,0
0.0,0,0,479.0,321.0,529.0,375.0,479.0,374.0,531.0,322.0,0,0,0,0
0.0,0,0,479.0,321.0,529.0,374.0,479.0,374.0,529.0,321.0,0,0,0,0
0.0,0,0,479.0,321.0,529.0,374.0,479.0,374.0,531.0,323.0,0,0,0,0
0.0,0,0,479.0,321.0,529.0,375.0,479.0,374.0,531.0,323.0,0,0,0,0
0.0,0,0,479.0,321.0,529.0,375.0,479.0,374.0,531.0,323.0,0,0,0,0
0.0,0,0,479.0,321.0,529.0,375.0,479.0,374.0,531.0,323.0,0,0,0,0
0.0,0,0,479.0,321.0,529.0,374.0,479.0,374.0,529.0,321.0,0,0,0,0
0.0,0,0,479.0,321.0,529.0,375.0,479.0,374.0,531.0,323.0,0,0,0,0
0.0,0,0,479.0,321.0,529.0,375.0,479.0,374.0,530.0,322.0,0,0,0,0
0.0,0,0,479.0,321.0,529.0,374.0,479.0,374.0,529.0,321.0,0,0,0,0
0.0,0,0,479.0,321.0,529.0,374.0,479.0,374.0,530.0,322.0,0,0,0,0
0.0,0,0,479.0,321.0,529.0,374.0,479.0,374.0,530.0,322.0,0,0,0,0
0.0,0,0,479.0,321.0,529.0,375.0,479.0,374.0,530.0,322.0,0,0,0,0
0.0,0,0,479.0,321.0,529.0,375.0,479.0,374.0,530.0,322.0,0,0,0,0
0.0,0,0,478.0,320.0,528.0,372.0,480.0,372.0,530.0,320.0,0,0,0,0
0.0,0,0,480.0,322.0,528.0,375.0,478.0,375.0,531.0,323.0,0,0,0,0
0.0,0,0,480.0,322.0,528.0,375.0,478.0,375.0,531.0,323.0,0,0,0,0
0.0,0,0,480.0,324.0,529.0,375.0,479.0,375.0,530.0,325.0,0,0,0,0
0.0,0,0,480.0,322.0,530.0,374.0,479.0,374.0,530.0,322.0,0,0,0,0
0.0,0,0,479.0,321.0,528.0,374.0,479.0,374.0,529.0,321.0,0,0,0,0
0.0,0,0,479.0,320.0,528.0,373.0,480.0,372.0,529.0,321.0,0,0,0,0
0.0,0,0,479.0,320.0,528.0,373.0,480.0,372.0,529.0,321.0,0,0,0,0
0.0,0,0,479.0,322.0,528.0,374.0,479.0,374.0,530.0,322.0,0,0,0,0
0.0,0,0,480.0,322.0,528.0,374.0,479.0,373.0,529.0,321.0,0,0,0,0
0.0,0,0,480.0,322.0,528.0,374.0,479.0,373.0,531.0,323.0,0,0,0,0
0.0,0,0,480.0,322.0,528.0,373.0,480.0,372.0,529.0,321.0,0,0,0,0
0.0,0,0,480.0,322.0,528.0,373.0,480.0,372.0,529.0,321.0,0,0,0,0
0.0,0,0,480.0,321.0,528.0,372.0,480.0,371.0,529.0,321.0,0,0,0,0
0.0,0,0,479.0,320.0,528.0,370.0,479.0,369.0,530.0,320.0,0,0,0,0
0.0,0,0,480.0,320.0,528.0,370.0,479.0,369.0,529.0,320.0,0,0,0,0
0.0,0,0,480.0,321.0,528.0,370.0,479.0,369.0,528.0,321.0,0,0,0,0
0.0,0,0,479.0,322.0,528.0,372.0,480.0,370.0,528.0,322.0,0,0,0,0
0.0,0,0,479.0,322.0,528.0,372.0,480.0,370.0,528.0,322.0,0,0,0,0
0.0,0,0,480.0,322.0,528.0,372.0,480.0,371.0,528.0,322.0,0,0,0,0
0.0,0,0,479.0,322.0,528.0,372.0,480.0,370.0,528.0,322.0,0,0,0,0
0.0,0,0,479.0,322.0,527.0,371.0,480.0,370.0,528.0,322.0,0,0,0,0
0.0,0,0,479.0,321.0,527.0,369.0,479.0,369.0,527.0,321.0,0,0,0,0
0.0,0,0,479.0,321.0,527.0,369.0,479.0,369.0,527.0,321.0,0,0,0,0
0.0,0,0,479.0,321.0,527.0,369.0,478.0,368.0,526.0,321.0,0,0,0,0
0.0,0,0,479.0,322.0,527.0,368.0,479.0,368.0,527.0,321.0,0,0,0,0
0.0,0,0,479.0,321.0,526.0,368.0,478.0,368.0,526.0,321.0,0,0,0,0
0.0,0,0,478.0,320.0,527.0,367.0,478.0,367.0,526.0,321.0,0,0,0,0
0.0,0,0,478.0,320.0,527.0,367.0,478.0,367.0,526.0,321.0,0,0,0,0
0.0,0,0,478.0,320.0,527.0,368.0,478.0,368.0,526.0,321.0,0,0,0,0
0.0,0,0,478.0,321.0,527.0,368.0,479.0,368.0,526.0,321.0,0,0,0,0
0.0,0,0,478.0,320.0,527.0,368.0,478.0,368.0,526.0,321.0,0,0,0,0
0.0,0,0,478.0,320.0,527.0,368.0,478.0,368.0,526.0,321.0,0,0,0,0
0.0,0,0,478.0,320.0,527.0,368.0,478.0,368.0,526.0,321.0,0,0,0,0
0.0,0,0,478.0,321.0,527.0,368.0,479.0,368.0,526.0,321.0,0,0,0,0
0.0,0,0,478.0,320.0,527.0,367.0,478.0,367.0,526.0,321.0,0,0,0,0
0.0,0,0,478.0,320.0,527.0,367.0,478.0,367.0,526.0,321.0,0,0,0,0
0.0,0,0,477.0,319.0,526.0,367.0,478.0,367.0,525.0,320.0,0,0,0,0
0.0,0,0,477.0,319.0,526.0,367.0,478.0,367.0,525.0,320.0,0,0,0,0
0.0,0,0,478.0,321.0,526.0,368.0,478.0,368.0,526.0,321.0,0,0,0,0
0.0,0,0,478.0,320.0,527.0,367.0,479.0,367.0,526.0,321.0,0,0,0,0
0.0,0,0,477.0,320.0,527.0,367.0,479.0,367.0,526.0,320.0,0,0,0,0
0.0,0,0,478.0,319.0,526.0,367.0,479.0,366.0,525.0,319.0,0,0,0,0
0.0,0,0,478.0,319.0,526.0,367.0,478.0,366.0,525.0,319.0,0,0,0,0
0.0,0,0,478.0,319.0,526.0,367.0,478.0,366.0,525.0,319.0,0,0,0,0
0.0,0,0,478.0,319.0,526.0,367.0,479.0,366.0,525.0,319.0,0,0,0,0
0.0,0,0,478.0,319.0,526.0,367.0,479.0,366.0,526.0,320.0,0,0,0,0
0.0,0,0,478.0,319.0,525.0,367.0,479.0,365.0,526.0,319.0,0,0,0,0
0.0,0,0,479.0,318.0,526.0,366.0,479.0,365.0,526.0,319.0,0,0,0,0
0.0,0,0,479.0,318.0,526.0,366.0,479.0,365.0,526.0,319.0,0,0,0,0
0.0,0,0,479.0,317.0,525.0,363.0,480.0,363.0,526.0,318.0,0,0,0,0
0.0,0,0,480.0,317.0,527.0,361.0,480.0,363.0,526.0,318.0,0,0,0,0
0.0,0,0,480.0,318.0,527.0,361.0,480.0,363.0,526.0,318.0,0,0,0,0
0.0,0,0,480.0,317.0,526.0,362.0,480.0,363.0,526.0,318.0,0,0,0,0
0.0,0,0,480.0,317.0,526.0,362.0,480.0,363.0,526.0,318.0,0,0,0,0
0.0,0,0,480.0,317.0,526.0,361.0,480.0,362.0,526.0,318.0,0,0,0,0
0.0,0,0,480.0,317.0,526.0,360.0,480.0,362.0,526.0,318.0,0,0,0,0
0.0,0,0,480.0,317.0,526.0,361.0,480.0,362.0,526.0,318.0,0,0,0,0
0.0,0,0,479.0,317.0,526.0,361.0,480.0,362.0,526.0,318.0,0,0,0,0
0.0,0,0,479.0,317.0,526.0,361.0,480.0,362.0,526.0,318.0,0,0,0,0
0.0,0,0,480.0,317.0,526.0,361.0,480.0,362.0,526.0,318.0,0,0,0,0
0.0,0,0,480.0,317.0,526.0,361.0,480.0,362.0,526.0,318.0,0,0,0,0
0.0,0,0,480.0,317.0,526.0,361.0,480.0,362.0,526.0,318.0,0,0,0,0
0.0,0,0,479.0,318.0,526.0,361.0,480.0,362.0,526.0,318.0,0,0,0,0
0.0,0,0,479.0,318.0,526.0,361.0,480.0,362.0,526.0,318.0,0,0,0,0
0.0,0,0,480.0,317.0,526.0,361.0,480.0,362.0,526.0,318.0,0,0,0,0
0.0,0,0,480.0,317.0,526.0,361.0,480.0,362.0,526.0,318.0,0,0,0,0
0.0,0,0,480.0,317.0,526.0,361.0,480.0,362.0,526.0,318.0,0,0,0,0
0.0,0,0,480.0,317.0,526.0,361.0,480.0,362.0,526.0,318.0,0,0,0,0
0.0,0,0,480.0,317.0,526.0,361.0,480.0,362.0,526.0,318.0,0,0,0,0
0.0,0,0,480.0,317.0,526.0,361.0,480.0,362.0,526.0,318.0,0,0,0,0
0.0,0,0,480.0,318.0,526.0,361.0,480.0,362.0,526.0,318.0,0,0,0,0
0.0,0,0,480.0,318.0,526.0,361.0,480.0,362.0,526.0,318.0,0,0,0,0
0.0,0,0,480.0,317.0,526.0,361.0,480.0,362.0,526.0,318.0,0,0,0,0
0.0,0,0,480.0,317.0,526.0,361.0,480.0,362.0,526.0,318.0,0,0,0,0
0.0,0,0,480.0,317.0,526.0,361.0,480.0,362.0,526.0,318.0,0,0,0,0
0.0,0,0,479.0,318.0,526.0,361.0,480.0,362.0,526.0,318.0,0,0,0,0
0.0,0,0,480.0,317.0,526.0,361.0,480.0,362.0,526.0,318.0,0,0,0,0
0.0,0,0,480.0,318.0,526.0,361.0,480.0,362.0,526.0,318.0,0,0,0,0
0.0,0,0,480.0,318.0,526.0,361.0,480.0,362.0,526.0,318.0,0,0,0,0
0.0,0,0,480.0,318.0,526.0,361.0,480.0,362.0,526.0,318.0,0,0,0,0
0.0,0,0,479.0,318.0,526.0,360.0,480.0,362.0,526.0,318.0,0,0,0,0
0.0,0,0,480.0,317.0,526.0,361.0,480.0,362.0,526.0,318.0,0,0,0,0
0.0,0,0,480.0,318.0,526.0,361.0,480.0,362.0,526.0,318.0,0,0,0,0
0.0,0,0,479.0,317.0,526.0,361.0,480.0,362.0,526.0,318.0,0,0,0,0
0.0,0,0,479.0,317.0,526.0,361.0,480.0,362.0,526.0,318.0,0,0,0,0
0.0,0,0,479.0,318.0,522.0,362.0,479.0,362.0,526.0,318.0,0,0,0,0
0.0,0,0,480.0,317.0,525.0,360.0,480.0,362.0,525.0,317.0,0,0,0,0
0.0,0,0,480.0,318.0,527.0,361.0,480.0,362.0,526.0,318.0,0,0,0,0
0.0,0,0,478.0,319.0,525.0,367.0,479.0,365.0,526.0,320.0,0,0,0,0
0.0,0,0,478.0,319.0,525.0,367.0,479.0,365.0,526.0,320.0,0,0,0,0
0.0,0,0,479.0,317.0,526.0,366.0,480.0,365.0,526.0,319.0,0,0,0,0
0.0,0,0,477.0,320.0,524.0,368.0,479.0,366.0,526.0,320.0,0,0,0,0
0.0,0,0,478.0,318.0,522.0,366.0,478.0,366.0,525.0,319.0,0,0,0,0
0.0,0,0,477.0,319.0,524.0,368.0,478.0,366.0,526.0,320.0,0,0,0,0
0.0,0,0,478.0,319.0,525.0,367.0,479.0,366.0,526.0,319.0,0,0,0,0
0.0,0,0,478.0,319.0,525.0,367.0,479.0,366.0,526.0,319.0,0,0,0,0
0.0,0,0,477.0,319.0,525.0,368.0,479.0,366.0,526.0,320.0,0,0,0,0
0.0,0,0,477.0,319.0,524.0,368.0,479.0,366.0,526.0,320.0,0,0,0,0
0.0,0,0,478.0,319.0,525.0,368.0,479.0,366.0,526.0,320.0,0,0,0,0
0.0,0,0,477.0,319.0,525.0,368.0,479.0,366.0,526.0,320.0,0,0,0,0
0.0,0,0,477.0,319.0,525.0,368.0,479.0,366.0,526.0,320.0,0,0,0,0
0.0,0,0,478.0,319.0,525.0,368.0,479.0,366.0,526.0,319.0,0,0,0,0
0.0,0,0,477.0,319.0,525.0,368.0,479.0,366.0,526.0,319.0,0,0,0,0
0.0,0,0,477.0,319.0,525.0,368.0,479.0,366.0,526.0,320.0,0,0,0,0
0.0,0,0,478.0,319.0,525.0,368.0,479.0,366.0,526.0,320.0,0,0,0,0
0.0,0,0,478.0,319.0,525.0,368.0,479.0,366.0,526.0,320.0,0,0,0,0
0.0,0,0,477.0,319.0,525.0,368.0,479.0,366.0,526.0,319.0,0,0,0,0
0.0,0,0,477.0,319.0,525.0,368.0,479.0,366.0,526.0,320.0,0,0,0,0
0.0,0,0,478.0,319.0,525.0,368.0,479.0,366.0,526.0,320.0,0,0,0,0
0.0,0,0,478.0,319.0,525.0,368.0,479.0,366.0,526.0,320.0,0,0,0,0
0.0,0,0,478.0,319.0,525.0,368.0,479.0,366.0,526.0,320.0,0,0,0,0
0.0,0,0,477.0,319.0,525.0,368.0,479.0,366.0,526.0,319.0,0,0,0,0
0.0,0,0,478.0,319.0,525.0,368.0,479.0,366.0,526.0,320.0,0,0,0,0
0.0,0,0,478.0,319.0,525.0,368.0,479.0,366.0,526.0,320.0,0,0,0,0
0.0,0,0,477.0,319.0,525.0,368.0,479.0,366.0,526.0,319.0,0,0,0,0
