Range_laser,Range_US,moving,IRx1,IRy1,IRx2,IRy2,IRx3,IRy3,IRx4,IRy4
0.0,0.0,0,403.0,240.0,399.0,439.0,596.0,444.0,603.0,246.0
449.0,0.0,0,402.0,241.0,398.0,439.0,596.0,444.0,603.0,246.0
449.0,0.0,0,403.0,240.0,399.0,439.0,596.0,444.0,603.0,246.0
451.0,0.0,0,403.0,240.0,399.0,439.0,596.0,444.0,603.0,246.0
450.0,0.0,0,403.0,240.0,399.0,439.0,596.0,444.0,603.0,246.0
461.0,0.0,0,403.0,240.0,399.0,439.0,596.0,444.0,603.0,245.0
461.0,0.0,0,402.0,241.0,399.0,439.0,596.0,444.0,603.0,246.0
454.0,0.0,0,403.0,241.0,399.0,439.0,596.0,444.0,603.0,246.0
454.0,0.0,0,403.0,240.0,399.0,439.0,596.0,444.0,603.0,246.0
454.0,0.0,0,403.0,241.0,398.0,439.0,596.0,445.0,603.0,246.0
453.0,0.0,0,403.0,240.0,399.0,439.0,596.0,444.0,603.0,246.0
455.0,0.0,0,403.0,240.0,399.0,439.0,596.0,444.0,603.0,246.0
455.0,0.0,0,403.0,240.0,399.0,439.0,596.0,444.0,603.0,246.0
455.0,0.0,0,403.0,240.0,399.0,439.0,596.0,444.0,603.0,246.0
456.0,0.0,0,402.0,241.0,399.0,439.0,596.0,444.0,603.0,246.0
455.0,0.0,0,403.0,241.0,399.0,439.0,596.0,445.0,603.0,246.0
455.0,0.0,0,403.0,240.0,399.0,439.0,596.0,444.0,603.0,246.0
455.0,0.0,0,403.0,241.0,399.0,439.0,596.0,444.0,603.0,246.0
455.0,0.0,0,403.0,240.0,399.0,439.0,596.0,444.0,603.0,246.0
455.0,0.0,0,403.0,240.0,399.0,439.0,596.0,444.0,603.0,246.0
456.0,0.0,0,403.0,240.0,399.0,439.0,596.0,444.0,603.0,246.0
457.0,0.0,0,403.0,240.0,399.0,439.0,596.0,444.0,603.0,246.0
456.0,0.0,0,403.0,240.0,399.0,439.0,596.0,444.0,603.0,246.0
456.0,0.0,0,403.0,240.0,399.0,439.0,596.0,444.0,603.0,246.0
456.0,0.0,0,403.0,240.0,399.0,439.0,596.0,444.0,603.0,246.0
456.0,0.0,0,402.0,241.0,399.0,439.0,596.0,444.0,603.0,246.0
455.0,0.0,0,403.0,240.0,399.0,439.0,596.0,444.0,603.0,246.0
454.0,0.0,0,403.0,241.0,399.0,439.0,596.0,444.0,603.0,246.0
457.0,0.0,0,403.0,240.0,399.0,439.0,596.0,444.0,603.0,246.0
457.0,0.0,0,403.0,240.0,399.0,439.0,596.0,444.0,603.0,246.0
457.0,0.0,0,403.0,240.0,399.0,439.0,596.0,444.0,603.0,246.0
457.0,0.0,0,451.0,264.0,448.0,372.0,555.0,376.0,559.0,268.0
849.0,0.0,0,451.0,264.0,448.0,373.0,555.0,376.0,559.0,268.0
850.0,0.0,0,451.0,264.0,448.0,372.0,555.0,376.0,559.0,268.0
849.0,0.0,0,451.0,264.0,448.0,372.0,556.0,375.0,559.0,268.0
849.0,0.0,0,451.0,264.0,448.0,372.0,556.0,375.0,559.0,268.0
859.0,0.0,0,451.0,264.0,448.0,372.0,556.0,375.0,559.0,268.0
859.0,0.0,0,451.0,264.0,448.0,372.0,555.0,375.0,559.0,268.0
858.0,0.0,0,451.0,264.0,448.0,372.0,555.0,375.0,559.0,268.0
850.0,0.0,0,451.0,264.0,448.0,373.0,555.0,375.0,559.0,268.0
850.0,0.0,0,451.0,264.0,448.0,372.0,555.0,375.0,559.0,268.0
850.0,0.0,0,451.0,264.0,448.0,373.0,555.0,375.0,559.0,268.0
850.0,0.0,0,451.0,264.0,448.0,372.0,555.0,375.0,559.0,268.0
852.0,0.0,0,451.0,264.0,448.0,373.0,555.0,375.0,559.0,268.0
852.0,0.0,0,451.0,264.0,448.0,372.0,555.0,375.0,559.0,268.0
852.0,0.0,0,460.0,268.0,459.0,348.0,539.0,350.0,542.0,270.0
1147.0,0.0,0,460.0,268.0,459.0,348.0,539.0,350.0,542.0,270.0
1147.0,0.0,0,460.0,268.0,458.0,348.0,539.0,350.0,542.0,270.0
1148.0,0.0,0,460.0,268.0,459.0,348.0,539.0,350.0,542.0,270.0
1147.0,0.0,0,460.0,268.0,459.0,348.0,539.0,350.0,542.0,271.0
1147.0,0.0,0,460.0,268.0,459.0,348.0,539.0,350.0,542.0,270.0
1147.0,0.0,0,460.0,268.0,458.0,349.0,539.0,351.0,542.0,271.0
1147.0,0.0,0,460.0,268.0,458.0,349.0,539.0,351.0,542.0,271.0
1146.0,0.0,0,460.0,268.0,459.0,348.0,539.0,351.0,542.0,271.0
1146.0,0.0,0,460.0,268.0,459.0,348.0,539.0,350.0,542.0,270.0
1147.0,0.0,0,460.0,268.0,459.0,348.0,539.0,351.0,542.0,271.0
1147.0,0.0,0,460.0,268.0,459.0,348.0,539.0,350.0,542.0,270.0
1147.0,0.0,0,460.0,268.0,459.0,348.0,539.0,350.0,542.0,270.0
1147.0,0.0,0,460.0,268.0,460.0,348.0,539.0,350.0,542.0,270.0
1147.0,0.0,0,460.0,268.0,459.0,348.0,539.0,350.0,542.0,270.0
