US1,US2,US3,US4
0,0,0,0
0,0,0,0
0,0,0,0
0,0,0,0
0,0,0,0
1.61099994183,1.53100001812,1.7009999752,1.70299994946
1.61099994183,1.53100001812,1.7009999752,1.70299994946
1.61099994183,1.53100001812,1.7009999752,1.70299994946
1.61099994183,1.53100001812,1.7009999752,1.70299994946
1.61099994183,1.53100001812,1.7009999752,1.70299994946
1.61000001431,1.52999997139,1.7009999752,1.70200002193
1.61000001431,1.52999997139,1.7009999752,1.70200002193
1.61000001431,1.52999997139,1.7009999752,1.70200002193
1.61000001431,1.52999997139,1.7009999752,1.70200002193
1.61000001431,1.52999997139,1.7009999752,1.70200002193
1.60000002384,1.52499997616,1.68799996376,1.69000005722
1.60000002384,1.52499997616,1.68799996376,1.69000005722
1.60000002384,1.52499997616,1.68799996376,1.69000005722
1.60000002384,1.52499997616,1.68799996376,1.69000005722
1.60000002384,1.52499997616,1.68799996376,1.69000005722
1.60000002384,1.52499997616,1.68799996376,1.69000005722
1.61300003529,1.53199994564,1.7009999752,1.70299994946
1.61300003529,1.53199994564,1.7009999752,1.70299994946
1.61300003529,1.53199994564,1.7009999752,1.70299994946
1.61300003529,1.53199994564,1.7009999752,1.70299994946
1.61300003529,1.53199994564,1.7009999752,1.70299994946
1.61199998856,1.53199994564,1.70000004768,1.70200002193
1.61199998856,1.53199994564,1.70000004768,1.70200002193
1.61199998856,1.53199994564,1.70000004768,1.70200002193
1.61199998856,1.53199994564,1.70000004768,1.70200002193
1.61199998856,1.53199994564,1.70000004768,1.70200002193
1.61300003529,1.53299999237,1.70200002193,1.70299994946
1.61300003529,1.53299999237,1.70200002193,1.70299994946
1.61300003529,1.53299999237,1.70200002193,1.70299994946
1.61300003529,1.53299999237,1.70200002193,1.70299994946
1.61300003529,1.53299999237,1.70200002193,1.70299994946
1.61300003529,1.53199994564,1.7009999752,1.70299994946
1.61300003529,1.53199994564,1.7009999752,1.70299994946
1.61300003529,1.53199994564,1.7009999752,1.70299994946
1.61300003529,1.53199994564,1.7009999752,1.70299994946
1.61300003529,1.53199994564,1.7009999752,1.70299994946
1.61300003529,1.53199994564,1.7009999752,1.70299994946
1.60000002384,1.52900004387,1.70000004768,1.70200002193
1.60000002384,1.52900004387,1.70000004768,1.70200002193
1.60000002384,1.52900004387,1.70000004768,1.70200002193
1.60000002384,1.52900004387,1.70000004768,1.70200002193
1.60000002384,1.52900004387,1.70000004768,1.70200002193
1.61199998856,1.52900004387,1.70000004768,1.70200002193
1.61199998856,1.52900004387,1.70000004768,1.70200002193
1.61199998856,1.52900004387,1.70000004768,1.70200002193
1.61199998856,1.52900004387,1.70000004768,1.70200002193
1.61199998856,1.52900004387,1.70000004768,1.70200002193
1.61000001431,1.52999997139,1.7009999752,1.70200002193
1.61000001431,1.52999997139,1.7009999752,1.70200002193
1.61000001431,1.52999997139,1.7009999752,1.70200002193
1.61000001431,1.52999997139,1.7009999752,1.70200002193
1.61000001431,1.52999997139,1.7009999752,1.70200002193
1.61699998379,1.53699994087,1.70799994469,1.70899999142
1.61699998379,1.53699994087,1.70799994469,1.70899999142
1.61699998379,1.53699994087,1.70799994469,1.70899999142
1.61699998379,1.53699994087,1.70799994469,1.70899999142
1.61699998379,1.53699994087,1.70799994469,1.70899999142
1.61699998379,1.53699994087,1.70799994469,1.70899999142
1.62999999523,1.54400002956,1.72099995613,1.71399998665
1.62999999523,1.54400002956,1.72099995613,1.71399998665
1.62999999523,1.54400002956,1.72099995613,1.71399998665
1.62999999523,1.54400002956,1.72099995613,1.71399998665
1.62999999523,1.54400002956,1.72099995613,1.71399998665
1.61899995804,1.53900003433,1.71399998665,1.70899999142
1.61899995804,1.53900003433,1.71399998665,1.70899999142
1.61899995804,1.53900003433,1.71399998665,1.70899999142
1.61899995804,1.53900003433,1.71399998665,1.70899999142
1.61899995804,1.53900003433,1.71399998665,1.70899999142
1.62399995327,1.53699994087,1.71800005436,1.72000002861
1.62399995327,1.53699994087,1.71800005436,1.72000002861
1.62399995327,1.53699994087,1.71800005436,1.72000002861
1.62399995327,1.53699994087,1.71800005436,1.72000002861
1.62399995327,1.53699994087,1.71800005436,1.72000002861
1.61800003052,1.5379999876,1.71300005913,1.71500003338
1.61800003052,1.5379999876,1.71300005913,1.71500003338
1.61800003052,1.5379999876,1.71300005913,1.71500003338
1.61800003052,1.5379999876,1.71300005913,1.71500003338
1.61800003052,1.5379999876,1.71300005913,1.71500003338
1.61800003052,1.5379999876,1.71300005913,1.71500003338
1.61899995804,1.54400002956,1.70700001717,1.70899999142
1.61899995804,1.54400002956,1.70700001717,1.70899999142
1.61899995804,1.54400002956,1.70700001717,1.70899999142
1.61899995804,1.54400002956,1.70700001717,1.70899999142
1.61899995804,1.54400002956,1.70700001717,1.70899999142
1.63600003719,1.5529999733,1.72399997711,1.72599995136
1.63600003719,1.5529999733,1.72399997711,1.72599995136
1.63600003719,1.5529999733,1.72399997711,1.72599995136
1.63600003719,1.5529999733,1.72399997711,1.72599995136
1.63600003719,1.5529999733,1.72399997711,1.72599995136
1.64300000668,1.56599998474,1.73699998856,1.73899996281
1.64300000668,1.56599998474,1.73699998856,1.73899996281
1.64300000668,1.56599998474,1.73699998856,1.73899996281
1.64300000668,1.56599998474,1.73699998856,1.73899996281
1.64300000668,1.56599998474,1.73699998856,1.73899996281
1.64300000668,1.56599998474,1.73699998856,1.73899996281
1.66499996185,1.58299994469,1.75300002098,1.75499999523
1.66499996185,1.58299994469,1.75300002098,1.75499999523
1.66499996185,1.58299994469,1.75300002098,1.75499999523
1.66499996185,1.58299994469,1.75300002098,1.75499999523
1.68099999428,1.60099995136,1.77199995518,1.76699995995
1.68099999428,1.60099995136,1.77199995518,1.76699995995
1.68099999428,1.60099995136,1.77199995518,1.76699995995
1.68099999428,1.60099995136,1.77199995518,1.76699995995
1.68099999428,1.60099995136,1.77199995518,1.76699995995
1.68099999428,1.60099995136,1.77199995518,1.76699995995
1.7009999752,1.61500000954,1.79799997807,1.79299998283
1.7009999752,1.61500000954,1.79799997807,1.79299998283
1.7009999752,1.61500000954,1.79799997807,1.79299998283
1.7009999752,1.61500000954,1.79799997807,1.79299998283
1.7009999752,1.61500000954,1.79799997807,1.79299998283
1.73099994659,1.64400005341,1.82799994946,1.82299995422
1.73099994659,1.64400005341,1.82799994946,1.82299995422
1.73099994659,1.64400005341,1.82799994946,1.82299995422
1.73099994659,1.64400005341,1.82799994946,1.82299995422
1.73099994659,1.64400005341,1.82799994946,1.82299995422
1.73099994659,1.64400005341,1.82799994946,1.82299995422
1.75499999523,1.66799998283,1.84500002861,1.84700000286
1.75499999523,1.66799998283,1.84500002861,1.84700000286
1.75499999523,1.66799998283,1.84500002861,1.84700000286
1.75499999523,1.66799998283,1.84500002861,1.84700000286
1.75499999523,1.66799998283,1.84500002861,1.84700000286
1.77699995041,1.6970000267,1.87999999523,1.875
1.77699995041,1.6970000267,1.87999999523,1.875
1.77699995041,1.6970000267,1.87999999523,1.875
1.77699995041,1.6970000267,1.87999999523,1.875
1.77699995041,1.6970000267,1.87999999523,1.875
1.81299996376,1.72599995136,1.9279999733,1.92299997807
1.81299996376,1.72599995136,1.9279999733,1.92299997807
1.81299996376,1.72599995136,1.9279999733,1.92299997807
1.81299996376,1.72599995136,1.9279999733,1.92299997807
1.81299996376,1.72599995136,1.9279999733,1.92299997807
1.84899997711,1.76300001144,1.94599997997,1.94799995422
1.84899997711,1.76300001144,1.94599997997,1.94799995422
1.84899997711,1.76300001144,1.94599997997,1.94799995422
1.84899997711,1.76300001144,1.94599997997,1.94799995422
1.84899997711,1.76300001144,1.94599997997,1.94799995422
1.84899997711,1.76300001144,1.94599997997,1.94799995422
1.88999998569,1.80400002003,2.01200008392,2.00699996948
1.88999998569,1.80400002003,2.01200008392,2.00699996948
1.88999998569,1.80400002003,2.01200008392,2.00699996948
1.88999998569,1.80400002003,2.01200008392,2.00699996948
1.88999998569,1.80400002003,2.01200008392,2.00699996948
1.92499995232,1.84500002861,2.0529999733,2.04800009727
1.92499995232,1.84500002861,2.0529999733,2.04800009727
1.92499995232,1.84500002861,2.0529999733,2.04800009727
1.92499995232,1.84500002861,2.0529999733,2.04800009727
1.92499995232,1.84500002861,2.0529999733,2.04800009727
1.96800005436,1.88699996471,2.08299994469,2.07800006866
1.96800005436,1.88699996471,2.08299994469,2.07800006866
1.96800005436,1.88699996471,2.08299994469,2.07800006866
1.96800005436,1.88699996471,2.08299994469,2.07800006866
1.96800005436,1.88699996471,2.08299994469,2.07800006866
2.02699995041,1.94000005722,2.15400004387,2.15599989891
2.02699995041,1.94000005722,2.15400004387,2.15599989891
2.02699995041,1.94000005722,2.15400004387,2.15599989891
2.02699995041,1.94000005722,2.15400004387,2.15599989891
2.02699995041,1.94000005722,2.15400004387,2.15599989891
2.06299996376,1.98199999332,2.19600009918,2.19799995422
2.06299996376,1.98199999332,2.19600009918,2.19799995422
2.06299996376,1.98199999332,2.19600009918,2.19799995422
2.06299996376,1.98199999332,2.19600009918,2.19799995422
2.06299996376,1.98199999332,2.19600009918,2.19799995422
2.06299996376,1.98199999332,2.19600009918,2.19799995422
2.12800002098,2.04200005531,2.25600004196,2.25099992752
2.12800002098,2.04200005531,2.25600004196,2.25099992752
2.12800002098,2.04200005531,2.25600004196,2.25099992752
2.12800002098,2.04200005531,2.25600004196,2.25099992752
2.12800002098,2.04200005531,2.25600004196,2.25099992752
2.17499995232,2.08899998665,2.30900001526,2.31100010872
2.17499995232,2.08899998665,2.30900001526,2.31100010872
2.17499995232,2.08899998665,2.30900001526,2.31100010872
2.17499995232,2.08899998665,2.30900001526,2.31100010872
2.17499995232,2.08899998665,2.30900001526,2.31100010872
2.22499990463,2.14199995995,2.36299991608,2.36400008202
2.22499990463,2.14199995995,2.36299991608,2.36400008202
2.22499990463,2.14199995995,2.36299991608,2.36400008202
2.22499990463,2.14199995995,2.36299991608,2.36400008202
2.22499990463,2.14199995995,2.36299991608,2.36400008202
2.30100011826,2.20600008965,2.48799991608,2.49000000954
2.30100011826,2.20600008965,2.48799991608,2.49000000954
2.30100011826,2.20600008965,2.48799991608,2.49000000954
2.30100011826,2.20600008965,2.48799991608,2.49000000954
2.30100011826,2.20600008965,2.48799991608,2.49000000954
2.30100011826,2.20600008965,2.48799991608,2.49000000954
2.33699989319,2.24799990654,2.56100010872,2.56299996376
2.33699989319,2.24799990654,2.56100010872,2.56299996376
2.33699989319,2.24799990654,2.56100010872,2.56299996376
2.33699989319,2.24799990654,2.56100010872,2.56299996376
2.33699989319,2.24799990654,2.56100010872,2.56299996376
2.42499995232,2.33200001717,2.84899997711,2.84400010109
2.42499995232,2.33200001717,2.84899997711,2.84400010109
2.42499995232,2.33200001717,2.84899997711,2.84400010109
2.42499995232,2.33200001717,2.84899997711,2.84400010109
2.42499995232,2.33200001717,2.84899997711,2.84400010109
2.49300003052,2.40000009537,3.09899997711,3.09999990463
2.49300003052,2.40000009537,3.09899997711,3.09999990463
2.49300003052,2.40000009537,3.09899997711,3.09999990463
2.49300003052,2.40000009537,3.09899997711,3.09999990463
2.49300003052,2.40000009537,3.09899997711,3.09999990463
2.49300003052,2.40000009537,3.09899997711,3.09999990463
