Range_laser,Range_US,moving,IRx1,IRy1,IRx2,IRy2,IRx3,IRy3,IRx4,IRy4
0.0,0.0,0,0,0,0,0,0,0,0
0.0,0.0,0,0,0,0,0,0,0,0
0.0,0.0,0,0,0,0,0,0,0,0
0.0,0.0,0,0,0,0,0,0,0,0
0.0,0.0,0,0,0,0,0,0,0,0
0.0,0.0,0,603.0,110.0,598.0,248.0,463.0,106.0,459.0
0.0,0.0,1,603.0,110.0,598.0,248.0,463.0,106.0,459.0
661.0,0.0,1,603.0,110.0,598.0,248.0,463.0,106.0,459.0
661.0,0.0,1,603.0,110.0,598.0,248.0,463.0,106.0,459.0
661.0,0.0,1,603.0,110.0,598.0,248.0,463.0,106.0,459.0
661.0,0.0,1,603.0,111.0,597.0,249.0,463.0,106.0,459.0
661.0,0.0,1,603.0,111.0,597.0,249.0,463.0,106.0,459.0
661.0,0.0,1,603.0,111.0,597.0,249.0,463.0,106.0,459.0
661.0,0.0,1,603.0,111.0,597.0,249.0,463.0,106.0,459.0
662.0,0.0,1,603.0,111.0,597.0,249.0,463.0,106.0,459.0
662.0,0.0,1,603.0,111.0,597.0,249.0,463.0,106.0,459.0
662.0,0.0,1,603.0,111.0,597.0,249.0,463.0,107.0,459.0
662.0,0.0,1,603.0,111.0,597.0,249.0,463.0,107.0,459.0
662.0,0.0,1,603.0,111.0,597.0,249.0,463.0,107.0,459.0
662.0,0.0,1,603.0,111.0,597.0,249.0,463.0,107.0,459.0
662.0,0.0,1,603.0,111.0,597.0,249.0,463.0,107.0,459.0
662.0,0.0,1,603.0,111.0,597.0,249.0,463.0,106.0,459.0
662.0,0.0,1,603.0,111.0,597.0,249.0,463.0,106.0,459.0
662.0,0.0,1,603.0,111.0,597.0,249.0,463.0,106.0,459.0
662.0,0.0,1,603.0,111.0,597.0,249.0,463.0,106.0,459.0
661.0,0.0,1,603.0,111.0,597.0,249.0,463.0,106.0,459.0
661.0,0.0,1,603.0,110.0,598.0,248.0,463.0,106.0,459.0
661.0,0.0,1,603.0,110.0,598.0,248.0,463.0,106.0,459.0
661.0,0.0,1,603.0,110.0,598.0,248.0,463.0,106.0,459.0
661.0,0.0,1,603.0,110.0,598.0,248.0,463.0,106.0,459.0
661.0,0.0,1,603.0,110.0,598.0,248.0,463.0,106.0,459.0
661.0,0.0,1,603.0,111.0,597.0,249.0,463.0,107.0,459.0
661.0,0.0,1,603.0,111.0,597.0,249.0,463.0,107.0,459.0
661.0,0.0,1,603.0,111.0,597.0,249.0,463.0,107.0,459.0
661.0,0.0,1,603.0,111.0,597.0,249.0,463.0,107.0,459.0
661.0,0.0,1,603.0,111.0,597.0,249.0,463.0,107.0,459.0
661.0,0.0,1,603.0,111.0,597.0,249.0,463.0,107.0,459.0
662.0,0.0,1,603.0,111.0,597.0,249.0,463.0,107.0,459.0
662.0,0.0,1,603.0,111.0,597.0,249.0,463.0,107.0,459.0
662.0,0.0,1,603.0,111.0,597.0,249.0,463.0,107.0,459.0
662.0,0.0,1,603.0,111.0,597.0,249.0,463.0,107.0,459.0
662.0,0.0,1,603.0,111.0,597.0,249.0,463.0,107.0,459.0
662.0,0.0,1,603.0,111.0,598.0,249.0,463.0,107.0,459.0
662.0,0.0,1,603.0,111.0,598.0,249.0,463.0,107.0,459.0
662.0,0.0,1,603.0,111.0,598.0,249.0,463.0,107.0,459.0
662.0,0.0,1,603.0,111.0,598.0,249.0,463.0,107.0,459.0
662.0,0.0,1,603.0,111.0,598.0,249.0,463.0,107.0,459.0
662.0,0.0,1,604.0,110.0,598.0,249.0,463.0,106.0,459.0
662.0,0.0,1,604.0,110.0,598.0,249.0,463.0,106.0,459.0
662.0,0.0,1,604.0,110.0,598.0,249.0,463.0,106.0,459.0
662.0,0.0,1,604.0,110.0,598.0,249.0,463.0,106.0,459.0
662.0,0.0,1,604.0,110.0,598.0,249.0,463.0,106.0,459.0
662.0,0.0,1,604.0,110.0,598.0,249.0,463.0,106.0,459.0
662.0,0.0,1,604.0,110.0,598.0,248.0,463.0,106.0,459.0
662.0,0.0,1,604.0,110.0,598.0,248.0,463.0,106.0,459.0
662.0,0.0,1,604.0,110.0,598.0,248.0,463.0,106.0,459.0
662.0,0.0,1,604.0,110.0,598.0,248.0,463.0,106.0,459.0
662.0,0.0,1,604.0,110.0,598.0,248.0,463.0,106.0,459.0
662.0,0.0,1,603.0,111.0,597.0,249.0,463.0,107.0,459.0
662.0,0.0,1,603.0,111.0,597.0,249.0,463.0,107.0,459.0
662.0,0.0,1,603.0,111.0,597.0,249.0,463.0,107.0,459.0
662.0,0.0,1,603.0,111.0,597.0,249.0,463.0,107.0,459.0
662.0,0.0,1,603.0,111.0,597.0,249.0,463.0,107.0,459.0
662.0,0.0,1,604.0,110.0,598.0,249.0,463.0,107.0,459.0
662.0,0.0,1,604.0,110.0,598.0,249.0,463.0,107.0,459.0
662.0,0.0,1,604.0,110.0,598.0,249.0,463.0,107.0,459.0
662.0,0.0,1,604.0,110.0,598.0,249.0,463.0,107.0,459.0
662.0,0.0,1,604.0,110.0,598.0,249.0,463.0,107.0,459.0
662.0,0.0,1,604.0,110.0,598.0,249.0,463.0,107.0,459.0
662.0,0.0,1,604.0,110.0,598.0,249.0,463.0,106.0,459.0
662.0,0.0,1,604.0,110.0,598.0,249.0,463.0,106.0,459.0
662.0,0.0,1,604.0,110.0,598.0,249.0,463.0,106.0,459.0
662.0,0.0,1,604.0,110.0,598.0,249.0,463.0,106.0,459.0
662.0,0.0,1,604.0,110.0,598.0,249.0,463.0,106.0,459.0
662.0,0.0,1,604.0,110.0,598.0,248.0,463.0,106.0,459.0
662.0,0.0,1,604.0,110.0,598.0,248.0,463.0,106.0,459.0
662.0,0.0,1,604.0,110.0,598.0,248.0,463.0,106.0,459.0
662.0,0.0,1,604.0,110.0,598.0,248.0,463.0,106.0,459.0
662.0,0.0,1,604.0,110.0,598.0,248.0,463.0,106.0,459.0
662.0,0.0,1,604.0,110.0,598.0,248.0,463.0,106.0,459.0
662.0,0.0,1,604.0,110.0,598.0,248.0,463.0,106.0,459.0
662.0,0.0,1,604.0,110.0,598.0,248.0,463.0,106.0,459.0
662.0,0.0,1,604.0,110.0,598.0,248.0,463.0,106.0,459.0
662.0,0.0,1,604.0,110.0,598.0,248.0,463.0,106.0,459.0
662.0,0.0,1,604.0,110.0,598.0,248.0,463.0,106.0,459.0
662.0,0.0,1,604.0,110.0,598.0,248.0,463.0,106.0,459.0
662.0,0.0,1,604.0,110.0,598.0,248.0,463.0,106.0,459.0
662.0,0.0,1,604.0,110.0,598.0,248.0,463.0,106.0,459.0
662.0,0.0,1,604.0,110.0,598.0,248.0,463.0,106.0,459.0
662.0,0.0,1,604.0,110.0,598.0,248.0,463.0,106.0,459.0
662.0,0.0,1,604.0,110.0,598.0,248.0,463.0,106.0,459.0
662.0,0.0,1,604.0,110.0,598.0,248.0,463.0,106.0,459.0
662.0,0.0,1,604.0,110.0,598.0,248.0,463.0,106.0,459.0
662.0,0.0,1,604.0,110.0,598.0,248.0,463.0,106.0,459.0
662.0,0.0,1,604.0,110.0,598.0,248.0,463.0,106.0,459.0
662.0,0.0,1,604.0,110.0,598.0,248.0,463.0,106.0,459.0
662.0,0.0,1,604.0,110.0,598.0,248.0,463.0,106.0,459.0
663.0,0.0,1,604.0,110.0,598.0,248.0,463.0,106.0,459.0
663.0,0.0,1,604.0,110.0,598.0,248.0,463.0,106.0,459.0
663.0,0.0,1,604.0,110.0,598.0,248.0,463.0,106.0,459.0
663.0,0.0,1,604.0,110.0,598.0,248.0,463.0,106.0,459.0
663.0,0.0,1,604.0,110.0,598.0,248.0,463.0,106.0,459.0
663.0,0.0,1,604.0,110.0,598.0,248.0,463.0,106.0,459.0
662.0,0.0,1,604.0,110.0,598.0,248.0,463.0,106.0,459.0
662.0,0.0,1,604.0,110.0,598.0,248.0,463.0,106.0,459.0
662.0,0.0,1,604.0,110.0,598.0,248.0,463.0,106.0,459.0
662.0,0.0,1,603.0,110.0,598.0,248.0,463.0,106.0,459.0
662.0,0.0,1,603.0,110.0,598.0,248.0,463.0,106.0,459.0
662.0,0.0,1,603.0,110.0,598.0,248.0,463.0,106.0,459.0
662.0,0.0,1,603.0,110.0,598.0,248.0,463.0,106.0,459.0
662.0,0.0,1,603.0,110.0,598.0,248.0,463.0,106.0,459.0
662.0,0.0,1,603.0,110.0,598.0,248.0,463.0,106.0,459.0
662.0,0.0,1,603.0,110.0,598.0,248.0,463.0,106.0,459.0
662.0,0.0,1,603.0,110.0,598.0,248.0,463.0,106.0,459.0
662.0,0.0,1,603.0,110.0,598.0,248.0,463.0,106.0,459.0
662.0,0.0,1,603.0,110.0,598.0,248.0,463.0,106.0,459.0
662.0,0.0,1,603.0,111.0,598.0,248.0,463.0,106.0,459.0
662.0,0.0,1,603.0,111.0,598.0,248.0,463.0,106.0,459.0
662.0,0.0,1,603.0,111.0,598.0,248.0,463.0,106.0,459.0
662.0,0.0,1,603.0,111.0,598.0,248.0,463.0,106.0,459.0
662.0,0.0,1,603.0,111.0,598.0,248.0,463.0,106.0,459.0
662.0,0.0,1,603.0,111.0,598.0,248.0,463.0,106.0,459.0
662.0,0.0,1,604.0,110.0,598.0,248.0,463.0,106.0,459.0
662.0,0.0,1,604.0,110.0,598.0,248.0,463.0,106.0,459.0
662.0,0.0,1,604.0,110.0,598.0,248.0,463.0,106.0,459.0
662.0,0.0,1,604.0,110.0,598.0,248.0,463.0,106.0,459.0
662.0,0.0,1,604.0,110.0,598.0,248.0,463.0,106.0,459.0
662.0,0.0,1,603.0,110.0,598.0,248.0,463.0,106.0,459.0
662.0,0.0,1,603.0,110.0,598.0,248.0,463.0,106.0,459.0
662.0,0.0,1,603.0,110.0,598.0,248.0,463.0,106.0,459.0
662.0,0.0,1,603.0,110.0,598.0,248.0,463.0,106.0,459.0
662.0,0.0,1,603.0,110.0,598.0,248.0,463.0,106.0,459.0
662.0,0.0,1,603.0,110.0,598.0,248.0,463.0,106.0,459.0
662.0,0.0,1,603.0,110.0,598.0,248.0,463.0,106.0,459.0
662.0,0.0,1,603.0,110.0,598.0,248.0,463.0,106.0,459.0
662.0,0.0,1,603.0,110.0,598.0,248.0,463.0,106.0,459.0
662.0,0.0,1,603.0,110.0,598.0,248.0,463.0,106.0,459.0
662.0,0.0,1,603.0,110.0,598.0,248.0,463.0,106.0,459.0
662.0,0.0,1,603.0,111.0,597.0,249.0,463.0,107.0,459.0
662.0,0.0,1,603.0,111.0,597.0,249.0,463.0,107.0,459.0
662.0,0.0,1,603.0,111.0,597.0,249.0,463.0,107.0,459.0
662.0,0.0,1,603.0,111.0,597.0,249.0,463.0,107.0,459.0
662.0,0.0,1,603.0,111.0,597.0,249.0,463.0,107.0,459.0
662.0,0.0,1,603.0,111.0,597.0,249.0,463.0,107.0,459.0
662.0,0.0,1,603.0,111.0,597.0,249.0,463.0,107.0,459.0
662.0,0.0,1,603.0,111.0,597.0,249.0,463.0,107.0,459.0
662.0,0.0,1,603.0,111.0,597.0,249.0,463.0,107.0,459.0
662.0,0.0,1,603.0,111.0,597.0,249.0,463.0,107.0,459.0
662.0,0.0,1,603.0,111.0,598.0,248.0,463.0,106.0,459.0
662.0,0.0,1,603.0,111.0,598.0,248.0,463.0,106.0,459.0
662.0,0.0,1,603.0,111.0,598.0,248.0,463.0,106.0,459.0
663.0,0.0,1,603.0,111.0,598.0,248.0,463.0,106.0,459.0
663.0,0.0,1,603.0,111.0,598.0,248.0,463.0,106.0,459.0
663.0,0.0,1,603.0,111.0,598.0,248.0,463.0,106.0,459.0
663.0,0.0,1,603.0,110.0,598.0,248.0,463.0,106.0,459.0
663.0,0.0,1,603.0,110.0,598.0,248.0,463.0,106.0,459.0
663.0,0.0,1,603.0,110.0,598.0,248.0,463.0,106.0,459.0
663.0,0.0,1,603.0,110.0,598.0,248.0,463.0,106.0,459.0
663.0,0.0,1,603.0,110.0,598.0,248.0,463.0,106.0,459.0
663.0,0.0,1,603.0,111.0,597.0,249.0,463.0,107.0,459.0
663.0,0.0,1,603.0,111.0,597.0,249.0,463.0,107.0,459.0
663.0,0.0,1,603.0,111.0,597.0,249.0,463.0,107.0,459.0
663.0,0.0,1,603.0,111.0,597.0,249.0,463.0,107.0,459.0
663.0,0.0,1,603.0,111.0,597.0,249.0,463.0,107.0,459.0
663.0,0.0,1,603.0,111.0,597.0,249.0,463.0,107.0,459.0
663.0,0.0,1,603.0,111.0,597.0,249.0,463.0,107.0,459.0
663.0,0.0,1,603.0,111.0,597.0,249.0,463.0,107.0,459.0
663.0,0.0,1,603.0,111.0,597.0,249.0,463.0,107.0,459.0
663.0,0.0,1,603.0,111.0,597.0,249.0,463.0,107.0,459.0
663.0,0.0,1,603.0,111.0,598.0,249.0,463.0,107.0,459.0
663.0,0.0,1,603.0,111.0,598.0,249.0,463.0,107.0,459.0
663.0,0.0,1,603.0,111.0,598.0,249.0,463.0,107.0,459.0
663.0,0.0,1,603.0,111.0,598.0,249.0,463.0,107.0,459.0
663.0,0.0,1,603.0,111.0,598.0,249.0,463.0,107.0,459.0
663.0,0.0,1,603.0,111.0,598.0,249.0,463.0,107.0,459.0
663.0,0.0,1,604.0,110.0,598.0,249.0,463.0,106.0,459.0
663.0,0.0,1,604.0,110.0,598.0,249.0,463.0,106.0,459.0
663.0,0.0,1,604.0,110.0,598.0,249.0,463.0,106.0,459.0
663.0,0.0,1,604.0,110.0,598.0,249.0,463.0,106.0,459.0
663.0,0.0,1,604.0,110.0,598.0,249.0,463.0,106.0,459.0
663.0,0.0,1,604.0,110.0,598.0,249.0,463.0,107.0,459.0
662.0,0.0,1,604.0,110.0,598.0,249.0,463.0,107.0,459.0
662.0,0.0,1,604.0,110.0,598.0,249.0,463.0,107.0,459.0
662.0,0.0,1,604.0,110.0,598.0,249.0,463.0,107.0,459.0
662.0,0.0,1,604.0,110.0,598.0,249.0,463.0,107.0,459.0
662.0,0.0,1,603.0,111.0,598.0,249.0,463.0,107.0,459.0
662.0,0.0,1,603.0,111.0,598.0,249.0,463.0,107.0,459.0
663.0,0.0,1,603.0,111.0,598.0,249.0,463.0,107.0,459.0
663.0,0.0,1,603.0,111.0,598.0,249.0,463.0,107.0,459.0
663.0,0.0,1,603.0,111.0,598.0,249.0,463.0,107.0,459.0
663.0,0.0,1,603.0,111.0,598.0,249.0,463.0,107.0,459.0
663.0,0.0,1,604.0,110.0,598.0,249.0,463.0,107.0,459.0
663.0,0.0,1,604.0,110.0,598.0,249.0,463.0,107.0,459.0
663.0,0.0,1,604.0,110.0,598.0,249.0,463.0,107.0,459.0
663.0,0.0,1,604.0,110.0,598.0,249.0,463.0,107.0,459.0
663.0,0.0,1,604.0,110.0,598.0,249.0,463.0,107.0,459.0
663.0,0.0,1,604.0,110.0,598.0,249.0,463.0,107.0,459.0
663.0,0.0,1,604.0,110.0,598.0,248.0,463.0,106.0,459.0
663.0,0.0,1,604.0,110.0,598.0,248.0,463.0,106.0,459.0
663.0,0.0,1,604.0,110.0,598.0,248.0,463.0,106.0,459.0
663.0,0.0,1,604.0,110.0,598.0,248.0,463.0,106.0,459.0
663.0,0.0,1,604.0,110.0,598.0,248.0,463.0,106.0,459.0
663.0,0.0,1,604.0,110.0,598.0,248.0,463.0,106.0,459.0
663.0,0.0,1,604.0,110.0,598.0,248.0,463.0,106.0,459.0
663.0,0.0,1,604.0,110.0,598.0,248.0,463.0,106.0,459.0
663.0,0.0,1,604.0,110.0,598.0,248.0,463.0,106.0,459.0
663.0,0.0,1,604.0,110.0,598.0,248.0,463.0,106.0,459.0
663.0,0.0,1,604.0,110.0,598.0,248.0,463.0,106.0,459.0
663.0,0.0,1,604.0,110.0,598.0,248.0,463.0,106.0,459.0
663.0,0.0,1,604.0,110.0,598.0,248.0,463.0,106.0,459.0
663.0,0.0,1,604.0,110.0,598.0,248.0,463.0,106.0,459.0
663.0,0.0,1,604.0,110.0,598.0,248.0,463.0,106.0,459.0
663.0,0.0,1,603.0,110.0,598.0,249.0,463.0,106.0,459.0
663.0,0.0,1,603.0,110.0,598.0,249.0,463.0,106.0,459.0
663.0,0.0,1,603.0,110.0,598.0,249.0,463.0,106.0,459.0
663.0,0.0,1,603.0,110.0,598.0,249.0,463.0,106.0,459.0
663.0,0.0,1,603.0,110.0,598.0,249.0,463.0,106.0,459.0
663.0,0.0,1,604.0,110.0,598.0,248.0,463.0,106.0,459.0
663.0,0.0,1,604.0,110.0,598.0,248.0,463.0,106.0,459.0
663.0,0.0,1,604.0,110.0,598.0,248.0,463.0,106.0,459.0
663.0,0.0,1,604.0,110.0,598.0,248.0,463.0,106.0,459.0
663.0,0.0,1,604.0,110.0,598.0,248.0,463.0,106.0,459.0
663.0,0.0,1,604.0,110.0,598.0,248.0,463.0,106.0,459.0
663.0,0.0,1,604.0,110.0,598.0,248.0,463.0,106.0,459.0
663.0,0.0,1,604.0,110.0,598.0,248.0,463.0,106.0,459.0
663.0,0.0,1,604.0,110.0,598.0,248.0,463.0,106.0,459.0
663.0,0.0,1,604.0,110.0,598.0,248.0,463.0,106.0,459.0
663.0,0.0,1,604.0,110.0,598.0,248.0,463.0,106.0,459.0
663.0,0.0,1,604.0,110.0,598.0,248.0,463.0,106.0,459.0
663.0,0.0,1,604.0,110.0,598.0,248.0,463.0,106.0,459.0
663.0,0.0,1,604.0,110.0,598.0,248.0,463.0,106.0,459.0
663.0,0.0,1,604.0,110.0,598.0,248.0,463.0,106.0,459.0
663.0,0.0,1,604.0,110.0,598.0,248.0,463.0,106.0,459.0
663.0,0.0,1,603.0,110.0,598.0,248.0,463.0,106.0,459.0
663.0,0.0,1,603.0,110.0,598.0,248.0,463.0,106.0,459.0
662.0,0.0,1,603.0,110.0,598.0,248.0,463.0,106.0,459.0
662.0,0.0,1,603.0,110.0,598.0,248.0,463.0,106.0,459.0
662.0,0.0,1,603.0,110.0,598.0,248.0,463.0,106.0,459.0
662.0,0.0,1,603.0,110.0,598.0,248.0,463.0,106.0,459.0
662.0,0.0,1,603.0,110.0,598.0,248.0,463.0,106.0,459.0
662.0,0.0,1,603.0,110.0,598.0,248.0,463.0,106.0,459.0
663.0,0.0,1,603.0,110.0,598.0,248.0,463.0,106.0,459.0
663.0,0.0,1,603.0,110.0,598.0,248.0,463.0,106.0,459.0
663.0,0.0,1,603.0,110.0,598.0,248.0,463.0,106.0,459.0
663.0,0.0,1,604.0,110.0,598.0,248.0,463.0,106.0,459.0
663.0,0.0,1,604.0,110.0,598.0,248.0,463.0,106.0,459.0
663.0,0.0,1,604.0,110.0,598.0,248.0,463.0,106.0,459.0
663.0,0.0,1,604.0,110.0,598.0,248.0,463.0,106.0,459.0
663.0,0.0,1,604.0,110.0,598.0,248.0,463.0,106.0,459.0
663.0,0.0,1,603.0,110.0,598.0,248.0,463.0,106.0,459.0
663.0,0.0,1,603.0,110.0,598.0,248.0,463.0,106.0,459.0
663.0,0.0,1,603.0,110.0,598.0,248.0,463.0,106.0,459.0
663.0,0.0,1,603.0,110.0,598.0,248.0,463.0,106.0,459.0
673.0,0.0,1,603.0,110.0,598.0,248.0,463.0,106.0,459.0
673.0,0.0,1,603.0,110.0,598.0,248.0,463.0,106.0,459.0
673.0,0.0,1,603.0,110.0,598.0,248.0,463.0,106.0,459.0
673.0,0.0,1,603.0,110.0,598.0,248.0,463.0,106.0,459.0
673.0,0.0,1,603.0,110.0,598.0,248.0,463.0,106.0,459.0
673.0,0.0,1,603.0,110.0,598.0,248.0,463.0,106.0,459.0
662.0,0.0,1,603.0,110.0,598.0,248.0,463.0,106.0,459.0
662.0,0.0,1,603.0,110.0,598.0,248.0,463.0,106.0,459.0
662.0,0.0,1,603.0,110.0,598.0,248.0,463.0,106.0,459.0
662.0,0.0,1,603.0,110.0,598.0,248.0,463.0,106.0,459.0
662.0,0.0,1,603.0,110.0,598.0,248.0,463.0,106.0,459.0
662.0,0.0,1,603.0,110.0,598.0,248.0,463.0,106.0,459.0
663.0,0.0,1,604.0,110.0,598.0,248.0,463.0,106.0,459.0
663.0,0.0,1,604.0,110.0,598.0,248.0,463.0,106.0,459.0
663.0,0.0,1,604.0,110.0,598.0,248.0,463.0,106.0,459.0
663.0,0.0,1,604.0,110.0,598.0,248.0,463.0,106.0,459.0
663.0,0.0,1,604.0,110.0,598.0,248.0,463.0,106.0,459.0
663.0,0.0,1,603.0,110.0,598.0,248.0,463.0,106.0,459.0
663.0,0.0,1,603.0,110.0,598.0,248.0,463.0,106.0,459.0
663.0,0.0,1,603.0,110.0,598.0,248.0,463.0,106.0,459.0
663.0,0.0,1,603.0,110.0,598.0,248.0,463.0,106.0,459.0
663.0,0.0,1,603.0,110.0,598.0,248.0,463.0,106.0,459.0
663.0,0.0,1,603.0,110.0,598.0,248.0,463.0,106.0,459.0
663.0,0.0,1,603.0,110.0,598.0,248.0,463.0,106.0,459.0
663.0,0.0,1,603.0,110.0,598.0,248.0,463.0,106.0,459.0
663.0,0.0,1,603.0,110.0,598.0,248.0,463.0,106.0,459.0
663.0,0.0,1,603.0,110.0,598.0,248.0,463.0,106.0,459.0
663.0,0.0,1,603.0,110.0,598.0,248.0,463.0,106.0,459.0
663.0,0.0,1,603.0,110.0,598.0,248.0,463.0,106.0,459.0
663.0,0.0,1,603.0,110.0,598.0,248.0,463.0,106.0,459.0
663.0,0.0,1,603.0,110.0,598.0,248.0,463.0,106.0,459.0
662.0,0.0,1,603.0,110.0,598.0,248.0,463.0,106.0,459.0
662.0,0.0,1,603.0,110.0,598.0,248.0,463.0,106.0,459.0
662.0,0.0,1,603.0,111.0,597.0,249.0,463.0,107.0,459.0
662.0,0.0,1,603.0,111.0,597.0,249.0,463.0,107.0,459.0
662.0,0.0,1,603.0,111.0,597.0,249.0,463.0,107.0,459.0
662.0,0.0,1,603.0,111.0,597.0,249.0,463.0,107.0,459.0
662.0,0.0,1,603.0,111.0,597.0,249.0,463.0,107.0,459.0
662.0,0.0,1,603.0,111.0,597.0,249.0,463.0,107.0,459.0
662.0,0.0,1,603.0,110.0,598.0,248.0,463.0,106.0,459.0
662.0,0.0,1,603.0,110.0,598.0,248.0,463.0,106.0,459.0
662.0,0.0,1,603.0,110.0,598.0,248.0,463.0,106.0,459.0
663.0,0.0,1,603.0,110.0,598.0,248.0,463.0,106.0,459.0
663.0,0.0,1,603.0,110.0,598.0,248.0,463.0,106.0,459.0
663.0,0.0,1,603.0,110.0,598.0,248.0,463.0,106.0,459.0
663.0,0.0,1,603.0,110.0,598.0,248.0,463.0,106.0,459.0
663.0,0.0,1,603.0,110.0,598.0,248.0,463.0,106.0,459.0
663.0,0.0,1,603.0,110.0,598.0,248.0,463.0,106.0,459.0
663.0,0.0,1,603.0,110.0,598.0,248.0,463.0,106.0,459.0
663.0,0.0,1,603.0,111.0,597.0,249.0,463.0,107.0,459.0
663.0,0.0,1,603.0,111.0,597.0,249.0,463.0,107.0,459.0
663.0,0.0,1,603.0,111.0,597.0,249.0,463.0,107.0,459.0
663.0,0.0,1,603.0,111.0,597.0,249.0,463.0,107.0,459.0
663.0,0.0,1,603.0,111.0,597.0,249.0,463.0,107.0,459.0
663.0,0.0,1,603.0,111.0,597.0,249.0,463.0,107.0,459.0
663.0,0.0,1,603.0,111.0,597.0,249.0,463.0,107.0,459.0
663.0,0.0,1,603.0,111.0,597.0,249.0,463.0,107.0,459.0
663.0,0.0,1,603.0,111.0,597.0,249.0,463.0,107.0,459.0
663.0,0.0,1,603.0,111.0,597.0,249.0,463.0,107.0,459.0
663.0,0.0,1,603.0,111.0,597.0,249.0,463.0,107.0,459.0
663.0,0.0,1,603.0,111.0,598.0,249.0,463.0,107.0,459.0
663.0,0.0,1,603.0,111.0,598.0,249.0,463.0,107.0,459.0
663.0,0.0,1,603.0,111.0,598.0,249.0,463.0,107.0,459.0
663.0,0.0,1,603.0,111.0,598.0,249.0,463.0,107.0,459.0
663.0,0.0,1,603.0,111.0,598.0,249.0,463.0,107.0,459.0
663.0,0.0,1,604.0,110.0,598.0,249.0,463.0,106.0,459.0
664.0,0.0,1,604.0,110.0,598.0,249.0,463.0,106.0,459.0
664.0,0.0,1,604.0,110.0,598.0,249.0,463.0,106.0,459.0
664.0,0.0,1,604.0,110.0,598.0,249.0,463.0,106.0,459.0
664.0,0.0,1,604.0,110.0,598.0,249.0,463.0,106.0,459.0
664.0,0.0,1,604.0,110.0,598.0,249.0,463.0,106.0,459.0
664.0,0.0,1,603.0,111.0,597.0,249.0,463.0,107.0,459.0
663.0,0.0,1,603.0,111.0,597.0,249.0,463.0,107.0,459.0
663.0,0.0,1,603.0,111.0,597.0,249.0,463.0,107.0,459.0
663.0,0.0,1,603.0,111.0,597.0,249.0,463.0,107.0,459.0
663.0,0.0,1,603.0,111.0,597.0,249.0,463.0,107.0,459.0
663.0,0.0,1,603.0,111.0,597.0,249.0,463.0,107.0,459.0
663.0,0.0,1,603.0,111.0,597.0,249.0,463.0,107.0,459.0
663.0,0.0,1,603.0,111.0,597.0,249.0,463.0,107.0,459.0
663.0,0.0,1,603.0,111.0,597.0,249.0,463.0,107.0,459.0
663.0,0.0,1,603.0,111.0,597.0,249.0,463.0,107.0,459.0
663.0,0.0,1,604.0,110.0,598.0,249.0,463.0,107.0,459.0
663.0,0.0,1,604.0,110.0,598.0,249.0,463.0,107.0,459.0
663.0,0.0,1,604.0,110.0,598.0,249.0,463.0,107.0,459.0
663.0,0.0,1,604.0,110.0,598.0,249.0,463.0,107.0,459.0
663.0,0.0,1,604.0,110.0,598.0,249.0,463.0,107.0,459.0
663.0,0.0,1,604.0,110.0,598.0,249.0,463.0,107.0,459.0
663.0,0.0,1,604.0,110.0,598.0,248.0,463.0,106.0,459.0
663.0,0.0,1,604.0,110.0,598.0,248.0,463.0,106.0,459.0
663.0,0.0,1,604.0,110.0,598.0,248.0,463.0,106.0,459.0
662.0,0.0,1,604.0,110.0,598.0,248.0,463.0,106.0,459.0
662.0,0.0,1,604.0,110.0,598.0,248.0,463.0,106.0,459.0
662.0,0.0,1,604.0,110.0,598.0,248.0,463.0,106.0,459.0
662.0,0.0,1,604.0,110.0,598.0,248.0,463.0,106.0,459.0
662.0,0.0,1,604.0,110.0,598.0,248.0,463.0,106.0,459.0
662.0,0.0,1,604.0,110.0,598.0,248.0,463.0,106.0,459.0
663.0,0.0,1,604.0,110.0,598.0,248.0,463.0,106.0,459.0
663.0,0.0,1,604.0,110.0,598.0,248.0,463.0,106.0,459.0
663.0,0.0,1,604.0,110.0,598.0,248.0,463.0,106.0,459.0
663.0,0.0,1,604.0,110.0,598.0,248.0,463.0,106.0,459.0
663.0,0.0,1,604.0,110.0,598.0,248.0,463.0,106.0,459.0
663.0,0.0,1,604.0,110.0,598.0,248.0,463.0,106.0,459.0
663.0,0.0,1,604.0,110.0,598.0,249.0,463.0,107.0,459.0
663.0,0.0,1,604.0,110.0,598.0,249.0,463.0,107.0,459.0
663.0,0.0,1,604.0,110.0,598.0,249.0,463.0,107.0,459.0
663.0,0.0,1,604.0,110.0,598.0,249.0,463.0,107.0,459.0
663.0,0.0,1,604.0,110.0,598.0,249.0,463.0,107.0,459.0
663.0,0.0,1,604.0,110.0,598.0,249.0,463.0,107.0,459.0
663.0,0.0,1,604.0,110.0,598.0,248.0,463.0,106.0,459.0
662.0,0.0,1,604.0,110.0,598.0,248.0,463.0,106.0,459.0
662.0,0.0,1,604.0,110.0,598.0,248.0,463.0,106.0,459.0
662.0,0.0,1,604.0,110.0,598.0,248.0,463.0,106.0,459.0
662.0,0.0,1,604.0,110.0,598.0,248.0,463.0,106.0,459.0
662.0,0.0,1,604.0,110.0,598.0,248.0,463.0,106.0,459.0
663.0,0.0,1,604.0,110.0,598.0,248.0,463.0,106.0,459.0
663.0,0.0,1,604.0,110.0,598.0,248.0,463.0,106.0,459.0
663.0,0.0,1,604.0,110.0,598.0,248.0,463.0,106.0,459.0
663.0,0.0,1,604.0,110.0,598.0,248.0,463.0,106.0,459.0
663.0,0.0,1,604.0,110.0,598.0,248.0,463.0,106.0,459.0
663.0,0.0,1,604.0,110.0,598.0,248.0,463.0,106.0,459.0
663.0,0.0,1,604.0,110.0,598.0,248.0,463.0,106.0,459.0
663.0,0.0,1,604.0,110.0,598.0,248.0,463.0,106.0,459.0
663.0,0.0,1,604.0,110.0,598.0,248.0,463.0,106.0,459.0
663.0,0.0,1,604.0,110.0,598.0,248.0,463.0,106.0,459.0
663.0,0.0,1,603.0,110.0,598.0,248.0,463.0,106.0,459.0
663.0,0.0,1,603.0,110.0,598.0,248.0,463.0,106.0,459.0
664.0,0.0,1,603.0,110.0,598.0,248.0,463.0,106.0,459.0
664.0,0.0,1,603.0,110.0,598.0,248.0,463.0,106.0,459.0
664.0,0.0,1,603.0,110.0,598.0,248.0,463.0,106.0,459.0
664.0,0.0,1,603.0,110.0,598.0,248.0,463.0,106.0,459.0
664.0,0.0,1,603.0,110.0,598.0,248.0,463.0,106.0,459.0
664.0,0.0,1,603.0,110.0,598.0,248.0,463.0,106.0,459.0
664.0,0.0,1,603.0,110.0,598.0,248.0,463.0,106.0,459.0
664.0,0.0,1,603.0,110.0,598.0,248.0,463.0,106.0,459.0
664.0,0.0,1,603.0,111.0,597.0,249.0,462.0,107.0,458.0
664.0,0.0,1,603.0,111.0,597.0,249.0,462.0,107.0,458.0
664.0,0.0,1,603.0,111.0,597.0,249.0,462.0,107.0,458.0
664.0,0.0,1,603.0,111.0,597.0,249.0,462.0,107.0,458.0
664.0,0.0,1,603.0,111.0,597.0,249.0,462.0,107.0,458.0
664.0,0.0,1,602.0,110.0,597.0,249.0,461.0,106.0,457.0
664.0,0.0,1,602.0,110.0,597.0,249.0,461.0,106.0,457.0
664.0,0.0,1,602.0,110.0,597.0,249.0,461.0,106.0,457.0
664.0,0.0,1,602.0,110.0,597.0,249.0,461.0,106.0,457.0
664.0,0.0,1,602.0,110.0,597.0,249.0,461.0,106.0,457.0
663.0,0.0,1,602.0,110.0,597.0,249.0,461.0,106.0,457.0
663.0,0.0,1,603.0,106.0,599.0,246.0,462.0,101.0,458.0
663.0,0.0,1,603.0,106.0,599.0,246.0,462.0,101.0,458.0
663.0,0.0,1,603.0,106.0,599.0,246.0,462.0,101.0,458.0
663.0,0.0,1,603.0,106.0,599.0,246.0,462.0,101.0,458.0
663.0,0.0,1,603.0,106.0,599.0,246.0,462.0,101.0,458.0
655.0,0.0,0,604.0,109.0,599.0,249.0,462.0,105.0,458.0
655.0,0.0,0,604.0,109.0,599.0,249.0,462.0,105.0,458.0
655.0,0.0,0,604.0,109.0,599.0,249.0,462.0,105.0,458.0
655.0,0.0,0,604.0,109.0,599.0,249.0,462.0,105.0,458.0
655.0,0.0,0,604.0,109.0,599.0,249.0,462.0,105.0,458.0
655.0,0.0,0,604.0,109.0,598.0,249.0,461.0,105.0,458.0
654.0,0.0,0,604.0,109.0,598.0,249.0,461.0,105.0,458.0
654.0,0.0,0,604.0,109.0,598.0,249.0,461.0,105.0,458.0
654.0,0.0,0,604.0,109.0,598.0,249.0,461.0,105.0,458.0
654.0,0.0,0,604.0,109.0,598.0,249.0,461.0,105.0,458.0
654.0,0.0,0,604.0,109.0,598.0,249.0,461.0,105.0,458.0
654.0,0.0,1,604.0,109.0,598.0,249.0,461.0,104.0,458.0
655.0,0.0,1,604.0,109.0,598.0,249.0,461.0,104.0,458.0
655.0,0.0,1,604.0,109.0,598.0,249.0,461.0,104.0,458.0
655.0,0.0,1,604.0,109.0,598.0,249.0,461.0,104.0,458.0
655.0,0.0,1,604.0,109.0,598.0,249.0,461.0,104.0,458.0
655.0,0.0,1,602.0,110.0,597.0,250.0,460.0,106.0,456.0
655.0,0.0,1,602.0,110.0,597.0,250.0,460.0,106.0,456.0
654.0,0.0,1,602.0,110.0,597.0,250.0,460.0,106.0,456.0
654.0,0.0,1,602.0,110.0,597.0,250.0,460.0,106.0,456.0
654.0,0.0,1,602.0,110.0,597.0,250.0,460.0,106.0,456.0
654.0,0.0,1,602.0,110.0,597.0,250.0,460.0,106.0,456.0
654.0,0.0,1,603.0,108.0,598.0,250.0,460.0,104.0,456.0
654.0,0.0,1,603.0,108.0,598.0,250.0,460.0,104.0,456.0
655.0,0.0,1,603.0,108.0,598.0,250.0,460.0,104.0,456.0
655.0,0.0,1,603.0,108.0,598.0,250.0,460.0,104.0,456.0
655.0,0.0,1,603.0,108.0,598.0,250.0,460.0,104.0,456.0
655.0,0.0,1,606.0,105.0,601.0,249.0,460.0,100.0,456.0
655.0,0.0,1,606.0,105.0,601.0,249.0,460.0,100.0,456.0
655.0,0.0,1,606.0,105.0,601.0,249.0,460.0,100.0,456.0
634.0,0.0,1,606.0,105.0,601.0,249.0,460.0,100.0,456.0
634.0,0.0,1,606.0,105.0,601.0,249.0,460.0,100.0,456.0
634.0,0.0,1,605.0,105.0,601.0,250.0,458.0,99.0,453.0
634.0,0.0,1,605.0,105.0,601.0,250.0,458.0,99.0,453.0
634.0,0.0,1,605.0,105.0,601.0,250.0,458.0,99.0,453.0
634.0,0.0,1,605.0,105.0,601.0,250.0,458.0,99.0,453.0
634.0,0.0,1,605.0,105.0,601.0,250.0,458.0,99.0,453.0
634.0,0.0,1,609.0,99.0,603.0,249.0,456.0,93.0,452.0
634.0,0.0,1,609.0,99.0,603.0,249.0,456.0,93.0,452.0
634.0,0.0,1,609.0,99.0,603.0,249.0,456.0,93.0,452.0
634.0,0.0,1,609.0,99.0,603.0,249.0,456.0,93.0,452.0
634.0,0.0,1,609.0,99.0,603.0,249.0,456.0,93.0,452.0
623.0,0.0,1,609.0,99.0,603.0,249.0,456.0,93.0,452.0
623.0,0.0,1,613.0,90.0,607.0,246.0,455.0,84.0,451.0
623.0,0.0,1,613.0,90.0,607.0,246.0,455.0,84.0,451.0
623.0,0.0,1,613.0,90.0,607.0,246.0,455.0,84.0,451.0
623.0,0.0,1,613.0,90.0,607.0,246.0,455.0,84.0,451.0
623.0,0.0,1,613.0,90.0,607.0,246.0,455.0,84.0,451.0
623.0,0.0,1,613.0,85.0,607.0,246.0,451.0,79.0,445.0
606.0,0.0,1,613.0,85.0,607.0,246.0,451.0,79.0,445.0
606.0,0.0,1,613.0,85.0,607.0,246.0,451.0,79.0,445.0
606.0,0.0,1,613.0,85.0,607.0,246.0,451.0,79.0,445.0
606.0,0.0,1,613.0,85.0,607.0,246.0,451.0,79.0,445.0
606.0,0.0,1,617.0,72.0,610.0,241.0,446.0,65.0,442.0
586.0,0.0,1,617.0,72.0,610.0,241.0,446.0,65.0,442.0
586.0,0.0,1,617.0,72.0,610.0,241.0,446.0,65.0,442.0
586.0,0.0,1,617.0,72.0,610.0,241.0,446.0,65.0,442.0
586.0,0.0,1,617.0,72.0,610.0,241.0,446.0,65.0,442.0
586.0,0.0,1,617.0,72.0,610.0,241.0,446.0,65.0,442.0
586.0,0.0,1,618.0,60.0,610.0,236.0,439.0,52.0,436.0
544.0,0.0,1,618.0,60.0,610.0,236.0,439.0,52.0,436.0
544.0,0.0,1,618.0,60.0,610.0,236.0,439.0,52.0,436.0
544.0,0.0,1,618.0,60.0,610.0,236.0,439.0,52.0,436.0
544.0,0.0,1,618.0,60.0,610.0,236.0,439.0,52.0,436.0
544.0,0.0,1,621.0,57.0,614.0,236.0,439.0,48.0,435.0
544.0,0.0,1,621.0,57.0,614.0,236.0,439.0,48.0,435.0
525.0,0.0,1,621.0,57.0,614.0,236.0,439.0,48.0,435.0
525.0,0.0,1,621.0,57.0,614.0,236.0,439.0,48.0,435.0
525.0,0.0,1,621.0,57.0,614.0,236.0,439.0,48.0,435.0
525.0,0.0,1,622.0,53.0,615.0,236.0,436.0,44.0,433.0
525.0,0.0,1,622.0,53.0,615.0,236.0,436.0,44.0,433.0
525.0,0.0,1,622.0,53.0,615.0,236.0,436.0,44.0,433.0
515.0,0.0,1,622.0,53.0,615.0,236.0,436.0,44.0,433.0
515.0,0.0,1,622.0,53.0,615.0,236.0,436.0,44.0,433.0
515.0,0.0,1,625.0,44.0,616.0,232.0,434.0,37.0,429.0
515.0,0.0,1,625.0,44.0,616.0,232.0,434.0,37.0,429.0
515.0,0.0,1,625.0,44.0,616.0,232.0,434.0,37.0,429.0
515.0,0.0,1,625.0,44.0,616.0,232.0,434.0,37.0,429.0
500.0,0.0,1,625.0,44.0,616.0,232.0,434.0,37.0,429.0
500.0,0.0,1,625.0,44.0,616.0,232.0,434.0,37.0,429.0
500.0,0.0,1,626.0,42.0,618.0,232.0,433.0,34.0,429.0
500.0,0.0,1,626.0,42.0,618.0,232.0,433.0,34.0,429.0
500.0,0.0,1,626.0,42.0,618.0,232.0,433.0,34.0,429.0
500.0,0.0,1,626.0,42.0,618.0,232.0,433.0,34.0,429.0
481.0,0.0,1,626.0,42.0,618.0,232.0,433.0,34.0,429.0
481.0,0.0,1,627.0,42.0,618.0,232.0,432.0,33.0,429.0
481.0,0.0,1,627.0,42.0,618.0,232.0,432.0,33.0,429.0
481.0,0.0,1,627.0,42.0,618.0,232.0,432.0,33.0,429.0
481.0,0.0,1,627.0,42.0,618.0,232.0,432.0,33.0,429.0
481.0,0.0,1,627.0,42.0,618.0,232.0,432.0,33.0,429.0
481.0,0.0,0,626.0,42.0,618.0,232.0,432.0,33.0,428.0
481.0,0.0,0,626.0,42.0,618.0,232.0,432.0,33.0,428.0
479.0,0.0,0,626.0,42.0,618.0,232.0,432.0,33.0,428.0
479.0,0.0,0,626.0,42.0,618.0,232.0,432.0,33.0,428.0
479.0,0.0,0,626.0,42.0,618.0,232.0,432.0,33.0,428.0
479.0,0.0,0,627.0,42.0,618.0,232.0,432.0,33.0,429.0
479.0,0.0,0,627.0,42.0,618.0,232.0,432.0,33.0,429.0
479.0,0.0,0,627.0,42.0,618.0,232.0,432.0,33.0,429.0
479.0,0.0,0,627.0,42.0,618.0,232.0,432.0,33.0,429.0
479.0,0.0,0,627.0,42.0,618.0,232.0,432.0,33.0,429.0
479.0,0.0,0,627.0,42.0,618.0,232.0,432.0,33.0,429.0
479.0,0.0,0,626.0,42.0,618.0,231.0,432.0,33.0,428.0
478.0,0.0,0,626.0,42.0,618.0,231.0,432.0,33.0,428.0
478.0,0.0,0,626.0,42.0,618.0,231.0,432.0,33.0,428.0
478.0,0.0,0,626.0,42.0,618.0,231.0,432.0,33.0,428.0
478.0,0.0,0,626.0,42.0,618.0,231.0,432.0,33.0,428.0
478.0,0.0,0,626.0,42.0,618.0,232.0,432.0,33.0,429.0
478.0,0.0,0,626.0,42.0,618.0,232.0,432.0,33.0,429.0
478.0,0.0,0,626.0,42.0,618.0,232.0,432.0,33.0,429.0
478.0,0.0,0,626.0,42.0,618.0,232.0,432.0,33.0,429.0
478.0,0.0,0,626.0,42.0,618.0,232.0,432.0,33.0,429.0
478.0,0.0,0,627.0,42.0,618.0,232.0,432.0,33.0,429.0
478.0,0.0,0,627.0,42.0,618.0,232.0,432.0,33.0,429.0
478.0,0.0,0,627.0,42.0,618.0,232.0,432.0,33.0,429.0
478.0,0.0,0,627.0,42.0,618.0,232.0,432.0,33.0,429.0
479.0,0.0,0,627.0,42.0,618.0,232.0,432.0,33.0,429.0
479.0,0.0,0,627.0,42.0,618.0,232.0,432.0,33.0,429.0
479.0,0.0,0,626.0,42.0,618.0,231.0,432.0,33.0,429.0
479.0,0.0,0,626.0,42.0,618.0,231.0,432.0,33.0,429.0
479.0,0.0,0,626.0,42.0,618.0,231.0,432.0,33.0,429.0
479.0,0.0,0,626.0,42.0,618.0,231.0,432.0,33.0,429.0
479.0,0.0,0,626.0,42.0,618.0,231.0,432.0,33.0,429.0
479.0,0.0,0,626.0,42.0,618.0,232.0,432.0,33.0,428.0
479.0,0.0,0,626.0,42.0,618.0,232.0,432.0,33.0,428.0
479.0,0.0,0,626.0,42.0,618.0,232.0,432.0,33.0,428.0
479.0,0.0,0,626.0,42.0,618.0,232.0,432.0,33.0,428.0
479.0,0.0,0,626.0,42.0,618.0,232.0,432.0,33.0,428.0
479.0,0.0,0,626.0,42.0,618.0,232.0,432.0,33.0,428.0
479.0,0.0,0,626.0,42.0,618.0,232.0,432.0,33.0,428.0
479.0,0.0,0,626.0,42.0,618.0,232.0,432.0,33.0,428.0
479.0,0.0,0,626.0,42.0,618.0,232.0,432.0,33.0,428.0
479.0,0.0,0,626.0,42.0,618.0,232.0,432.0,33.0,428.0
478.0,0.0,0,626.0,42.0,618.0,232.0,432.0,33.0,428.0
478.0,0.0,0,626.0,42.0,618.0,232.0,432.0,33.0,428.0
478.0,0.0,0,626.0,42.0,618.0,232.0,432.0,33.0,428.0
478.0,0.0,0,626.0,42.0,618.0,232.0,432.0,33.0,428.0
478.0,0.0,0,626.0,42.0,618.0,232.0,432.0,33.0,428.0
478.0,0.0,0,626.0,42.0,618.0,232.0,432.0,33.0,428.0
478.0,0.0,0,626.0,42.0,618.0,232.0,432.0,33.0,428.0
478.0,0.0,0,626.0,42.0,618.0,232.0,432.0,33.0,428.0
478.0,0.0,0,626.0,42.0,618.0,232.0,432.0,33.0,428.0
478.0,0.0,0,626.0,42.0,618.0,232.0,432.0,33.0,428.0
478.0,0.0,0,626.0,42.0,618.0,232.0,432.0,33.0,428.0
478.0,0.0,0,626.0,42.0,618.0,232.0,432.0,33.0,428.0
478.0,0.0,0,626.0,42.0,618.0,232.0,432.0,33.0,428.0
478.0,0.0,0,626.0,42.0,618.0,232.0,432.0,33.0,428.0
478.0,0.0,0,626.0,42.0,618.0,232.0,432.0,33.0,428.0
478.0,0.0,0,626.0,42.0,618.0,232.0,432.0,33.0,428.0
478.0,0.0,0,626.0,42.0,618.0,232.0,432.0,33.0,428.0
478.0,0.0,0,626.0,42.0,618.0,232.0,432.0,33.0,428.0
479.0,0.0,0,626.0,42.0,618.0,232.0,432.0,33.0,428.0
479.0,0.0,0,626.0,42.0,618.0,232.0,432.0,33.0,428.0
479.0,0.0,0,626.0,42.0,618.0,232.0,432.0,33.0,428.0
479.0,0.0,0,626.0,42.0,618.0,232.0,432.0,33.0,428.0
479.0,0.0,0,626.0,42.0,618.0,232.0,432.0,33.0,428.0
479.0,0.0,0,626.0,42.0,618.0,232.0,432.0,33.0,428.0
478.0,0.0,0,626.0,42.0,618.0,232.0,432.0,33.0,428.0
478.0,0.0,0,626.0,42.0,618.0,232.0,432.0,33.0,428.0
478.0,0.0,0,626.0,42.0,618.0,232.0,432.0,33.0,428.0
478.0,0.0,0,626.0,42.0,618.0,232.0,432.0,33.0,428.0
478.0,0.0,0,626.0,42.0,618.0,232.0,432.0,33.0,428.0
478.0,0.0,0,626.0,42.0,618.0,232.0,432.0,33.0,428.0
479.0,0.0,0,626.0,42.0,618.0,232.0,432.0,33.0,428.0
479.0,0.0,0,626.0,42.0,618.0,232.0,432.0,33.0,428.0
479.0,0.0,0,626.0,42.0,618.0,232.0,432.0,33.0,428.0
479.0,0.0,0,627.0,42.0,618.0,232.0,432.0,33.0,428.0
479.0,0.0,0,627.0,42.0,618.0,232.0,432.0,33.0,428.0
479.0,0.0,0,627.0,42.0,618.0,232.0,432.0,33.0,428.0
479.0,0.0,0,627.0,42.0,618.0,232.0,432.0,33.0,428.0
478.0,0.0,0,627.0,42.0,618.0,232.0,432.0,33.0,428.0
478.0,0.0,0,627.0,42.0,619.0,231.0,432.0,33.0,428.0
478.0,0.0,0,627.0,42.0,619.0,231.0,432.0,33.0,428.0
478.0,0.0,0,627.0,42.0,619.0,231.0,432.0,33.0,428.0
478.0,0.0,1,627.0,42.0,619.0,231.0,432.0,33.0,428.0
478.0,0.0,1,627.0,42.0,619.0,231.0,432.0,33.0,428.0
479.0,0.0,1,626.0,41.0,618.0,231.0,432.0,32.0,429.0
479.0,0.0,1,626.0,41.0,618.0,231.0,432.0,32.0,429.0
479.0,0.0,1,626.0,41.0,618.0,231.0,432.0,32.0,429.0
479.0,0.0,1,626.0,41.0,618.0,231.0,432.0,32.0,429.0
479.0,0.0,1,626.0,41.0,618.0,231.0,432.0,32.0,429.0
478.0,0.0,1,625.0,44.0,616.0,232.0,433.0,36.0,429.0
478.0,0.0,1,625.0,44.0,616.0,232.0,433.0,36.0,429.0
478.0,0.0,1,625.0,44.0,616.0,232.0,433.0,36.0,429.0
478.0,0.0,1,625.0,44.0,616.0,232.0,433.0,36.0,429.0
478.0,0.0,1,625.0,44.0,616.0,232.0,433.0,36.0,429.0
478.0,0.0,1,625.0,44.0,616.0,232.0,433.0,36.0,429.0
481.0,0.0,1,623.0,52.0,616.0,237.0,436.0,43.0,432.0
481.0,0.0,1,623.0,52.0,616.0,237.0,436.0,43.0,432.0
481.0,0.0,1,623.0,52.0,616.0,237.0,436.0,43.0,432.0
481.0,0.0,1,623.0,52.0,616.0,237.0,436.0,43.0,432.0
481.0,0.0,1,623.0,52.0,616.0,237.0,436.0,43.0,432.0
481.0,0.0,1,625.0,48.0,616.0,233.0,435.0,38.0,431.0
489.0,0.0,1,625.0,48.0,616.0,233.0,435.0,38.0,431.0
489.0,0.0,1,625.0,48.0,616.0,233.0,435.0,38.0,431.0
489.0,0.0,1,625.0,48.0,616.0,233.0,435.0,38.0,431.0
489.0,0.0,1,625.0,48.0,616.0,233.0,435.0,38.0,431.0
489.0,0.0,1,626.0,46.0,617.0,232.0,435.0,38.0,431.0
489.0,0.0,1,626.0,46.0,617.0,232.0,435.0,38.0,431.0
489.0,0.0,1,626.0,46.0,617.0,232.0,435.0,38.0,431.0
489.0,0.0,1,626.0,46.0,617.0,232.0,435.0,38.0,431.0
489.0,0.0,1,626.0,46.0,617.0,232.0,435.0,38.0,431.0
489.0,0.0,1,626.0,46.0,617.0,232.0,435.0,38.0,431.0
489.0,0.0,1,625.0,47.0,616.0,233.0,435.0,38.0,431.0
489.0,0.0,1,625.0,47.0,616.0,233.0,435.0,38.0,431.0
489.0,0.0,1,625.0,47.0,616.0,233.0,435.0,38.0,431.0
491.0,0.0,1,625.0,47.0,616.0,233.0,435.0,38.0,431.0
491.0,0.0,1,625.0,47.0,616.0,233.0,435.0,38.0,431.0
491.0,0.0,1,624.0,48.0,615.0,232.0,434.0,38.0,431.0
491.0,0.0,1,624.0,48.0,615.0,232.0,434.0,38.0,431.0
491.0,0.0,1,624.0,48.0,615.0,232.0,434.0,38.0,431.0
491.0,0.0,1,624.0,48.0,615.0,232.0,434.0,38.0,431.0
491.0,0.0,1,624.0,48.0,615.0,232.0,434.0,38.0,431.0
491.0,0.0,1,621.0,52.0,615.0,233.0,436.0,43.0,433.0
491.0,0.0,1,621.0,52.0,615.0,233.0,436.0,43.0,433.0
491.0,0.0,1,621.0,52.0,615.0,233.0,436.0,43.0,433.0
491.0,0.0,1,621.0,52.0,615.0,233.0,436.0,43.0,433.0
491.0,0.0,1,621.0,52.0,615.0,233.0,436.0,43.0,433.0
490.0,0.0,1,621.0,52.0,615.0,233.0,436.0,43.0,433.0
490.0,0.0,1,620.0,56.0,614.0,235.0,438.0,47.0,435.0
490.0,0.0,1,620.0,56.0,614.0,235.0,438.0,47.0,435.0
490.0,0.0,1,620.0,56.0,614.0,235.0,438.0,47.0,435.0
490.0,0.0,1,620.0,56.0,614.0,235.0,438.0,47.0,435.0
501.0,0.0,1,620.0,56.0,614.0,235.0,438.0,47.0,435.0
501.0,0.0,1,619.0,59.0,612.0,237.0,439.0,53.0,436.0
501.0,0.0,1,619.0,59.0,612.0,237.0,439.0,53.0,436.0
501.0,0.0,1,619.0,59.0,612.0,237.0,439.0,53.0,436.0
501.0,0.0,1,619.0,59.0,612.0,237.0,439.0,53.0,436.0
501.0,0.0,1,619.0,59.0,612.0,237.0,439.0,53.0,436.0
504.0,0.0,1,619.0,59.0,612.0,237.0,439.0,53.0,436.0
504.0,0.0,1,617.0,64.0,609.0,237.0,441.0,56.0,436.0
504.0,0.0,1,617.0,64.0,609.0,237.0,441.0,56.0,436.0
504.0,0.0,1,617.0,64.0,609.0,237.0,441.0,56.0,436.0
504.0,0.0,1,617.0,64.0,609.0,237.0,441.0,56.0,436.0
504.0,0.0,1,617.0,64.0,609.0,237.0,441.0,56.0,436.0
504.0,0.0,1,616.0,68.0,608.0,238.0,444.0,62.0,440.0
524.0,0.0,1,616.0,68.0,608.0,238.0,444.0,62.0,440.0
524.0,0.0,1,616.0,68.0,608.0,238.0,444.0,62.0,440.0
524.0,0.0,1,616.0,68.0,608.0,238.0,444.0,62.0,440.0
524.0,0.0,1,616.0,68.0,608.0,238.0,444.0,62.0,440.0
524.0,0.0,1,615.0,72.0,608.0,240.0,445.0,67.0,442.0
545.0,0.0,1,615.0,72.0,608.0,240.0,445.0,67.0,442.0
545.0,0.0,1,615.0,72.0,608.0,240.0,445.0,67.0,442.0
545.0,0.0,1,615.0,72.0,608.0,240.0,445.0,67.0,442.0
545.0,0.0,1,615.0,72.0,608.0,240.0,445.0,67.0,442.0
545.0,0.0,1,613.0,76.0,607.0,241.0,446.0,70.0,443.0
547.0,0.0,1,613.0,76.0,607.0,241.0,446.0,70.0,443.0
547.0,0.0,1,613.0,76.0,607.0,241.0,446.0,70.0,443.0
547.0,0.0,1,613.0,76.0,607.0,241.0,446.0,70.0,443.0
547.0,0.0,1,613.0,76.0,607.0,241.0,446.0,70.0,443.0
547.0,0.0,1,613.0,76.0,607.0,241.0,446.0,70.0,443.0
547.0,0.0,1,612.0,80.0,607.0,242.0,449.0,74.0,444.0
557.0,0.0,1,612.0,80.0,607.0,242.0,449.0,74.0,444.0
557.0,0.0,1,612.0,80.0,607.0,242.0,449.0,74.0,444.0
557.0,0.0,1,612.0,80.0,607.0,242.0,449.0,74.0,444.0
557.0,0.0,1,612.0,80.0,607.0,242.0,449.0,74.0,444.0
557.0,0.0,1,611.0,84.0,606.0,244.0,451.0,79.0,446.0
557.0,0.0,1,611.0,84.0,606.0,244.0,451.0,79.0,446.0
567.0,0.0,1,611.0,84.0,606.0,244.0,451.0,79.0,446.0
567.0,0.0,1,611.0,84.0,606.0,244.0,451.0,79.0,446.0
567.0,0.0,1,611.0,84.0,606.0,244.0,451.0,79.0,446.0
567.0,0.0,1,611.0,88.0,604.0,244.0,452.0,80.0,447.0
567.0,0.0,1,611.0,88.0,604.0,244.0,452.0,80.0,447.0
567.0,0.0,1,611.0,88.0,604.0,244.0,452.0,80.0,447.0
577.0,0.0,1,611.0,88.0,604.0,244.0,452.0,80.0,447.0
577.0,0.0,1,611.0,88.0,604.0,244.0,452.0,80.0,447.0
577.0,0.0,1,611.0,88.0,604.0,244.0,452.0,80.0,447.0
577.0,0.0,1,609.0,91.0,603.0,246.0,452.0,86.0,449.0
577.0,0.0,1,609.0,91.0,603.0,246.0,452.0,86.0,449.0
577.0,0.0,1,609.0,91.0,603.0,246.0,452.0,86.0,449.0
577.0,0.0,1,609.0,91.0,603.0,246.0,452.0,86.0,449.0
587.0,0.0,1,609.0,91.0,603.0,246.0,452.0,86.0,449.0
587.0,0.0,1,606.0,94.0,601.0,247.0,452.0,89.0,449.0
587.0,0.0,1,606.0,94.0,601.0,247.0,452.0,89.0,449.0
587.0,0.0,1,606.0,94.0,601.0,247.0,452.0,89.0,449.0
587.0,0.0,1,606.0,94.0,601.0,247.0,452.0,89.0,449.0
596.0,0.0,1,606.0,94.0,601.0,247.0,452.0,89.0,449.0
596.0,0.0,1,605.0,98.0,600.0,247.0,454.0,92.0,450.0
596.0,0.0,1,605.0,98.0,600.0,247.0,454.0,92.0,450.0
596.0,0.0,1,605.0,98.0,600.0,247.0,454.0,92.0,450.0
596.0,0.0,1,605.0,98.0,600.0,247.0,454.0,92.0,450.0
596.0,0.0,1,605.0,98.0,600.0,247.0,454.0,92.0,450.0
596.0,0.0,1,605.0,98.0,600.0,247.0,454.0,92.0,450.0
596.0,0.0,1,604.0,102.0,599.0,248.0,454.0,95.0,451.0
596.0,0.0,1,604.0,102.0,599.0,248.0,454.0,95.0,451.0
596.0,0.0,1,604.0,102.0,599.0,248.0,454.0,95.0,451.0
596.0,0.0,1,604.0,102.0,599.0,248.0,454.0,95.0,451.0
596.0,0.0,1,604.0,102.0,599.0,248.0,454.0,95.0,451.0
596.0,0.0,1,603.0,104.0,597.0,249.0,456.0,100.0,451.0
607.0,0.0,1,603.0,104.0,597.0,249.0,456.0,100.0,451.0
607.0,0.0,1,603.0,104.0,597.0,249.0,456.0,100.0,451.0
607.0,0.0,1,603.0,104.0,597.0,249.0,456.0,100.0,451.0
607.0,0.0,1,603.0,104.0,597.0,249.0,456.0,100.0,451.0
607.0,0.0,1,600.0,106.0,596.0,249.0,456.0,100.0,451.0
607.0,0.0,1,600.0,106.0,596.0,249.0,456.0,100.0,451.0
616.0,0.0,1,600.0,106.0,596.0,249.0,456.0,100.0,451.0
616.0,0.0,1,600.0,106.0,596.0,249.0,456.0,100.0,451.0
616.0,0.0,1,600.0,106.0,596.0,249.0,456.0,100.0,451.0
616.0,0.0,1,600.0,106.0,596.0,249.0,456.0,100.0,451.0
616.0,0.0,1,599.0,108.0,594.0,250.0,457.0,103.0,452.0
616.0,0.0,1,599.0,108.0,594.0,250.0,457.0,103.0,452.0
633.0,0.0,1,599.0,108.0,594.0,250.0,457.0,103.0,452.0
633.0,0.0,1,599.0,108.0,594.0,250.0,457.0,103.0,452.0
633.0,0.0,1,599.0,108.0,594.0,250.0,457.0,103.0,452.0
633.0,0.0,1,598.0,110.0,593.0,250.0,457.0,105.0,453.0
633.0,0.0,1,598.0,110.0,593.0,250.0,457.0,105.0,453.0
633.0,0.0,1,598.0,110.0,593.0,250.0,457.0,105.0,453.0
633.0,0.0,1,598.0,110.0,593.0,250.0,457.0,105.0,453.0
633.0,0.0,1,598.0,110.0,593.0,250.0,457.0,105.0,453.0
633.0,0.0,1,596.0,112.0,591.0,250.0,456.0,108.0,453.0
633.0,0.0,1,596.0,112.0,591.0,250.0,456.0,108.0,453.0
633.0,0.0,1,596.0,112.0,591.0,250.0,456.0,108.0,453.0
656.0,0.0,1,596.0,112.0,591.0,250.0,456.0,108.0,453.0
656.0,0.0,1,596.0,112.0,591.0,250.0,456.0,108.0,453.0
656.0,0.0,1,596.0,112.0,591.0,250.0,456.0,108.0,453.0
656.0,0.0,1,593.0,114.0,588.0,250.0,456.0,109.0,452.0
656.0,0.0,1,593.0,114.0,588.0,250.0,456.0,109.0,452.0
656.0,0.0,1,593.0,114.0,588.0,250.0,456.0,109.0,452.0
666.0,0.0,1,593.0,114.0,588.0,250.0,456.0,109.0,452.0
666.0,0.0,1,593.0,114.0,588.0,250.0,456.0,109.0,452.0
666.0,0.0,1,592.0,119.0,587.0,252.0,456.0,113.0,454.0
666.0,0.0,1,592.0,119.0,587.0,252.0,456.0,113.0,454.0
666.0,0.0,1,592.0,119.0,587.0,252.0,456.0,113.0,454.0
666.0,0.0,1,592.0,119.0,587.0,252.0,456.0,113.0,454.0
675.0,0.0,1,592.0,119.0,587.0,252.0,456.0,113.0,454.0
675.0,0.0,1,591.0,121.0,586.0,253.0,456.0,116.0,453.0
675.0,0.0,1,591.0,121.0,586.0,253.0,456.0,116.0,453.0
675.0,0.0,1,591.0,121.0,586.0,253.0,456.0,116.0,453.0
675.0,0.0,1,591.0,121.0,586.0,253.0,456.0,116.0,453.0
675.0,0.0,1,591.0,121.0,586.0,253.0,456.0,116.0,453.0
683.0,0.0,1,589.0,123.0,584.0,253.0,456.0,119.0,453.0
683.0,0.0,1,589.0,123.0,584.0,253.0,456.0,119.0,453.0
683.0,0.0,1,589.0,123.0,584.0,253.0,456.0,119.0,453.0
683.0,0.0,1,589.0,123.0,584.0,253.0,456.0,119.0,453.0
683.0,0.0,1,589.0,123.0,584.0,253.0,456.0,119.0,453.0
683.0,0.0,1,589.0,123.0,584.0,253.0,456.0,119.0,453.0
695.0,0.0,1,587.0,125.0,583.0,255.0,457.0,122.0,454.0
695.0,0.0,1,587.0,125.0,583.0,255.0,457.0,122.0,454.0
695.0,0.0,1,587.0,125.0,583.0,255.0,457.0,122.0,454.0
695.0,0.0,1,587.0,125.0,583.0,255.0,457.0,122.0,454.0
695.0,0.0,1,587.0,125.0,583.0,255.0,457.0,122.0,454.0
695.0,0.0,1,584.0,129.0,580.0,256.0,457.0,125.0,454.0
713.0,0.0,1,584.0,129.0,580.0,256.0,457.0,125.0,454.0
713.0,0.0,1,584.0,129.0,580.0,256.0,457.0,125.0,454.0
713.0,0.0,1,584.0,129.0,580.0,256.0,457.0,125.0,454.0
713.0,0.0,1,584.0,129.0,580.0,256.0,457.0,125.0,454.0
713.0,0.0,1,583.0,129.0,579.0,255.0,456.0,126.0,454.0
713.0,0.0,1,583.0,129.0,579.0,255.0,456.0,126.0,454.0
714.0,0.0,1,583.0,129.0,579.0,255.0,456.0,126.0,454.0
714.0,0.0,1,583.0,129.0,579.0,255.0,456.0,126.0,454.0
714.0,0.0,1,583.0,129.0,579.0,255.0,456.0,126.0,454.0
714.0,0.0,1,583.0,129.0,579.0,255.0,456.0,126.0,454.0
714.0,0.0,1,582.0,132.0,578.0,256.0,456.0,128.0,454.0
714.0,0.0,1,582.0,132.0,578.0,256.0,456.0,128.0,454.0
733.0,0.0,1,582.0,132.0,578.0,256.0,456.0,128.0,454.0
733.0,0.0,1,582.0,132.0,578.0,256.0,456.0,128.0,454.0
733.0,0.0,1,582.0,132.0,578.0,256.0,456.0,128.0,454.0
733.0,0.0,1,581.0,133.0,576.0,256.0,456.0,129.0,454.0
733.0,0.0,1,581.0,133.0,576.0,256.0,456.0,129.0,454.0
733.0,0.0,1,581.0,133.0,576.0,256.0,456.0,129.0,454.0
733.0,0.0,1,581.0,133.0,576.0,256.0,456.0,129.0,454.0
733.0,0.0,1,581.0,133.0,576.0,256.0,456.0,129.0,454.0
733.0,0.0,1,580.0,134.0,576.0,255.0,457.0,129.0,455.0
733.0,0.0,1,580.0,134.0,576.0,255.0,457.0,129.0,455.0
733.0,0.0,1,580.0,134.0,576.0,255.0,457.0,129.0,455.0
733.0,0.0,1,580.0,134.0,576.0,255.0,457.0,129.0,455.0
742.0,0.0,1,580.0,134.0,576.0,255.0,457.0,129.0,455.0
742.0,0.0,1,579.0,136.0,576.0,256.0,458.0,132.0,456.0
742.0,0.0,1,579.0,136.0,576.0,256.0,458.0,132.0,456.0
742.0,0.0,1,579.0,136.0,576.0,256.0,458.0,132.0,456.0
742.0,0.0,1,579.0,136.0,576.0,256.0,458.0,132.0,456.0
742.0,0.0,1,579.0,136.0,576.0,256.0,458.0,132.0,456.0
761.0,0.0,1,579.0,136.0,576.0,256.0,458.0,132.0,456.0
761.0,0.0,1,577.0,138.0,575.0,257.0,458.0,134.0,456.0
761.0,0.0,1,577.0,138.0,575.0,257.0,458.0,134.0,456.0
761.0,0.0,1,577.0,138.0,575.0,257.0,458.0,134.0,456.0
761.0,0.0,1,577.0,138.0,575.0,257.0,458.0,134.0,456.0
761.0,0.0,1,577.0,138.0,575.0,257.0,458.0,134.0,456.0
774.0,0.0,1,577.0,140.0,574.0,257.0,459.0,136.0,457.0
774.0,0.0,1,577.0,140.0,574.0,257.0,459.0,136.0,457.0
774.0,0.0,1,577.0,140.0,574.0,257.0,459.0,136.0,457.0
774.0,0.0,1,577.0,140.0,574.0,257.0,459.0,136.0,457.0
774.0,0.0,1,577.0,140.0,574.0,257.0,459.0,136.0,457.0
774.0,0.0,1,576.0,141.0,574.0,257.0,460.0,137.0,457.0
782.0,0.0,1,576.0,141.0,574.0,257.0,460.0,137.0,457.0
782.0,0.0,1,576.0,141.0,574.0,257.0,460.0,137.0,457.0
782.0,0.0,1,576.0,141.0,574.0,257.0,460.0,137.0,457.0
782.0,0.0,1,576.0,141.0,574.0,257.0,460.0,137.0,457.0
782.0,0.0,1,576.0,141.0,574.0,257.0,460.0,137.0,457.0
782.0,0.0,1,575.0,143.0,572.0,257.0,460.0,139.0,457.0
791.0,0.0,1,575.0,143.0,572.0,257.0,460.0,139.0,457.0
791.0,0.0,1,575.0,143.0,572.0,257.0,460.0,139.0,457.0
791.0,0.0,1,575.0,143.0,572.0,257.0,460.0,139.0,457.0
791.0,0.0,1,575.0,143.0,572.0,257.0,460.0,139.0,457.0
791.0,0.0,1,575.0,143.0,572.0,256.0,461.0,139.0,457.0
791.0,0.0,1,575.0,143.0,572.0,256.0,461.0,139.0,457.0
801.0,0.0,1,575.0,143.0,572.0,256.0,461.0,139.0,457.0
801.0,0.0,1,575.0,143.0,572.0,256.0,461.0,139.0,457.0
801.0,0.0,1,575.0,143.0,572.0,256.0,461.0,139.0,457.0
801.0,0.0,1,575.0,143.0,572.0,256.0,461.0,139.0,457.0
801.0,0.0,1,575.0,144.0,571.0,256.0,462.0,141.0,459.0
801.0,0.0,1,575.0,144.0,571.0,256.0,462.0,141.0,459.0
801.0,0.0,1,575.0,144.0,571.0,256.0,462.0,141.0,459.0
801.0,0.0,1,575.0,144.0,571.0,256.0,462.0,141.0,459.0
801.0,0.0,1,575.0,144.0,571.0,256.0,462.0,141.0,459.0
801.0,0.0,1,574.0,144.0,570.0,256.0,463.0,142.0,460.0
801.0,0.0,1,574.0,144.0,570.0,256.0,463.0,142.0,460.0
801.0,0.0,1,574.0,144.0,570.0,256.0,463.0,142.0,460.0
801.0,0.0,1,574.0,144.0,570.0,256.0,463.0,142.0,460.0
801.0,0.0,1,574.0,144.0,570.0,256.0,463.0,142.0,460.0
801.0,0.0,1,574.0,144.0,568.0,255.0,463.0,142.0,461.0
820.0,0.0,1,574.0,144.0,568.0,255.0,463.0,142.0,461.0
819.0,0.0,1,574.0,144.0,568.0,255.0,463.0,142.0,461.0
819.0,0.0,1,574.0,144.0,568.0,255.0,463.0,142.0,461.0
829.0,0.0,1,574.0,144.0,568.0,255.0,463.0,142.0,461.0
829.0,0.0,1,574.0,144.0,568.0,255.0,464.0,143.0,462.0
829.0,0.0,1,574.0,144.0,568.0,255.0,464.0,143.0,462.0
829.0,0.0,1,574.0,144.0,568.0,255.0,464.0,143.0,462.0
829.0,0.0,1,574.0,144.0,568.0,255.0,464.0,143.0,462.0
829.0,0.0,1,574.0,144.0,568.0,255.0,464.0,143.0,462.0
839.0,0.0,1,572.0,147.0,568.0,255.0,464.0,144.0,462.0
839.0,0.0,1,572.0,147.0,568.0,255.0,464.0,144.0,462.0
839.0,0.0,1,572.0,147.0,568.0,255.0,464.0,144.0,462.0
839.0,0.0,1,572.0,147.0,568.0,255.0,464.0,144.0,462.0
839.0,0.0,1,572.0,147.0,568.0,255.0,464.0,144.0,462.0
839.0,0.0,1,572.0,147.0,568.0,255.0,464.0,144.0,462.0
850.0,0.0,1,574.0,146.0,568.0,255.0,464.0,144.0,463.0
850.0,0.0,1,574.0,146.0,568.0,255.0,464.0,144.0,463.0
850.0,0.0,1,574.0,146.0,568.0,255.0,464.0,144.0,463.0
850.0,0.0,1,574.0,146.0,568.0,255.0,464.0,144.0,463.0
850.0,0.0,1,574.0,146.0,568.0,255.0,464.0,144.0,463.0
850.0,0.0,1,574.0,145.0,568.0,255.0,464.0,143.0,463.0
851.0,0.0,1,574.0,145.0,568.0,255.0,464.0,143.0,463.0
851.0,0.0,1,574.0,145.0,568.0,255.0,464.0,143.0,463.0
851.0,0.0,1,574.0,145.0,568.0,255.0,464.0,143.0,463.0
851.0,0.0,1,574.0,145.0,568.0,255.0,464.0,143.0,463.0
851.0,0.0,1,573.0,145.0,568.0,255.0,464.0,143.0,463.0
851.0,0.0,0,573.0,145.0,568.0,255.0,464.0,143.0,463.0
851.0,0.0,0,573.0,145.0,568.0,255.0,464.0,143.0,463.0
851.0,0.0,0,573.0,145.0,568.0,255.0,464.0,143.0,463.0
851.0,0.0,0,573.0,145.0,568.0,255.0,464.0,143.0,463.0
851.0,0.0,0,573.0,145.0,568.0,255.0,464.0,143.0,463.0
851.0,0.0,0,573.0,145.0,568.0,255.0,464.0,143.0,463.0
851.0,0.0,0,573.0,145.0,568.0,255.0,464.0,143.0,463.0
858.0,0.0,0,573.0,145.0,568.0,255.0,464.0,143.0,463.0
858.0,0.0,0,573.0,145.0,568.0,255.0,464.0,143.0,463.0
858.0,0.0,0,573.0,145.0,568.0,255.0,464.0,143.0,463.0
858.0,0.0,0,574.0,145.0,568.0,255.0,464.0,143.0,463.0
858.0,0.0,0,574.0,145.0,568.0,255.0,464.0,143.0,463.0
858.0,0.0,0,574.0,145.0,568.0,255.0,464.0,143.0,463.0
858.0,0.0,0,574.0,145.0,568.0,255.0,464.0,143.0,463.0
858.0,0.0,0,574.0,145.0,568.0,255.0,464.0,143.0,463.0
858.0,0.0,0,574.0,145.0,568.0,255.0,464.0,143.0,463.0
858.0,0.0,0,574.0,145.0,568.0,255.0,464.0,143.0,463.0
858.0,0.0,0,574.0,145.0,568.0,255.0,464.0,143.0,463.0
858.0,0.0,0,574.0,145.0,568.0,255.0,464.0,143.0,463.0
858.0,0.0,0,574.0,145.0,568.0,255.0,464.0,143.0,463.0
858.0,0.0,0,574.0,145.0,568.0,255.0,464.0,143.0,463.0
858.0,0.0,0,574.0,145.0,568.0,255.0,464.0,143.0,463.0
858.0,0.0,0,574.0,145.0,568.0,255.0,464.0,143.0,463.0
858.0,0.0,0,574.0,145.0,568.0,255.0,464.0,143.0,463.0
858.0,0.0,0,574.0,145.0,568.0,255.0,464.0,143.0,463.0
858.0,0.0,0,574.0,145.0,568.0,255.0,464.0,143.0,463.0
858.0,0.0,0,574.0,145.0,569.0,254.0,465.0,143.0,463.0
858.0,0.0,0,574.0,145.0,569.0,254.0,465.0,143.0,463.0
858.0,0.0,0,574.0,145.0,569.0,254.0,465.0,143.0,463.0
858.0,0.0,0,574.0,145.0,569.0,254.0,465.0,143.0,463.0
858.0,0.0,0,574.0,145.0,569.0,254.0,465.0,143.0,463.0
858.0,0.0,0,574.0,145.0,568.0,255.0,464.0,143.0,463.0
858.0,0.0,0,574.0,145.0,568.0,255.0,464.0,143.0,463.0
858.0,0.0,0,574.0,145.0,568.0,255.0,464.0,143.0,463.0
858.0,0.0,0,574.0,145.0,568.0,255.0,464.0,143.0,463.0
858.0,0.0,0,574.0,145.0,568.0,255.0,464.0,143.0,463.0
858.0,0.0,0,574.0,145.0,568.0,255.0,464.0,143.0,463.0
858.0,0.0,0,574.0,145.0,568.0,255.0,464.0,143.0,463.0
858.0,0.0,0,574.0,145.0,568.0,255.0,464.0,143.0,463.0
858.0,0.0,0,574.0,145.0,568.0,255.0,464.0,143.0,463.0
858.0,0.0,0,574.0,145.0,568.0,255.0,464.0,143.0,463.0
858.0,0.0,0,574.0,145.0,568.0,255.0,464.0,143.0,463.0
858.0,0.0,0,574.0,145.0,568.0,254.0,464.0,143.0,463.0
858.0,0.0,0,574.0,145.0,568.0,254.0,464.0,143.0,463.0
858.0,0.0,0,574.0,145.0,568.0,254.0,464.0,143.0,463.0
858.0,0.0,0,574.0,145.0,568.0,254.0,464.0,143.0,463.0
858.0,0.0,0,574.0,145.0,568.0,254.0,464.0,143.0,463.0
858.0,0.0,0,574.0,145.0,569.0,254.0,465.0,143.0,463.0
858.0,0.0,0,574.0,145.0,569.0,254.0,465.0,143.0,463.0
858.0,0.0,0,574.0,145.0,569.0,254.0,465.0,143.0,463.0
858.0,0.0,0,574.0,145.0,569.0,254.0,465.0,143.0,463.0
858.0,0.0,0,574.0,145.0,569.0,254.0,465.0,143.0,463.0
858.0,0.0,0,574.0,145.0,569.0,254.0,465.0,143.0,463.0
858.0,0.0,0,573.0,144.0,569.0,253.0,464.0,142.0,461.0
858.0,0.0,1,573.0,144.0,569.0,253.0,464.0,142.0,461.0
868.0,0.0,1,573.0,144.0,569.0,253.0,464.0,142.0,461.0
868.0,0.0,1,573.0,144.0,569.0,253.0,464.0,142.0,461.0
868.0,0.0,1,573.0,144.0,569.0,253.0,464.0,142.0,461.0
868.0,0.0,1,572.0,144.0,568.0,251.0,464.0,141.0,461.0
868.0,0.0,1,572.0,144.0,568.0,251.0,464.0,141.0,461.0
868.0,0.0,1,572.0,144.0,568.0,251.0,464.0,141.0,461.0
858.0,0.0,1,572.0,144.0,568.0,251.0,464.0,141.0,461.0
858.0,0.0,1,572.0,144.0,568.0,251.0,464.0,141.0,461.0
858.0,0.0,1,572.0,147.0,568.0,255.0,465.0,144.0,463.0
858.0,0.0,1,572.0,147.0,568.0,255.0,465.0,144.0,463.0
858.0,0.0,1,572.0,147.0,568.0,255.0,465.0,144.0,463.0
858.0,0.0,1,572.0,147.0,568.0,255.0,465.0,144.0,463.0
868.0,0.0,1,572.0,147.0,568.0,255.0,465.0,144.0,463.0
868.0,0.0,1,572.0,147.0,568.0,255.0,465.0,144.0,463.0
868.0,0.0,1,571.0,148.0,568.0,255.0,464.0,144.0,463.0
868.0,0.0,1,571.0,148.0,568.0,255.0,464.0,144.0,463.0
868.0,0.0,1,571.0,148.0,568.0,255.0,464.0,144.0,463.0
868.0,0.0,1,571.0,148.0,568.0,255.0,464.0,144.0,463.0
868.0,0.0,1,571.0,148.0,568.0,255.0,464.0,144.0,463.0
868.0,0.0,1,572.0,144.0,568.0,253.0,464.0,143.0,462.0
868.0,0.0,1,572.0,144.0,568.0,253.0,464.0,143.0,462.0
868.0,0.0,1,572.0,144.0,568.0,253.0,464.0,143.0,462.0
868.0,0.0,1,572.0,144.0,568.0,253.0,464.0,143.0,462.0
868.0,0.0,1,572.0,144.0,568.0,253.0,464.0,143.0,462.0
869.0,0.0,1,572.0,144.0,568.0,253.0,464.0,143.0,462.0
869.0,0.0,1,572.0,144.0,568.0,253.0,464.0,143.0,462.0
869.0,0.0,1,572.0,144.0,568.0,253.0,464.0,143.0,462.0
869.0,0.0,1,572.0,144.0,568.0,253.0,464.0,143.0,462.0
869.0,0.0,1,572.0,144.0,568.0,253.0,464.0,143.0,462.0
869.0,0.0,1,571.0,144.0,568.0,252.0,464.0,143.0,462.0
868.0,0.0,1,571.0,144.0,568.0,252.0,464.0,143.0,462.0
868.0,0.0,1,571.0,144.0,568.0,252.0,464.0,143.0,462.0
868.0,0.0,1,571.0,144.0,568.0,252.0,464.0,143.0,462.0
868.0,0.0,1,571.0,144.0,568.0,252.0,464.0,143.0,462.0
868.0,0.0,1,571.0,144.0,568.0,252.0,464.0,143.0,462.0
868.0,0.0,1,569.0,145.0,567.0,251.0,464.0,143.0,461.0
868.0,0.0,1,569.0,145.0,567.0,251.0,464.0,143.0,461.0
868.0,0.0,1,569.0,145.0,567.0,251.0,464.0,143.0,461.0
868.0,0.0,1,569.0,145.0,567.0,251.0,464.0,143.0,461.0
868.0,0.0,1,569.0,145.0,567.0,251.0,464.0,143.0,461.0
868.0,0.0,1,570.0,149.0,567.0,254.0,464.0,146.0,463.0
878.0,0.0,1,570.0,149.0,567.0,254.0,464.0,146.0,463.0
878.0,0.0,1,570.0,149.0,567.0,254.0,464.0,146.0,463.0
878.0,0.0,1,570.0,149.0,567.0,254.0,464.0,146.0,463.0
878.0,0.0,1,570.0,149.0,567.0,254.0,464.0,146.0,463.0
878.0,0.0,1,570.0,152.0,567.0,256.0,465.0,150.0,463.0
878.0,0.0,1,570.0,152.0,567.0,256.0,465.0,150.0,463.0
888.0,0.0,1,570.0,152.0,567.0,256.0,465.0,150.0,463.0
888.0,0.0,1,570.0,152.0,567.0,256.0,465.0,150.0,463.0
888.0,0.0,1,570.0,152.0,567.0,256.0,465.0,150.0,463.0
888.0,0.0,1,570.0,152.0,567.0,256.0,465.0,150.0,463.0
888.0,0.0,1,567.0,152.0,563.0,255.0,464.0,149.0,462.0
888.0,0.0,1,567.0,152.0,563.0,255.0,464.0,149.0,462.0
886.0,0.0,1,567.0,152.0,563.0,255.0,464.0,149.0,462.0
886.0,0.0,1,567.0,152.0,563.0,255.0,464.0,149.0,462.0
886.0,0.0,1,567.0,152.0,563.0,255.0,464.0,149.0,462.0
886.0,0.0,1,566.0,153.0,561.0,255.0,464.0,150.0,462.0
886.0,0.0,1,566.0,153.0,561.0,255.0,464.0,150.0,462.0
886.0,0.0,1,566.0,153.0,561.0,255.0,464.0,150.0,462.0
909.0,0.0,1,566.0,153.0,561.0,255.0,464.0,150.0,462.0
909.0,0.0,1,566.0,153.0,561.0,255.0,464.0,150.0,462.0
909.0,0.0,1,566.0,154.0,561.0,255.0,465.0,151.0,462.0
909.0,0.0,1,566.0,154.0,561.0,255.0,465.0,151.0,462.0
909.0,0.0,1,566.0,154.0,561.0,255.0,465.0,151.0,462.0
909.0,0.0,1,566.0,154.0,561.0,255.0,465.0,151.0,462.0
917.0,0.0,1,566.0,154.0,561.0,255.0,465.0,151.0,462.0
917.0,0.0,1,566.0,154.0,561.0,255.0,465.0,151.0,462.0
917.0,0.0,1,565.0,154.0,561.0,255.0,464.0,151.0,462.0
917.0,0.0,1,565.0,154.0,561.0,255.0,464.0,151.0,462.0
917.0,0.0,1,565.0,154.0,561.0,255.0,464.0,151.0,462.0
917.0,0.0,1,565.0,154.0,561.0,255.0,464.0,151.0,462.0
927.0,0.0,1,565.0,154.0,561.0,255.0,464.0,151.0,462.0
927.0,0.0,1,563.0,155.0,560.0,253.0,464.0,152.0,462.0
927.0,0.0,1,563.0,155.0,560.0,253.0,464.0,152.0,462.0
927.0,0.0,1,563.0,155.0,560.0,253.0,464.0,152.0,462.0
927.0,0.0,1,563.0,155.0,560.0,253.0,464.0,152.0,462.0
927.0,0.0,1,563.0,155.0,560.0,253.0,464.0,152.0,462.0
938.0,0.0,1,562.0,155.0,560.0,252.0,464.0,152.0,462.0
938.0,0.0,1,562.0,155.0,560.0,252.0,464.0,152.0,462.0
938.0,0.0,1,562.0,155.0,560.0,252.0,464.0,152.0,462.0
938.0,0.0,1,562.0,155.0,560.0,252.0,464.0,152.0,462.0
938.0,0.0,1,562.0,155.0,560.0,252.0,464.0,152.0,462.0
938.0,0.0,1,562.0,156.0,559.0,251.0,464.0,153.0,462.0
948.0,0.0,1,562.0,156.0,559.0,251.0,464.0,153.0,462.0
948.0,0.0,1,562.0,156.0,559.0,251.0,464.0,153.0,462.0
948.0,0.0,1,562.0,156.0,559.0,251.0,464.0,153.0,462.0
948.0,0.0,1,562.0,156.0,559.0,251.0,464.0,153.0,462.0
948.0,0.0,1,562.0,156.0,559.0,251.0,464.0,153.0,462.0
948.0,0.0,1,561.0,156.0,559.0,251.0,464.0,154.0,462.0
958.0,0.0,1,561.0,156.0,559.0,251.0,464.0,154.0,462.0
958.0,0.0,1,561.0,156.0,559.0,251.0,464.0,154.0,462.0
958.0,0.0,1,561.0,156.0,559.0,251.0,464.0,154.0,462.0
958.0,0.0,1,561.0,156.0,559.0,251.0,464.0,154.0,462.0
958.0,0.0,1,561.0,158.0,558.0,253.0,464.0,156.0,463.0
958.0,0.0,1,561.0,158.0,558.0,253.0,464.0,156.0,463.0
978.0,0.0,1,561.0,158.0,558.0,253.0,464.0,156.0,463.0
978.0,0.0,1,561.0,158.0,558.0,253.0,464.0,156.0,463.0
978.0,0.0,1,561.0,158.0,558.0,253.0,464.0,156.0,463.0
978.0,0.0,1,561.0,159.0,558.0,252.0,466.0,157.0,465.0
978.0,0.0,1,561.0,159.0,558.0,252.0,466.0,157.0,465.0
978.0,0.0,1,561.0,159.0,558.0,252.0,466.0,157.0,465.0
978.0,0.0,1,561.0,159.0,558.0,252.0,466.0,157.0,465.0
978.0,0.0,1,561.0,159.0,558.0,252.0,466.0,157.0,465.0
978.0,0.0,1,561.0,159.0,558.0,252.0,466.0,157.0,465.0
978.0,0.0,1,559.0,161.0,557.0,254.0,466.0,158.0,465.0
978.0,0.0,1,559.0,161.0,557.0,254.0,466.0,158.0,465.0
978.0,0.0,1,559.0,161.0,557.0,254.0,466.0,158.0,465.0
988.0,0.0,1,559.0,161.0,557.0,254.0,466.0,158.0,465.0
988.0,0.0,1,559.0,161.0,557.0,254.0,466.0,158.0,465.0
988.0,0.0,1,558.0,161.0,556.0,254.0,467.0,159.0,465.0
988.0,0.0,1,558.0,161.0,556.0,254.0,467.0,159.0,465.0
988.0,0.0,1,558.0,161.0,556.0,254.0,467.0,159.0,465.0
988.0,0.0,1,558.0,161.0,556.0,254.0,467.0,159.0,465.0
997.0,0.0,1,558.0,161.0,556.0,254.0,467.0,159.0,465.0
997.0,0.0,1,558.0,162.0,556.0,254.0,467.0,159.0,466.0
997.0,0.0,1,558.0,162.0,556.0,254.0,467.0,159.0,466.0
997.0,0.0,1,558.0,162.0,556.0,254.0,467.0,159.0,466.0
997.0,0.0,1,558.0,162.0,556.0,254.0,467.0,159.0,466.0
997.0,0.0,1,558.0,162.0,556.0,254.0,467.0,159.0,466.0
1007.0,0.0,1,558.0,162.0,556.0,254.0,467.0,159.0,466.0
1007.0,0.0,1,558.0,163.0,555.0,254.0,467.0,160.0,466.0
1007.0,0.0,1,558.0,163.0,555.0,254.0,467.0,160.0,466.0
1007.0,0.0,1,558.0,163.0,555.0,254.0,467.0,160.0,466.0
1007.0,0.0,1,558.0,163.0,555.0,254.0,467.0,160.0,466.0
1007.0,0.0,1,558.0,163.0,555.0,254.0,467.0,160.0,466.0
1016.0,0.0,1,557.0,164.0,554.0,254.0,467.0,161.0,466.0
1016.0,0.0,1,557.0,164.0,554.0,254.0,467.0,161.0,466.0
1016.0,0.0,1,557.0,164.0,554.0,254.0,467.0,161.0,466.0
1016.0,0.0,1,557.0,164.0,554.0,254.0,467.0,161.0,466.0
1016.0,0.0,1,557.0,164.0,554.0,254.0,467.0,161.0,466.0
1016.0,0.0,1,556.0,164.0,554.0,255.0,468.0,162.0,466.0
1036.0,0.0,1,556.0,164.0,554.0,255.0,468.0,162.0,466.0
1036.0,0.0,1,556.0,164.0,554.0,255.0,468.0,162.0,466.0
1036.0,0.0,1,556.0,164.0,554.0,255.0,468.0,162.0,466.0
1036.0,0.0,1,556.0,164.0,554.0,255.0,468.0,162.0,466.0
1036.0,0.0,1,555.0,165.0,553.0,254.0,467.0,163.0,465.0
1036.0,0.0,1,555.0,165.0,553.0,254.0,467.0,163.0,465.0
1038.0,0.0,1,555.0,165.0,553.0,254.0,467.0,163.0,465.0
1038.0,0.0,1,555.0,165.0,553.0,254.0,467.0,163.0,465.0
1038.0,0.0,1,555.0,165.0,553.0,254.0,467.0,163.0,465.0
1038.0,0.0,1,555.0,165.0,553.0,254.0,467.0,163.0,465.0
1038.0,0.0,1,555.0,169.0,552.0,255.0,467.0,166.0,466.0
1038.0,0.0,1,555.0,169.0,552.0,255.0,467.0,166.0,466.0
1046.0,0.0,1,555.0,169.0,552.0,255.0,467.0,166.0,466.0
1046.0,0.0,1,555.0,169.0,552.0,255.0,467.0,166.0,466.0
1046.0,0.0,1,555.0,169.0,552.0,255.0,467.0,166.0,466.0
1046.0,0.0,1,555.0,171.0,551.0,258.0,467.0,168.0,465.0
1046.0,0.0,1,555.0,171.0,551.0,258.0,467.0,168.0,465.0
1046.0,0.0,1,555.0,171.0,551.0,258.0,467.0,168.0,465.0
1057.0,0.0,1,555.0,171.0,551.0,258.0,467.0,168.0,465.0
1057.0,0.0,1,555.0,171.0,551.0,258.0,467.0,168.0,465.0
1057.0,0.0,1,555.0,171.0,551.0,258.0,467.0,168.0,465.0
1057.0,0.0,1,555.0,171.0,552.0,257.0,467.0,168.0,466.0
1057.0,0.0,1,555.0,171.0,552.0,257.0,467.0,168.0,466.0
1057.0,0.0,1,555.0,171.0,552.0,257.0,467.0,168.0,466.0
1074.0,0.0,1,555.0,171.0,552.0,257.0,467.0,168.0,466.0
1074.0,0.0,1,555.0,171.0,552.0,257.0,467.0,168.0,466.0
1074.0,0.0,1,555.0,170.0,553.0,256.0,467.0,167.0,466.0
1074.0,0.0,1,555.0,170.0,553.0,256.0,467.0,167.0,466.0
1074.0,0.0,1,555.0,170.0,553.0,256.0,467.0,167.0,466.0
1074.0,0.0,1,555.0,170.0,553.0,256.0,467.0,167.0,466.0
1065.0,0.0,1,555.0,170.0,553.0,256.0,467.0,167.0,466.0
1065.0,0.0,1,555.0,169.0,552.0,255.0,467.0,166.0,466.0
1065.0,0.0,1,555.0,169.0,552.0,255.0,467.0,166.0,466.0
1065.0,0.0,1,555.0,169.0,552.0,255.0,467.0,166.0,466.0
1065.0,0.0,1,555.0,169.0,552.0,255.0,467.0,166.0,466.0
1065.0,0.0,0,555.0,169.0,552.0,255.0,467.0,166.0,466.0
1067.0,0.0,0,555.0,170.0,553.0,256.0,467.0,167.0,466.0
1067.0,0.0,0,555.0,170.0,553.0,256.0,467.0,167.0,466.0
1067.0,0.0,0,555.0,170.0,553.0,256.0,467.0,167.0,466.0
1067.0,0.0,0,555.0,170.0,553.0,256.0,467.0,167.0,466.0
1067.0,0.0,0,555.0,170.0,553.0,256.0,467.0,167.0,466.0
1067.0,0.0,0,555.0,170.0,553.0,256.0,467.0,167.0,466.0
1074.0,0.0,0,555.0,170.0,553.0,255.0,467.0,167.0,466.0
1074.0,0.0,0,555.0,170.0,553.0,255.0,467.0,167.0,466.0
1074.0,0.0,0,555.0,170.0,553.0,255.0,467.0,167.0,466.0
1074.0,0.0,0,555.0,170.0,553.0,255.0,467.0,167.0,466.0
1074.0,0.0,0,555.0,170.0,553.0,255.0,467.0,167.0,466.0
1074.0,0.0,0,554.0,170.0,553.0,255.0,467.0,166.0,466.0
1074.0,0.0,0,554.0,170.0,553.0,255.0,467.0,166.0,466.0
1074.0,0.0,0,554.0,170.0,553.0,255.0,467.0,166.0,466.0
1074.0,0.0,0,554.0,170.0,553.0,255.0,467.0,166.0,466.0
1074.0,0.0,0,554.0,170.0,553.0,255.0,467.0,166.0,466.0
1074.0,0.0,0,555.0,170.0,553.0,255.0,467.0,166.0,466.0
1074.0,0.0,0,555.0,170.0,553.0,255.0,467.0,166.0,466.0
1076.0,0.0,0,555.0,170.0,553.0,255.0,467.0,166.0,466.0
1076.0,0.0,0,555.0,170.0,553.0,255.0,467.0,166.0,466.0
1076.0,0.0,0,555.0,170.0,553.0,255.0,467.0,166.0,466.0
1076.0,0.0,0,555.0,170.0,553.0,255.0,467.0,166.0,466.0
1076.0,0.0,0,555.0,170.0,552.0,255.0,467.0,166.0,466.0
1076.0,0.0,0,555.0,170.0,552.0,255.0,467.0,166.0,466.0
1065.0,0.0,0,555.0,170.0,552.0,255.0,467.0,166.0,466.0
1065.0,0.0,0,555.0,170.0,552.0,255.0,467.0,166.0,466.0
1065.0,0.0,0,555.0,170.0,552.0,255.0,467.0,166.0,466.0
1065.0,0.0,0,555.0,170.0,552.0,256.0,467.0,167.0,466.0
1065.0,0.0,0,555.0,170.0,552.0,256.0,467.0,167.0,466.0
1065.0,0.0,0,555.0,170.0,552.0,256.0,467.0,167.0,466.0
1074.0,0.0,0,555.0,170.0,552.0,256.0,467.0,167.0,466.0
1074.0,0.0,0,555.0,170.0,552.0,256.0,467.0,167.0,466.0
1074.0,0.0,0,555.0,170.0,552.0,256.0,467.0,167.0,466.0
1074.0,0.0,0,555.0,170.0,552.0,256.0,467.0,167.0,466.0
1074.0,0.0,0,555.0,170.0,552.0,256.0,467.0,167.0,466.0
1074.0,0.0,0,555.0,170.0,552.0,256.0,467.0,167.0,466.0
1074.0,0.0,0,555.0,170.0,552.0,256.0,467.0,167.0,466.0
1074.0,0.0,0,555.0,170.0,552.0,256.0,467.0,167.0,466.0
1074.0,0.0,0,555.0,170.0,552.0,256.0,467.0,167.0,466.0
1074.0,0.0,0,555.0,170.0,552.0,256.0,467.0,167.0,466.0
1074.0,0.0,0,555.0,170.0,552.0,256.0,467.0,167.0,466.0
1074.0,0.0,0,555.0,170.0,552.0,256.0,467.0,167.0,466.0
1074.0,0.0,0,555.0,170.0,552.0,256.0,467.0,167.0,466.0
1074.0,0.0,0,555.0,170.0,552.0,255.0,467.0,166.0,466.0
1074.0,0.0,0,555.0,170.0,552.0,255.0,467.0,166.0,466.0
1074.0,0.0,0,555.0,170.0,552.0,255.0,467.0,166.0,466.0
1074.0,0.0,0,555.0,170.0,552.0,255.0,467.0,166.0,466.0
1074.0,0.0,0,555.0,170.0,552.0,255.0,467.0,166.0,466.0
1067.0,0.0,0,554.0,170.0,552.0,256.0,467.0,167.0,466.0
1067.0,0.0,0,554.0,170.0,552.0,256.0,467.0,167.0,466.0
1067.0,0.0,0,554.0,170.0,552.0,256.0,467.0,167.0,466.0
1067.0,0.0,0,554.0,170.0,552.0,256.0,467.0,167.0,466.0
1067.0,0.0,0,554.0,170.0,552.0,256.0,467.0,167.0,466.0
1067.0,0.0,0,554.0,170.0,552.0,256.0,467.0,167.0,466.0
1074.0,0.0,0,555.0,170.0,552.0,256.0,467.0,167.0,466.0
1074.0,0.0,0,555.0,170.0,552.0,256.0,467.0,167.0,466.0
1074.0,0.0,0,555.0,170.0,552.0,256.0,467.0,167.0,466.0
1074.0,0.0,0,555.0,170.0,552.0,256.0,467.0,167.0,466.0
1074.0,0.0,0,555.0,170.0,552.0,256.0,467.0,167.0,466.0
1074.0,0.0,0,555.0,170.0,552.0,256.0,467.0,167.0,466.0
1074.0,0.0,0,555.0,170.0,552.0,256.0,467.0,167.0,466.0
1074.0,0.0,0,555.0,170.0,552.0,256.0,467.0,167.0,466.0
1074.0,0.0,0,555.0,170.0,552.0,256.0,467.0,167.0,466.0
1074.0,0.0,0,555.0,170.0,552.0,256.0,467.0,167.0,466.0
1074.0,0.0,0,555.0,170.0,552.0,256.0,467.0,167.0,466.0
1074.0,0.0,0,555.0,170.0,552.0,256.0,467.0,167.0,466.0
1076.0,0.0,0,555.0,170.0,552.0,256.0,467.0,167.0,466.0
1076.0,0.0,0,555.0,170.0,552.0,256.0,467.0,167.0,466.0
1076.0,0.0,0,555.0,170.0,552.0,256.0,467.0,167.0,466.0
1076.0,0.0,0,555.0,170.0,552.0,256.0,467.0,166.0,466.0
1076.0,0.0,0,555.0,170.0,552.0,256.0,467.0,166.0,466.0
1076.0,0.0,0,555.0,170.0,552.0,256.0,467.0,166.0,466.0
1066.0,0.0,0,555.0,170.0,552.0,256.0,467.0,166.0,466.0
1066.0,0.0,0,555.0,170.0,552.0,256.0,467.0,166.0,466.0
1066.0,0.0,0,555.0,170.0,552.0,256.0,467.0,166.0,466.0
1066.0,0.0,0,555.0,170.0,552.0,256.0,467.0,167.0,466.0
1066.0,0.0,0,555.0,170.0,552.0,256.0,467.0,167.0,466.0
1066.0,0.0,0,555.0,170.0,552.0,256.0,467.0,167.0,466.0
1066.0,0.0,0,555.0,170.0,552.0,256.0,467.0,167.0,466.0
1066.0,0.0,0,555.0,170.0,552.0,256.0,467.0,167.0,466.0
1066.0,0.0,0,555.0,170.0,552.0,256.0,467.0,167.0,466.0
1066.0,0.0,0,555.0,170.0,552.0,256.0,467.0,167.0,466.0
1066.0,0.0,0,555.0,170.0,552.0,256.0,467.0,167.0,466.0
1066.0,0.0,1,555.0,170.0,552.0,256.0,467.0,167.0,466.0
1066.0,0.0,1,555.0,170.0,552.0,256.0,467.0,167.0,466.0
1066.0,0.0,1,555.0,170.0,553.0,255.0,467.0,166.0,466.0
1066.0,0.0,1,555.0,170.0,553.0,255.0,467.0,166.0,466.0
1066.0,0.0,1,555.0,170.0,553.0,255.0,467.0,166.0,466.0
1066.0,0.0,1,555.0,170.0,553.0,255.0,467.0,166.0,466.0
1066.0,0.0,1,555.0,170.0,553.0,255.0,467.0,166.0,466.0
1077.0,0.0,1,555.0,170.0,553.0,255.0,467.0,166.0,466.0
1077.0,0.0,1,555.0,169.0,553.0,255.0,467.0,166.0,466.0
1077.0,0.0,1,555.0,169.0,553.0,255.0,467.0,166.0,466.0
1077.0,0.0,1,555.0,169.0,553.0,255.0,467.0,166.0,466.0
1077.0,0.0,1,555.0,169.0,553.0,255.0,467.0,166.0,466.0
1077.0,0.0,0,555.0,169.0,553.0,255.0,467.0,166.0,466.0
1066.0,0.0,0,555.0,169.0,553.0,255.0,468.0,166.0,466.0
1066.0,0.0,0,555.0,169.0,553.0,255.0,468.0,166.0,466.0
1066.0,0.0,0,555.0,169.0,553.0,255.0,468.0,166.0,466.0
1066.0,0.0,0,555.0,169.0,553.0,255.0,468.0,166.0,466.0
1066.0,0.0,0,555.0,169.0,553.0,255.0,468.0,166.0,466.0
1066.0,0.0,0,555.0,169.0,553.0,255.0,468.0,165.0,467.0
1066.0,0.0,0,555.0,169.0,553.0,255.0,468.0,165.0,467.0
1066.0,0.0,0,555.0,169.0,553.0,255.0,468.0,165.0,467.0
1066.0,0.0,0,555.0,169.0,553.0,255.0,468.0,165.0,467.0
1066.0,0.0,0,555.0,169.0,553.0,255.0,468.0,165.0,467.0
1066.0,0.0,0,555.0,169.0,553.0,255.0,468.0,165.0,467.0
1066.0,0.0,1,554.0,170.0,551.0,257.0,467.0,167.0,465.0
1067.0,0.0,1,554.0,170.0,551.0,257.0,467.0,167.0,465.0
1067.0,0.0,1,554.0,170.0,551.0,257.0,467.0,167.0,465.0
1067.0,0.0,1,554.0,170.0,551.0,257.0,467.0,167.0,465.0
1067.0,0.0,1,554.0,170.0,551.0,257.0,467.0,167.0,465.0
1067.0,0.0,1,555.0,169.0,552.0,256.0,467.0,166.0,466.0
1067.0,0.0,1,555.0,169.0,552.0,256.0,467.0,166.0,466.0
1067.0,0.0,1,555.0,169.0,552.0,256.0,467.0,166.0,466.0
1067.0,0.0,1,555.0,169.0,552.0,256.0,467.0,166.0,466.0
1067.0,0.0,1,555.0,169.0,552.0,256.0,467.0,166.0,466.0
1067.0,0.0,1,556.0,165.0,554.0,255.0,468.0,163.0,466.0
1067.0,0.0,1,556.0,165.0,554.0,255.0,468.0,163.0,466.0
1067.0,0.0,1,556.0,165.0,554.0,255.0,468.0,163.0,466.0
1066.0,0.0,1,556.0,165.0,554.0,255.0,468.0,163.0,466.0
1066.0,0.0,1,556.0,165.0,554.0,255.0,468.0,163.0,466.0
1066.0,0.0,1,556.0,165.0,554.0,255.0,468.0,163.0,466.0
1066.0,0.0,1,556.0,164.0,554.0,254.0,467.0,161.0,466.0
1066.0,0.0,1,556.0,164.0,554.0,254.0,467.0,161.0,466.0
1066.0,0.0,1,556.0,164.0,554.0,254.0,467.0,161.0,466.0
1058.0,0.0,1,556.0,164.0,554.0,254.0,467.0,161.0,466.0
1058.0,0.0,1,556.0,164.0,554.0,254.0,467.0,161.0,466.0
1058.0,0.0,1,557.0,164.0,555.0,255.0,467.0,161.0,465.0
1058.0,0.0,1,557.0,164.0,555.0,255.0,467.0,161.0,465.0
1058.0,0.0,1,557.0,164.0,555.0,255.0,467.0,161.0,465.0
1058.0,0.0,1,557.0,164.0,555.0,255.0,467.0,161.0,465.0
1049.0,0.0,1,557.0,164.0,555.0,255.0,467.0,161.0,465.0
1049.0,0.0,1,558.0,162.0,555.0,255.0,466.0,159.0,464.0
1049.0,0.0,1,558.0,162.0,555.0,255.0,466.0,159.0,464.0
1049.0,0.0,1,558.0,162.0,555.0,255.0,466.0,159.0,464.0
1049.0,0.0,1,558.0,162.0,555.0,255.0,466.0,159.0,464.0
1049.0,0.0,1,558.0,162.0,555.0,255.0,466.0,159.0,464.0
1017.0,0.0,1,558.0,161.0,556.0,255.0,465.0,157.0,462.0
1017.0,0.0,1,558.0,161.0,556.0,255.0,465.0,157.0,462.0
1017.0,0.0,1,558.0,161.0,556.0,255.0,465.0,157.0,462.0
1017.0,0.0,1,558.0,161.0,556.0,255.0,465.0,157.0,462.0
1017.0,0.0,1,558.0,161.0,556.0,255.0,465.0,157.0,462.0
998.0,0.0,1,558.0,161.0,556.0,255.0,465.0,157.0,462.0
998.0,0.0,1,560.0,157.0,557.0,254.0,463.0,154.0,461.0
998.0,0.0,1,560.0,157.0,557.0,254.0,463.0,154.0,461.0
998.0,0.0,1,560.0,157.0,557.0,254.0,463.0,154.0,461.0
998.0,0.0,1,560.0,157.0,557.0,254.0,463.0,154.0,461.0
998.0,0.0,1,560.0,157.0,557.0,254.0,463.0,154.0,461.0
969.0,0.0,1,562.0,156.0,559.0,256.0,462.0,153.0,461.0
969.0,0.0,1,562.0,156.0,559.0,256.0,462.0,153.0,461.0
969.0,0.0,1,562.0,156.0,559.0,256.0,462.0,153.0,461.0
969.0,0.0,1,562.0,156.0,559.0,256.0,462.0,153.0,461.0
969.0,0.0,1,562.0,156.0,559.0,256.0,462.0,153.0,461.0
969.0,0.0,1,565.0,154.0,560.0,256.0,462.0,152.0,460.0
939.0,0.0,1,565.0,154.0,560.0,256.0,462.0,152.0,460.0
939.0,0.0,1,565.0,154.0,560.0,256.0,462.0,152.0,460.0
939.0,0.0,1,565.0,154.0,560.0,256.0,462.0,152.0,460.0
939.0,0.0,1,565.0,154.0,560.0,256.0,462.0,152.0,460.0
939.0,0.0,1,565.0,154.0,560.0,256.0,462.0,152.0,460.0
939.0,0.0,1,568.0,149.0,564.0,256.0,462.0,145.0,458.0
910.0,0.0,1,568.0,149.0,564.0,256.0,462.0,145.0,458.0
910.0,0.0,1,568.0,149.0,564.0,256.0,462.0,145.0,458.0
910.0,0.0,1,568.0,149.0,564.0,256.0,462.0,145.0,458.0
910.0,0.0,1,568.0,149.0,564.0,256.0,462.0,145.0,458.0
910.0,0.0,1,568.0,147.0,566.0,257.0,456.0,143.0,455.0
910.0,0.0,1,568.0,147.0,566.0,257.0,456.0,143.0,455.0
880.0,0.0,1,568.0,147.0,566.0,257.0,456.0,143.0,455.0
880.0,0.0,1,568.0,147.0,566.0,257.0,456.0,143.0,455.0
880.0,0.0,1,568.0,147.0,566.0,257.0,456.0,143.0,455.0
880.0,0.0,1,569.0,144.0,566.0,259.0,454.0,140.0,451.0
880.0,0.0,1,569.0,144.0,566.0,259.0,454.0,140.0,451.0
880.0,0.0,1,569.0,144.0,566.0,259.0,454.0,140.0,451.0
843.0,0.0,1,569.0,144.0,566.0,259.0,454.0,140.0,451.0
843.0,0.0,1,569.0,144.0,566.0,259.0,454.0,140.0,451.0
843.0,0.0,1,569.0,144.0,566.0,259.0,454.0,140.0,451.0
843.0,0.0,1,574.0,137.0,568.0,258.0,451.0,133.0,448.0
843.0,0.0,1,574.0,137.0,568.0,258.0,451.0,133.0,448.0
843.0,0.0,1,574.0,137.0,568.0,258.0,451.0,133.0,448.0
804.0,0.0,1,574.0,137.0,568.0,258.0,451.0,133.0,448.0
804.0,0.0,1,574.0,137.0,568.0,258.0,451.0,133.0,448.0
804.0,0.0,1,576.0,131.0,572.0,258.0,448.0,128.0,447.0
804.0,0.0,1,576.0,131.0,572.0,258.0,448.0,128.0,447.0
804.0,0.0,1,576.0,131.0,572.0,258.0,448.0,128.0,447.0
804.0,0.0,1,576.0,131.0,572.0,258.0,448.0,128.0,447.0
775.0,0.0,1,576.0,131.0,572.0,258.0,448.0,128.0,447.0
775.0,0.0,1,582.0,122.0,577.0,253.0,448.0,116.0,444.0
775.0,0.0,1,582.0,122.0,577.0,253.0,448.0,116.0,444.0
775.0,0.0,1,582.0,122.0,577.0,253.0,448.0,116.0,444.0
775.0,0.0,1,582.0,122.0,577.0,253.0,448.0,116.0,444.0
775.0,0.0,1,582.0,122.0,577.0,253.0,448.0,116.0,444.0
735.0,0.0,1,587.0,111.0,581.0,251.0,446.0,107.0,442.0
735.0,0.0,1,587.0,111.0,581.0,251.0,446.0,107.0,442.0
735.0,0.0,1,587.0,111.0,581.0,251.0,446.0,107.0,442.0
735.0,0.0,1,587.0,111.0,581.0,251.0,446.0,107.0,442.0
735.0,0.0,1,587.0,111.0,581.0,251.0,446.0,107.0,442.0
735.0,0.0,1,587.0,111.0,581.0,251.0,446.0,107.0,442.0
698.0,0.0,1,591.0,106.0,586.0,251.0,444.0,99.0,440.0
698.0,0.0,1,591.0,106.0,586.0,251.0,444.0,99.0,440.0
698.0,0.0,1,591.0,106.0,586.0,251.0,444.0,99.0,440.0
698.0,0.0,1,591.0,106.0,586.0,251.0,444.0,99.0,440.0
698.0,0.0,1,591.0,106.0,586.0,251.0,444.0,99.0,440.0
698.0,0.0,1,594.0,98.0,588.0,249.0,441.0,93.0,438.0
637.0,0.0,1,594.0,98.0,588.0,249.0,441.0,93.0,438.0
637.0,0.0,1,594.0,98.0,588.0,249.0,441.0,93.0,438.0
637.0,0.0,1,594.0,98.0,588.0,249.0,441.0,93.0,438.0
637.0,0.0,1,594.0,98.0,588.0,249.0,441.0,93.0,438.0
637.0,0.0,1,594.0,98.0,588.0,249.0,441.0,93.0,438.0
637.0,0.0,1,597.0,89.0,592.0,246.0,440.0,83.0,435.0
612.0,0.0,1,597.0,89.0,592.0,246.0,440.0,83.0,435.0
612.0,0.0,1,597.0,89.0,592.0,246.0,440.0,83.0,435.0
612.0,0.0,1,597.0,89.0,592.0,246.0,440.0,83.0,435.0
612.0,0.0,1,597.0,89.0,592.0,246.0,440.0,83.0,435.0
612.0,0.0,1,598.0,82.0,593.0,244.0,435.0,75.0,431.0
612.0,0.0,1,598.0,82.0,593.0,244.0,435.0,75.0,431.0
583.0,0.0,1,598.0,82.0,593.0,244.0,435.0,75.0,431.0
583.0,0.0,1,598.0,82.0,593.0,244.0,435.0,75.0,431.0
583.0,0.0,1,598.0,82.0,593.0,244.0,435.0,75.0,431.0
583.0,0.0,1,600.0,76.0,595.0,241.0,432.0,68.0,428.0
583.0,0.0,1,600.0,76.0,595.0,241.0,432.0,68.0,428.0
583.0,0.0,1,600.0,76.0,595.0,241.0,432.0,68.0,428.0
570.0,0.0,1,600.0,76.0,595.0,241.0,432.0,68.0,428.0
570.0,0.0,1,600.0,76.0,595.0,241.0,432.0,68.0,428.0
570.0,0.0,1,602.0,69.0,597.0,239.0,428.0,62.0,426.0
570.0,0.0,1,602.0,69.0,597.0,239.0,428.0,62.0,426.0
570.0,0.0,1,602.0,69.0,597.0,239.0,428.0,62.0,426.0
570.0,0.0,1,602.0,69.0,597.0,239.0,428.0,62.0,426.0
551.0,0.0,1,602.0,69.0,597.0,239.0,428.0,62.0,426.0
551.0,0.0,1,602.0,69.0,597.0,239.0,428.0,62.0,426.0
551.0,0.0,1,602.0,65.0,598.0,237.0,427.0,56.0,423.0
551.0,0.0,1,602.0,65.0,598.0,237.0,427.0,56.0,423.0
551.0,0.0,1,602.0,65.0,598.0,237.0,427.0,56.0,423.0
551.0,0.0,1,602.0,65.0,598.0,237.0,427.0,56.0,423.0
528.0,0.0,1,602.0,65.0,598.0,237.0,427.0,56.0,423.0
528.0,0.0,1,604.0,61.0,599.0,237.0,426.0,53.0,421.0
528.0,0.0,1,604.0,61.0,599.0,237.0,426.0,53.0,421.0
528.0,0.0,1,604.0,61.0,599.0,237.0,426.0,53.0,421.0
528.0,0.0,1,604.0,61.0,599.0,237.0,426.0,53.0,421.0
528.0,0.0,1,604.0,61.0,599.0,237.0,426.0,53.0,421.0
526.0,0.0,1,605.0,62.0,600.0,237.0,427.0,53.0,422.0
526.0,0.0,1,605.0,62.0,600.0,237.0,427.0,53.0,422.0
526.0,0.0,1,605.0,62.0,600.0,237.0,427.0,53.0,422.0
526.0,0.0,1,605.0,62.0,600.0,237.0,427.0,53.0,422.0
526.0,0.0,1,605.0,62.0,600.0,237.0,427.0,53.0,422.0
526.0,0.0,1,605.0,62.0,600.0,237.0,427.0,53.0,422.0
526.0,0.0,1,606.0,60.0,601.0,238.0,425.0,51.0,420.0
526.0,0.0,1,606.0,60.0,601.0,238.0,425.0,51.0,420.0
526.0,0.0,1,606.0,60.0,601.0,238.0,425.0,51.0,420.0
526.0,0.0,1,606.0,60.0,601.0,238.0,425.0,51.0,420.0
526.0,0.0,1,606.0,60.0,601.0,238.0,425.0,51.0,420.0
526.0,0.0,1,608.0,50.0,602.0,234.0,422.0,41.0,418.0
526.0,0.0,1,608.0,50.0,602.0,234.0,422.0,41.0,418.0
526.0,0.0,1,608.0,50.0,602.0,234.0,422.0,41.0,418.0
526.0,0.0,1,608.0,50.0,602.0,234.0,422.0,41.0,418.0
526.0,0.0,1,608.0,50.0,602.0,234.0,422.0,41.0,418.0
526.0,0.0,1,610.0,47.0,603.0,232.0,420.0,38.0,417.0
526.0,0.0,1,610.0,47.0,603.0,232.0,420.0,38.0,417.0
508.0,0.0,1,610.0,47.0,603.0,232.0,420.0,38.0,417.0
508.0,0.0,1,610.0,47.0,603.0,232.0,420.0,38.0,417.0
508.0,0.0,1,610.0,47.0,603.0,232.0,420.0,38.0,417.0
508.0,0.0,1,611.0,51.0,604.0,237.0,421.0,42.0,417.0
508.0,0.0,1,611.0,51.0,604.0,237.0,421.0,42.0,417.0
508.0,0.0,1,611.0,51.0,604.0,237.0,421.0,42.0,417.0
481.0,0.0,1,611.0,51.0,604.0,237.0,421.0,42.0,417.0
481.0,0.0,1,611.0,51.0,604.0,237.0,421.0,42.0,417.0
481.0,0.0,1,611.0,51.0,604.0,237.0,421.0,42.0,417.0
481.0,0.0,1,612.0,43.0,606.0,232.0,420.0,33.0,416.0
481.0,0.0,1,612.0,43.0,606.0,232.0,420.0,33.0,416.0
481.0,0.0,1,612.0,43.0,606.0,232.0,420.0,33.0,416.0
494.0,0.0,1,612.0,43.0,606.0,232.0,420.0,33.0,416.0
494.0,0.0,1,612.0,43.0,606.0,232.0,420.0,33.0,416.0
494.0,0.0,1,616.0,32.0,608.0,227.0,415.0,24.0,412.0
494.0,0.0,1,616.0,32.0,608.0,227.0,415.0,24.0,412.0
494.0,0.0,1,616.0,32.0,608.0,227.0,415.0,24.0,412.0
494.0,0.0,1,616.0,32.0,608.0,227.0,415.0,24.0,412.0
483.0,0.0,1,616.0,32.0,608.0,227.0,415.0,24.0,412.0
483.0,0.0,1,619.0,27.0,611.0,228.0,414.0,20.0,410.0
483.0,0.0,1,619.0,27.0,611.0,228.0,414.0,20.0,410.0
483.0,0.0,1,619.0,27.0,611.0,228.0,414.0,20.0,410.0
483.0,0.0,1,619.0,27.0,611.0,228.0,414.0,20.0,410.0
483.0,0.0,1,619.0,27.0,611.0,228.0,414.0,20.0,410.0
457.0,0.0,1,619.0,27.0,611.0,228.0,414.0,20.0,410.0
457.0,0.0,1,621.0,16.0,614.0,222.0,409.0,12.0,406.0
457.0,0.0,1,621.0,16.0,614.0,222.0,409.0,12.0,406.0
457.0,0.0,1,621.0,16.0,614.0,222.0,409.0,12.0,406.0
457.0,0.0,1,621.0,16.0,614.0,222.0,409.0,12.0,406.0
457.0,0.0,1,621.0,16.0,614.0,222.0,409.0,12.0,406.0
448.0,0.0,1,626.0,11.0,1023.0,1023.0,408.0,7.0,404.0
448.0,0.0,1,626.0,11.0,1023.0,1023.0,408.0,7.0,404.0
448.0,0.0,1,626.0,11.0,1023.0,1023.0,408.0,7.0,404.0
448.0,0.0,1,626.0,11.0,1023.0,1023.0,408.0,7.0,404.0
448.0,0.0,1,626.0,11.0,1023.0,1023.0,408.0,7.0,404.0
448.0,0.0,1,627.0,9.0,1023.0,1023.0,406.0,6.0,402.0
425.0,0.0,1,627.0,9.0,1023.0,1023.0,406.0,6.0,402.0
425.0,0.0,1,627.0,9.0,1023.0,1023.0,406.0,6.0,402.0
425.0,0.0,1,627.0,9.0,1023.0,1023.0,406.0,6.0,402.0
425.0,0.0,1,627.0,9.0,1023.0,1023.0,406.0,6.0,402.0
425.0,0.0,1,627.0,9.0,1023.0,1023.0,406.0,6.0,402.0
425.0,0.0,1,629.0,8.0,1023.0,1023.0,406.0,5.0,401.0
414.0,0.0,1,629.0,8.0,1023.0,1023.0,406.0,5.0,401.0
414.0,0.0,1,629.0,8.0,1023.0,1023.0,406.0,5.0,401.0
414.0,0.0,1,629.0,8.0,1023.0,1023.0,406.0,5.0,401.0
414.0,0.0,1,629.0,8.0,1023.0,1023.0,406.0,5.0,401.0
414.0,0.0,1,630.0,7.0,1023.0,1023.0,406.0,4.0,401.0
414.0,0.0,1,630.0,7.0,1023.0,1023.0,406.0,4.0,401.0
416.0,0.0,1,630.0,7.0,1023.0,1023.0,406.0,4.0,401.0
416.0,0.0,1,630.0,7.0,1023.0,1023.0,406.0,4.0,401.0
416.0,0.0,1,630.0,7.0,1023.0,1023.0,406.0,4.0,401.0
416.0,0.0,1,629.0,8.0,1023.0,1023.0,406.0,4.0,401.0
416.0,0.0,1,629.0,8.0,1023.0,1023.0,406.0,4.0,401.0
416.0,0.0,1,629.0,8.0,1023.0,1023.0,406.0,4.0,401.0
414.0,0.0,1,629.0,8.0,1023.0,1023.0,406.0,4.0,401.0
414.0,0.0,1,629.0,8.0,1023.0,1023.0,406.0,4.0,401.0
414.0,0.0,1,629.0,8.0,1023.0,1023.0,406.0,4.0,401.0
414.0,0.0,1,629.0,8.0,1023.0,1023.0,406.0,5.0,402.0
414.0,0.0,1,629.0,8.0,1023.0,1023.0,406.0,5.0,402.0
414.0,0.0,0,629.0,8.0,1023.0,1023.0,406.0,5.0,402.0
415.0,0.0,0,629.0,8.0,1023.0,1023.0,406.0,5.0,402.0
415.0,0.0,0,629.0,8.0,1023.0,1023.0,406.0,5.0,402.0
415.0,0.0,0,629.0,8.0,1023.0,1023.0,406.0,4.0,401.0
415.0,0.0,0,629.0,8.0,1023.0,1023.0,406.0,4.0,401.0
415.0,0.0,0,629.0,8.0,1023.0,1023.0,406.0,4.0,401.0
415.0,0.0,0,629.0,8.0,1023.0,1023.0,406.0,4.0,401.0
415.0,0.0,0,629.0,8.0,1023.0,1023.0,406.0,4.0,401.0
415.0,0.0,0,629.0,8.0,1023.0,1023.0,406.0,5.0,401.0
415.0,0.0,0,629.0,8.0,1023.0,1023.0,406.0,5.0,401.0
415.0,0.0,0,629.0,8.0,1023.0,1023.0,406.0,5.0,401.0
415.0,0.0,0,629.0,8.0,1023.0,1023.0,406.0,5.0,401.0
415.0,0.0,0,629.0,8.0,1023.0,1023.0,406.0,5.0,401.0
415.0,0.0,0,629.0,8.0,1023.0,1023.0,406.0,5.0,401.0
415.0,0.0,0,629.0,8.0,1023.0,1023.0,406.0,5.0,401.0
415.0,0.0,0,629.0,8.0,1023.0,1023.0,406.0,5.0,401.0
415.0,0.0,0,629.0,8.0,1023.0,1023.0,406.0,5.0,401.0
415.0,0.0,0,629.0,8.0,1023.0,1023.0,406.0,5.0,401.0
415.0,0.0,0,629.0,8.0,1023.0,1023.0,406.0,5.0,401.0
415.0,0.0,0,629.0,8.0,1023.0,1023.0,407.0,5.0,401.0
415.0,0.0,0,629.0,8.0,1023.0,1023.0,407.0,5.0,401.0
415.0,0.0,0,629.0,8.0,1023.0,1023.0,407.0,5.0,401.0
415.0,0.0,0,629.0,8.0,1023.0,1023.0,407.0,5.0,401.0
415.0,0.0,0,629.0,8.0,1023.0,1023.0,407.0,5.0,401.0
415.0,0.0,0,630.0,8.0,1023.0,1023.0,407.0,5.0,401.0
416.0,0.0,0,630.0,8.0,1023.0,1023.0,407.0,5.0,401.0
416.0,0.0,0,630.0,8.0,1023.0,1023.0,407.0,5.0,401.0
416.0,0.0,0,630.0,8.0,1023.0,1023.0,407.0,5.0,401.0
416.0,0.0,0,630.0,8.0,1023.0,1023.0,407.0,5.0,401.0
416.0,0.0,0,630.0,8.0,1023.0,1023.0,407.0,5.0,401.0
416.0,0.0,0,629.0,8.0,1023.0,1023.0,406.0,5.0,401.0
416.0,0.0,0,629.0,8.0,1023.0,1023.0,406.0,5.0,401.0
416.0,0.0,0,629.0,8.0,1023.0,1023.0,406.0,5.0,401.0
416.0,0.0,0,629.0,8.0,1023.0,1023.0,406.0,5.0,401.0
416.0,0.0,0,629.0,8.0,1023.0,1023.0,406.0,5.0,401.0
416.0,0.0,0,628.0,8.0,1023.0,1023.0,407.0,5.0,402.0
416.0,0.0,1,628.0,8.0,1023.0,1023.0,407.0,5.0,402.0
416.0,0.0,1,628.0,8.0,1023.0,1023.0,407.0,5.0,402.0
416.0,0.0,1,628.0,8.0,1023.0,1023.0,407.0,5.0,402.0
416.0,0.0,1,628.0,8.0,1023.0,1023.0,407.0,5.0,402.0
416.0,0.0,1,627.0,12.0,618.0,221.0,409.0,9.0,404.0
416.0,0.0,1,627.0,12.0,618.0,221.0,409.0,9.0,404.0
416.0,0.0,1,627.0,12.0,618.0,221.0,409.0,9.0,404.0
414.0,0.0,1,627.0,12.0,618.0,221.0,409.0,9.0,404.0
414.0,0.0,1,627.0,12.0,618.0,221.0,409.0,9.0,404.0
414.0,0.0,1,626.0,13.0,618.0,221.0,409.0,9.0,405.0
414.0,0.0,1,626.0,13.0,618.0,221.0,409.0,9.0,405.0
414.0,0.0,1,626.0,13.0,618.0,221.0,409.0,9.0,405.0
414.0,0.0,1,626.0,13.0,618.0,221.0,409.0,9.0,405.0
427.0,0.0,1,626.0,13.0,618.0,221.0,409.0,9.0,405.0
427.0,0.0,1,626.0,13.0,618.0,221.0,409.0,9.0,405.0
427.0,0.0,1,626.0,10.0,1023.0,1023.0,408.0,6.0,404.0
427.0,0.0,1,626.0,10.0,1023.0,1023.0,408.0,6.0,404.0
427.0,0.0,1,626.0,10.0,1023.0,1023.0,408.0,6.0,404.0
427.0,0.0,1,626.0,10.0,1023.0,1023.0,408.0,6.0,404.0
426.0,0.0,1,626.0,10.0,1023.0,1023.0,408.0,6.0,404.0
426.0,0.0,1,625.0,13.0,1023.0,1023.0,409.0,10.0,406.0
426.0,0.0,1,625.0,13.0,1023.0,1023.0,409.0,10.0,406.0
426.0,0.0,1,625.0,13.0,1023.0,1023.0,409.0,10.0,406.0
426.0,0.0,1,625.0,13.0,1023.0,1023.0,409.0,10.0,406.0
426.0,0.0,1,625.0,13.0,1023.0,1023.0,409.0,10.0,406.0
425.0,0.0,1,623.0,17.0,1023.0,1023.0,412.0,13.0,407.0
425.0,0.0,1,623.0,17.0,1023.0,1023.0,412.0,13.0,407.0
425.0,0.0,1,623.0,17.0,1023.0,1023.0,412.0,13.0,407.0
425.0,0.0,1,623.0,17.0,1023.0,1023.0,412.0,13.0,407.0
425.0,0.0,1,623.0,17.0,1023.0,1023.0,412.0,13.0,407.0
425.0,0.0,1,623.0,17.0,1023.0,1023.0,412.0,13.0,407.0
425.0,0.0,1,622.0,16.0,1023.0,1023.0,411.0,12.0,407.0
438.0,0.0,1,622.0,16.0,1023.0,1023.0,411.0,12.0,407.0
438.0,0.0,1,622.0,16.0,1023.0,1023.0,411.0,12.0,407.0
438.0,0.0,1,622.0,16.0,1023.0,1023.0,411.0,12.0,407.0
438.0,0.0,1,622.0,16.0,1023.0,1023.0,411.0,12.0,407.0
438.0,0.0,1,624.0,14.0,1023.0,1023.0,411.0,11.0,406.0
437.0,0.0,1,624.0,14.0,1023.0,1023.0,411.0,11.0,406.0
437.0,0.0,1,624.0,14.0,1023.0,1023.0,411.0,11.0,406.0
437.0,0.0,1,624.0,14.0,1023.0,1023.0,411.0,11.0,406.0
437.0,0.0,1,624.0,14.0,1023.0,1023.0,411.0,11.0,406.0
437.0,0.0,1,623.0,15.0,1023.0,1023.0,411.0,11.0,406.0
437.0,0.0,0,623.0,15.0,1023.0,1023.0,411.0,11.0,406.0
428.0,0.0,0,623.0,15.0,1023.0,1023.0,411.0,11.0,406.0
428.0,0.0,0,623.0,15.0,1023.0,1023.0,411.0,11.0,406.0
428.0,0.0,0,623.0,15.0,1023.0,1023.0,411.0,11.0,406.0
428.0,0.0,0,622.0,16.0,767.0,222.0,411.0,12.0,406.0
428.0,0.0,0,622.0,16.0,767.0,222.0,411.0,12.0,406.0
428.0,0.0,0,622.0,16.0,767.0,222.0,411.0,12.0,406.0
428.0,0.0,0,622.0,16.0,767.0,222.0,411.0,12.0,406.0
428.0,0.0,0,622.0,16.0,767.0,222.0,411.0,12.0,406.0
428.0,0.0,0,622.0,16.0,767.0,222.0,411.0,12.0,406.0
428.0,0.0,0,622.0,15.0,1023.0,1023.0,411.0,12.0,407.0
428.0,0.0,0,622.0,15.0,1023.0,1023.0,411.0,12.0,407.0
428.0,0.0,0,622.0,15.0,1023.0,1023.0,411.0,12.0,407.0
428.0,0.0,0,622.0,15.0,1023.0,1023.0,411.0,12.0,407.0
428.0,0.0,0,622.0,15.0,1023.0,1023.0,411.0,12.0,407.0
428.0,0.0,0,622.0,15.0,1023.0,1023.0,411.0,12.0,407.0
428.0,0.0,0,622.0,15.0,1023.0,1023.0,411.0,12.0,406.0
428.0,0.0,0,622.0,15.0,1023.0,1023.0,411.0,12.0,406.0
428.0,0.0,0,622.0,15.0,1023.0,1023.0,411.0,12.0,406.0
438.0,0.0,0,622.0,15.0,1023.0,1023.0,411.0,12.0,406.0
438.0,0.0,0,622.0,15.0,1023.0,1023.0,410.0,12.0,406.0
438.0,0.0,0,622.0,15.0,1023.0,1023.0,410.0,12.0,406.0
438.0,0.0,0,622.0,15.0,1023.0,1023.0,410.0,12.0,406.0
438.0,0.0,0,622.0,15.0,1023.0,1023.0,410.0,12.0,406.0
438.0,0.0,1,622.0,15.0,1023.0,1023.0,410.0,12.0,406.0
438.0,0.0,1,622.0,15.0,1023.0,1023.0,410.0,12.0,406.0
438.0,0.0,1,622.0,16.0,1023.0,1023.0,410.0,12.0,406.0
438.0,0.0,1,622.0,16.0,1023.0,1023.0,410.0,12.0,406.0
438.0,0.0,1,622.0,16.0,1023.0,1023.0,410.0,12.0,406.0
438.0,0.0,1,622.0,16.0,1023.0,1023.0,410.0,12.0,406.0
438.0,0.0,1,622.0,16.0,1023.0,1023.0,410.0,12.0,406.0
438.0,0.0,1,621.0,16.0,614.0,221.0,411.0,12.0,407.0
438.0,0.0,1,621.0,16.0,614.0,221.0,411.0,12.0,407.0
438.0,0.0,1,621.0,16.0,614.0,221.0,411.0,12.0,407.0
438.0,0.0,1,621.0,16.0,614.0,221.0,411.0,12.0,407.0
438.0,0.0,1,621.0,16.0,614.0,221.0,411.0,12.0,407.0
438.0,0.0,1,619.0,20.0,612.0,224.0,413.0,16.0,409.0
428.0,0.0,1,619.0,20.0,612.0,224.0,413.0,16.0,409.0
428.0,0.0,1,619.0,20.0,612.0,224.0,413.0,16.0,409.0
428.0,0.0,1,619.0,20.0,612.0,224.0,413.0,16.0,409.0
428.0,0.0,1,619.0,20.0,612.0,224.0,413.0,16.0,409.0
428.0,0.0,1,619.0,20.0,612.0,224.0,413.0,16.0,409.0
428.0,0.0,1,619.0,25.0,612.0,226.0,414.0,19.0,409.0
438.0,0.0,1,619.0,25.0,612.0,226.0,414.0,19.0,409.0
438.0,0.0,1,619.0,25.0,612.0,226.0,414.0,19.0,409.0
438.0,0.0,1,619.0,25.0,612.0,226.0,414.0,19.0,409.0
438.0,0.0,1,619.0,25.0,612.0,226.0,414.0,19.0,409.0
438.0,0.0,1,619.0,20.0,611.0,224.0,413.0,16.0,408.0
438.0,0.0,1,619.0,20.0,611.0,224.0,413.0,16.0,408.0
448.0,0.0,1,619.0,20.0,611.0,224.0,413.0,16.0,408.0
448.0,0.0,1,619.0,20.0,611.0,224.0,413.0,16.0,408.0
448.0,0.0,1,619.0,20.0,611.0,224.0,413.0,16.0,408.0
448.0,0.0,1,619.0,20.0,611.0,224.0,413.0,16.0,408.0
448.0,0.0,1,619.0,20.0,611.0,224.0,413.0,16.0,408.0
448.0,0.0,0,619.0,20.0,611.0,224.0,413.0,16.0,408.0
447.0,0.0,0,619.0,20.0,611.0,224.0,413.0,16.0,408.0
447.0,0.0,0,619.0,20.0,611.0,224.0,413.0,16.0,408.0
447.0,0.0,0,619.0,20.0,612.0,224.0,413.0,16.0,408.0
447.0,0.0,0,619.0,20.0,612.0,224.0,413.0,16.0,408.0
447.0,0.0,0,619.0,20.0,612.0,224.0,413.0,16.0,408.0
447.0,0.0,0,619.0,20.0,612.0,224.0,413.0,16.0,408.0
448.0,0.0,0,619.0,20.0,612.0,224.0,413.0,16.0,408.0
448.0,0.0,0,619.0,20.0,612.0,224.0,413.0,16.0,408.0
448.0,0.0,0,619.0,20.0,612.0,224.0,413.0,16.0,408.0
448.0,0.0,0,619.0,20.0,612.0,224.0,413.0,16.0,409.0
448.0,0.0,0,619.0,20.0,612.0,224.0,413.0,16.0,409.0
448.0,0.0,0,619.0,20.0,612.0,224.0,413.0,16.0,409.0
436.0,0.0,0,619.0,20.0,612.0,224.0,413.0,16.0,409.0
436.0,0.0,0,619.0,20.0,612.0,224.0,413.0,16.0,409.0
436.0,0.0,0,619.0,20.0,612.0,224.0,413.0,16.0,409.0
436.0,0.0,0,619.0,20.0,612.0,224.0,413.0,16.0,409.0
436.0,0.0,0,619.0,20.0,612.0,224.0,413.0,16.0,409.0
436.0,0.0,0,619.0,20.0,612.0,224.0,413.0,16.0,409.0
448.0,0.0,0,619.0,20.0,612.0,224.0,413.0,16.0,409.0
448.0,0.0,0,619.0,20.0,612.0,224.0,413.0,16.0,408.0
448.0,0.0,0,619.0,20.0,612.0,224.0,413.0,16.0,408.0
448.0,0.0,0,619.0,20.0,612.0,224.0,413.0,16.0,408.0
448.0,0.0,0,619.0,20.0,612.0,224.0,413.0,16.0,408.0
448.0,0.0,0,619.0,20.0,612.0,224.0,413.0,16.0,408.0
447.0,0.0,0,619.0,20.0,612.0,224.0,413.0,16.0,409.0
447.0,0.0,0,619.0,20.0,612.0,224.0,413.0,16.0,409.0
447.0,0.0,0,619.0,20.0,612.0,224.0,413.0,16.0,409.0
447.0,0.0,0,619.0,20.0,612.0,224.0,413.0,16.0,409.0
447.0,0.0,0,619.0,20.0,612.0,224.0,413.0,16.0,409.0
447.0,0.0,0,619.0,20.0,612.0,224.0,413.0,16.0,409.0
447.0,0.0,0,619.0,20.0,612.0,224.0,413.0,16.0,409.0
447.0,0.0,0,619.0,20.0,612.0,224.0,413.0,16.0,409.0
447.0,0.0,0,619.0,20.0,612.0,224.0,413.0,16.0,409.0
447.0,0.0,0,619.0,20.0,612.0,224.0,413.0,16.0,409.0
447.0,0.0,0,619.0,20.0,612.0,224.0,413.0,16.0,409.0
447.0,0.0,0,619.0,20.0,612.0,224.0,413.0,16.0,409.0
447.0,0.0,0,619.0,20.0,612.0,224.0,413.0,16.0,409.0
447.0,0.0,0,619.0,20.0,612.0,224.0,413.0,16.0,409.0
447.0,0.0,0,619.0,20.0,612.0,224.0,413.0,16.0,409.0
447.0,0.0,0,619.0,20.0,612.0,224.0,413.0,16.0,409.0
447.0,0.0,0,620.0,20.0,612.0,224.0,414.0,16.0,409.0
447.0,0.0,0,620.0,20.0,612.0,224.0,414.0,16.0,409.0
438.0,0.0,0,620.0,20.0,612.0,224.0,414.0,16.0,409.0
438.0,0.0,0,620.0,20.0,612.0,224.0,414.0,16.0,409.0
438.0,0.0,0,620.0,20.0,612.0,224.0,414.0,16.0,409.0
438.0,0.0,0,620.0,20.0,612.0,224.0,413.0,16.0,409.0
438.0,0.0,0,620.0,20.0,612.0,224.0,413.0,16.0,409.0
438.0,0.0,0,620.0,20.0,612.0,224.0,413.0,16.0,409.0
438.0,0.0,0,620.0,20.0,612.0,224.0,413.0,16.0,409.0
438.0,0.0,0,620.0,20.0,612.0,224.0,413.0,16.0,409.0
438.0,0.0,0,619.0,20.0,612.0,224.0,413.0,16.0,409.0
438.0,0.0,0,619.0,20.0,612.0,224.0,413.0,16.0,409.0
438.0,0.0,0,619.0,20.0,612.0,224.0,413.0,16.0,409.0
438.0,0.0,0,619.0,20.0,612.0,224.0,413.0,16.0,409.0
439.0,0.0,0,619.0,20.0,612.0,224.0,413.0,16.0,409.0
439.0,0.0,0,619.0,20.0,612.0,224.0,413.0,16.0,409.0
439.0,0.0,0,620.0,20.0,612.0,224.0,413.0,16.0,409.0
439.0,0.0,0,620.0,20.0,612.0,224.0,413.0,16.0,409.0
439.0,0.0,0,620.0,20.0,612.0,224.0,413.0,16.0,409.0
439.0,0.0,0,620.0,20.0,612.0,224.0,413.0,16.0,409.0
448.0,0.0,0,620.0,20.0,612.0,224.0,413.0,16.0,409.0
448.0,0.0,0,620.0,20.0,612.0,224.0,414.0,16.0,409.0
448.0,0.0,0,620.0,20.0,612.0,224.0,414.0,16.0,409.0
448.0,0.0,0,620.0,20.0,612.0,224.0,414.0,16.0,409.0
448.0,0.0,0,620.0,20.0,612.0,224.0,414.0,16.0,409.0
448.0,0.0,0,620.0,20.0,612.0,224.0,414.0,16.0,409.0
439.0,0.0,0,620.0,20.0,612.0,224.0,414.0,16.0,409.0
439.0,0.0,0,620.0,20.0,612.0,224.0,414.0,16.0,409.0
439.0,0.0,0,620.0,20.0,612.0,224.0,414.0,16.0,409.0
439.0,0.0,0,620.0,20.0,612.0,224.0,414.0,16.0,409.0
439.0,0.0,0,620.0,20.0,612.0,224.0,414.0,16.0,409.0
439.0,0.0,0,620.0,20.0,612.0,224.0,414.0,16.0,409.0
439.0,0.0,0,620.0,20.0,612.0,224.0,413.0,16.0,409.0
439.0,0.0,0,620.0,20.0,612.0,224.0,413.0,16.0,409.0
439.0,0.0,0,620.0,20.0,612.0,224.0,413.0,16.0,409.0
439.0,0.0,0,620.0,20.0,612.0,224.0,413.0,16.0,409.0
439.0,0.0,0,620.0,20.0,612.0,224.0,413.0,16.0,409.0
439.0,0.0,0,619.0,20.0,612.0,224.0,414.0,16.0,409.0
439.0,0.0,0,619.0,20.0,612.0,224.0,414.0,16.0,409.0
439.0,0.0,0,619.0,20.0,612.0,224.0,414.0,16.0,409.0
439.0,0.0,0,619.0,20.0,612.0,224.0,414.0,16.0,409.0
439.0,0.0,0,619.0,20.0,612.0,224.0,414.0,16.0,409.0
439.0,0.0,0,620.0,20.0,612.0,224.0,414.0,16.0,409.0
439.0,0.0,0,620.0,20.0,612.0,224.0,414.0,16.0,409.0
438.0,0.0,0,620.0,20.0,612.0,224.0,414.0,16.0,409.0
438.0,0.0,0,620.0,20.0,612.0,224.0,414.0,16.0,409.0
438.0,0.0,0,620.0,20.0,612.0,224.0,414.0,16.0,409.0
438.0,0.0,0,620.0,20.0,612.0,224.0,414.0,16.0,409.0
438.0,0.0,0,620.0,20.0,612.0,224.0,413.0,16.0,409.0
438.0,0.0,0,620.0,20.0,612.0,224.0,413.0,16.0,409.0
439.0,0.0,0,620.0,20.0,612.0,224.0,413.0,16.0,409.0
439.0,0.0,0,620.0,20.0,612.0,224.0,413.0,16.0,409.0
439.0,0.0,0,620.0,20.0,612.0,224.0,413.0,16.0,409.0
439.0,0.0,0,619.0,20.0,612.0,224.0,413.0,16.0,409.0
439.0,0.0,0,619.0,20.0,612.0,224.0,413.0,16.0,409.0
439.0,0.0,0,619.0,20.0,612.0,224.0,413.0,16.0,409.0
438.0,0.0,0,619.0,20.0,612.0,224.0,413.0,16.0,409.0
438.0,0.0,0,619.0,20.0,612.0,224.0,413.0,16.0,409.0
438.0,0.0,0,619.0,20.0,612.0,224.0,413.0,16.0,409.0
438.0,0.0,0,619.0,20.0,612.0,224.0,413.0,16.0,409.0
438.0,0.0,0,619.0,20.0,612.0,224.0,413.0,16.0,409.0
438.0,0.0,0,619.0,20.0,612.0,224.0,413.0,16.0,409.0
439.0,0.0,0,619.0,20.0,612.0,224.0,413.0,16.0,409.0
439.0,0.0,0,619.0,20.0,612.0,224.0,413.0,16.0,409.0
439.0,0.0,0,619.0,20.0,612.0,224.0,413.0,16.0,409.0
439.0,0.0,0,619.0,20.0,612.0,224.0,413.0,16.0,409.0
439.0,0.0,0,619.0,20.0,612.0,224.0,413.0,16.0,409.0
439.0,0.0,0,619.0,20.0,612.0,224.0,413.0,16.0,409.0
439.0,0.0,0,619.0,20.0,612.0,224.0,413.0,16.0,409.0
439.0,0.0,0,619.0,20.0,612.0,224.0,413.0,16.0,409.0
439.0,0.0,0,619.0,20.0,612.0,224.0,413.0,16.0,409.0
439.0,0.0,0,619.0,20.0,612.0,224.0,413.0,16.0,409.0
439.0,0.0,0,619.0,20.0,612.0,224.0,413.0,16.0,409.0
439.0,0.0,0,619.0,20.0,612.0,224.0,413.0,16.0,409.0
437.0,0.0,0,619.0,20.0,612.0,224.0,413.0,16.0,409.0
437.0,0.0,0,619.0,20.0,612.0,224.0,413.0,16.0,409.0
437.0,0.0,0,619.0,20.0,612.0,224.0,413.0,16.0,409.0
437.0,0.0,0,619.0,20.0,612.0,224.0,413.0,16.0,409.0
437.0,0.0,0,619.0,20.0,612.0,224.0,413.0,16.0,409.0
437.0,0.0,0,619.0,20.0,612.0,224.0,413.0,16.0,409.0
438.0,0.0,0,619.0,20.0,612.0,224.0,413.0,16.0,409.0
438.0,0.0,0,619.0,20.0,612.0,224.0,413.0,16.0,409.0
438.0,0.0,0,619.0,20.0,612.0,224.0,413.0,16.0,409.0
438.0,0.0,0,619.0,20.0,612.0,224.0,413.0,16.0,409.0
438.0,0.0,0,619.0,20.0,612.0,224.0,413.0,16.0,409.0
438.0,0.0,0,619.0,20.0,612.0,224.0,413.0,16.0,409.0
438.0,0.0,0,619.0,20.0,612.0,224.0,413.0,16.0,409.0
438.0,0.0,0,619.0,20.0,612.0,224.0,413.0,16.0,409.0
438.0,0.0,0,619.0,20.0,612.0,224.0,413.0,16.0,409.0
438.0,0.0,0,619.0,20.0,612.0,224.0,413.0,16.0,409.0
438.0,0.0,0,619.0,20.0,612.0,224.0,413.0,16.0,409.0
438.0,0.0,0,619.0,20.0,612.0,224.0,413.0,16.0,409.0
438.0,0.0,0,619.0,20.0,612.0,224.0,413.0,16.0,409.0
447.0,0.0,0,619.0,20.0,612.0,224.0,413.0,16.0,409.0
447.0,0.0,0,619.0,20.0,612.0,224.0,413.0,16.0,409.0
447.0,0.0,0,619.0,20.0,612.0,224.0,413.0,16.0,409.0
447.0,0.0,0,619.0,20.0,612.0,224.0,413.0,16.0,409.0
447.0,0.0,0,619.0,20.0,612.0,224.0,413.0,16.0,409.0
447.0,0.0,0,619.0,20.0,612.0,224.0,413.0,16.0,409.0
447.0,0.0,0,619.0,20.0,612.0,224.0,413.0,16.0,409.0
447.0,0.0,0,619.0,20.0,612.0,224.0,413.0,16.0,409.0
447.0,0.0,0,620.0,20.0,612.0,224.0,413.0,16.0,409.0
447.0,0.0,0,620.0,20.0,612.0,224.0,413.0,16.0,409.0
447.0,0.0,0,620.0,20.0,612.0,224.0,413.0,16.0,409.0
446.0,0.0,0,620.0,20.0,612.0,224.0,413.0,16.0,409.0
446.0,0.0,0,620.0,20.0,612.0,224.0,413.0,16.0,409.0
446.0,0.0,0,619.0,20.0,612.0,224.0,413.0,16.0,409.0
446.0,0.0,0,619.0,20.0,612.0,224.0,413.0,16.0,409.0
446.0,0.0,0,619.0,20.0,612.0,224.0,413.0,16.0,409.0
446.0,0.0,0,619.0,20.0,612.0,224.0,413.0,16.0,409.0
438.0,0.0,0,619.0,20.0,612.0,224.0,413.0,16.0,409.0
438.0,0.0,0,619.0,20.0,612.0,224.0,413.0,16.0,409.0
438.0,0.0,0,619.0,20.0,612.0,224.0,413.0,16.0,409.0
438.0,0.0,0,619.0,20.0,612.0,224.0,413.0,16.0,409.0
438.0,0.0,0,619.0,20.0,612.0,224.0,413.0,16.0,409.0
438.0,0.0,0,619.0,20.0,612.0,224.0,413.0,16.0,409.0
446.0,0.0,0,619.0,20.0,612.0,224.0,413.0,16.0,409.0
446.0,0.0,0,619.0,20.0,612.0,224.0,413.0,16.0,409.0
446.0,0.0,0,619.0,20.0,612.0,224.0,413.0,16.0,409.0
446.0,0.0,0,619.0,20.0,612.0,224.0,413.0,16.0,409.0
446.0,0.0,0,619.0,20.0,612.0,224.0,413.0,16.0,409.0
446.0,0.0,0,619.0,20.0,612.0,224.0,413.0,16.0,409.0
447.0,0.0,0,620.0,20.0,612.0,224.0,413.0,16.0,409.0
447.0,0.0,0,620.0,20.0,612.0,224.0,413.0,16.0,409.0
447.0,0.0,0,620.0,20.0,612.0,224.0,413.0,16.0,409.0
447.0,0.0,0,620.0,20.0,612.0,224.0,413.0,16.0,409.0
447.0,0.0,0,620.0,20.0,612.0,224.0,413.0,16.0,409.0
447.0,0.0,0,620.0,20.0,612.0,224.0,414.0,16.0,409.0
438.0,0.0,0,620.0,20.0,612.0,224.0,414.0,16.0,409.0
438.0,0.0,0,620.0,20.0,612.0,224.0,414.0,16.0,409.0
438.0,0.0,0,620.0,20.0,612.0,224.0,414.0,16.0,409.0
438.0,0.0,0,620.0,20.0,612.0,224.0,414.0,16.0,409.0
438.0,0.0,0,620.0,20.0,612.0,224.0,414.0,16.0,409.0
438.0,0.0,0,620.0,20.0,612.0,224.0,413.0,16.0,409.0
447.0,0.0,0,620.0,20.0,612.0,224.0,413.0,16.0,409.0
447.0,0.0,0,620.0,20.0,612.0,224.0,413.0,16.0,409.0
447.0,0.0,0,620.0,20.0,612.0,224.0,413.0,16.0,409.0
447.0,0.0,0,620.0,20.0,612.0,224.0,413.0,16.0,409.0
447.0,0.0,0,620.0,20.0,612.0,224.0,413.0,16.0,409.0
447.0,0.0,0,620.0,20.0,612.0,224.0,413.0,16.0,409.0
448.0,0.0,0,620.0,20.0,612.0,224.0,413.0,16.0,409.0
448.0,0.0,0,620.0,20.0,612.0,224.0,413.0,16.0,409.0
448.0,0.0,0,620.0,20.0,612.0,224.0,413.0,16.0,409.0
448.0,0.0,0,620.0,20.0,612.0,224.0,414.0,16.0,409.0
448.0,0.0,0,620.0,20.0,612.0,224.0,414.0,16.0,409.0
448.0,0.0,0,620.0,20.0,612.0,224.0,414.0,16.0,409.0
448.0,0.0,0,620.0,20.0,612.0,224.0,414.0,16.0,409.0
448.0,0.0,0,620.0,20.0,612.0,224.0,414.0,16.0,409.0
448.0,0.0,0,620.0,20.0,612.0,224.0,414.0,16.0,409.0
448.0,0.0,0,620.0,20.0,612.0,224.0,414.0,16.0,409.0
448.0,0.0,0,620.0,20.0,612.0,224.0,414.0,16.0,409.0
448.0,0.0,0,620.0,20.0,612.0,224.0,414.0,16.0,409.0
447.0,0.0,0,620.0,20.0,612.0,224.0,414.0,16.0,409.0
447.0,0.0,0,620.0,20.0,612.0,224.0,414.0,16.0,409.0
447.0,0.0,0,620.0,20.0,612.0,224.0,414.0,16.0,409.0
447.0,0.0,0,620.0,20.0,612.0,224.0,414.0,16.0,409.0
447.0,0.0,0,620.0,20.0,612.0,224.0,414.0,16.0,409.0
447.0,0.0,0,620.0,20.0,612.0,224.0,414.0,16.0,409.0
447.0,0.0,0,620.0,20.0,612.0,224.0,414.0,16.0,409.0
447.0,0.0,0,620.0,20.0,612.0,224.0,413.0,16.0,409.0
447.0,0.0,0,620.0,20.0,612.0,224.0,413.0,16.0,409.0
447.0,0.0,0,620.0,20.0,612.0,224.0,413.0,16.0,409.0
447.0,0.0,0,620.0,20.0,612.0,224.0,413.0,16.0,409.0
447.0,0.0,0,620.0,20.0,612.0,224.0,413.0,16.0,409.0
438.0,0.0,0,620.0,20.0,612.0,224.0,413.0,16.0,409.0
438.0,0.0,0,619.0,20.0,612.0,224.0,414.0,16.0,409.0
438.0,0.0,0,619.0,20.0,612.0,224.0,414.0,16.0,409.0
438.0,0.0,0,619.0,20.0,612.0,224.0,414.0,16.0,409.0
438.0,0.0,0,619.0,20.0,612.0,224.0,414.0,16.0,409.0
438.0,0.0,0,619.0,20.0,612.0,224.0,414.0,16.0,409.0
438.0,0.0,0,620.0,20.0,612.0,224.0,414.0,16.0,409.0
438.0,0.0,0,620.0,20.0,612.0,224.0,414.0,16.0,409.0
438.0,0.0,0,620.0,20.0,612.0,224.0,414.0,16.0,409.0
438.0,0.0,0,620.0,20.0,612.0,224.0,414.0,16.0,409.0
438.0,0.0,0,620.0,20.0,612.0,224.0,414.0,16.0,409.0
438.0,0.0,0,620.0,20.0,612.0,224.0,413.0,16.0,409.0
438.0,0.0,0,620.0,20.0,612.0,224.0,413.0,16.0,409.0
438.0,0.0,0,620.0,20.0,612.0,224.0,413.0,16.0,409.0
438.0,0.0,0,620.0,20.0,612.0,224.0,413.0,16.0,409.0
438.0,0.0,0,620.0,20.0,612.0,224.0,413.0,16.0,409.0
438.0,0.0,0,620.0,20.0,612.0,224.0,413.0,16.0,409.0
438.0,0.0,0,620.0,20.0,612.0,224.0,413.0,16.0,409.0
438.0,0.0,0,620.0,20.0,612.0,224.0,413.0,16.0,409.0
438.0,0.0,0,620.0,20.0,612.0,224.0,413.0,16.0,409.0
438.0,0.0,0,620.0,20.0,612.0,224.0,413.0,16.0,409.0
438.0,0.0,0,620.0,20.0,612.0,224.0,413.0,16.0,409.0
438.0,0.0,0,619.0,20.0,612.0,224.0,413.0,16.0,409.0
438.0,0.0,0,619.0,20.0,612.0,224.0,413.0,16.0,409.0
448.0,0.0,0,619.0,20.0,612.0,224.0,413.0,16.0,409.0
448.0,0.0,0,619.0,20.0,612.0,224.0,413.0,16.0,409.0
448.0,0.0,0,619.0,20.0,612.0,224.0,413.0,16.0,409.0
448.0,0.0,0,620.0,20.0,612.0,224.0,414.0,16.0,409.0
448.0,0.0,0,620.0,20.0,612.0,224.0,414.0,16.0,409.0
448.0,0.0,0,620.0,20.0,612.0,224.0,414.0,16.0,409.0
439.0,0.0,0,620.0,20.0,612.0,224.0,414.0,16.0,409.0
439.0,0.0,0,620.0,20.0,612.0,224.0,414.0,16.0,409.0
439.0,0.0,0,620.0,20.0,612.0,223.0,413.0,16.0,409.0
439.0,0.0,0,620.0,20.0,612.0,223.0,413.0,16.0,409.0
439.0,0.0,0,620.0,20.0,612.0,223.0,413.0,16.0,409.0
439.0,0.0,0,620.0,20.0,612.0,223.0,413.0,16.0,409.0
438.0,0.0,0,620.0,20.0,612.0,223.0,413.0,16.0,409.0
438.0,0.0,0,619.0,20.0,612.0,224.0,413.0,16.0,409.0
438.0,0.0,0,619.0,20.0,612.0,224.0,413.0,16.0,409.0
438.0,0.0,0,619.0,20.0,612.0,224.0,413.0,16.0,409.0
438.0,0.0,0,619.0,20.0,612.0,224.0,413.0,16.0,409.0
438.0,0.0,0,619.0,20.0,612.0,224.0,413.0,16.0,409.0
438.0,0.0,0,619.0,20.0,612.0,224.0,413.0,16.0,409.0
438.0,0.0,0,619.0,20.0,612.0,224.0,413.0,16.0,409.0
438.0,0.0,0,619.0,20.0,612.0,224.0,413.0,16.0,409.0
438.0,0.0,0,619.0,20.0,612.0,224.0,413.0,16.0,409.0
438.0,0.0,0,619.0,20.0,612.0,224.0,413.0,16.0,409.0
438.0,0.0,0,619.0,20.0,612.0,224.0,413.0,16.0,409.0
438.0,0.0,0,619.0,20.0,612.0,224.0,413.0,16.0,409.0
438.0,0.0,0,619.0,20.0,612.0,224.0,413.0,16.0,409.0
438.0,0.0,0,619.0,20.0,612.0,224.0,413.0,16.0,409.0
438.0,0.0,0,619.0,20.0,612.0,224.0,413.0,16.0,409.0
438.0,0.0,0,619.0,20.0,612.0,224.0,413.0,16.0,409.0
438.0,0.0,0,620.0,20.0,612.0,223.0,413.0,16.0,409.0
438.0,0.0,0,620.0,20.0,612.0,223.0,413.0,16.0,409.0
438.0,0.0,0,620.0,20.0,612.0,223.0,413.0,16.0,409.0
438.0,0.0,0,620.0,20.0,612.0,223.0,413.0,16.0,409.0
438.0,0.0,0,620.0,20.0,612.0,223.0,413.0,16.0,409.0
438.0,0.0,0,620.0,20.0,612.0,223.0,413.0,16.0,409.0
438.0,0.0,0,619.0,20.0,612.0,224.0,413.0,16.0,409.0
438.0,0.0,0,619.0,20.0,612.0,224.0,413.0,16.0,409.0
438.0,0.0,0,619.0,20.0,612.0,224.0,413.0,16.0,409.0
438.0,0.0,0,619.0,20.0,612.0,224.0,413.0,16.0,409.0
438.0,0.0,0,619.0,20.0,612.0,224.0,413.0,16.0,409.0
438.0,0.0,0,619.0,20.0,612.0,224.0,413.0,16.0,409.0
438.0,0.0,0,619.0,20.0,612.0,224.0,413.0,16.0,409.0
438.0,0.0,0,619.0,20.0,612.0,224.0,413.0,16.0,409.0
438.0,0.0,0,619.0,20.0,612.0,224.0,413.0,16.0,409.0
438.0,0.0,0,619.0,20.0,612.0,224.0,413.0,16.0,409.0
438.0,0.0,0,619.0,20.0,612.0,224.0,413.0,16.0,409.0
438.0,0.0,0,619.0,20.0,612.0,224.0,413.0,16.0,409.0
438.0,0.0,0,619.0,20.0,612.0,224.0,413.0,16.0,409.0
438.0,0.0,0,619.0,20.0,612.0,224.0,413.0,16.0,409.0
438.0,0.0,0,619.0,20.0,612.0,224.0,413.0,16.0,409.0
438.0,0.0,0,619.0,20.0,612.0,224.0,413.0,16.0,409.0
438.0,0.0,0,619.0,20.0,612.0,224.0,413.0,16.0,409.0
438.0,0.0,0,619.0,20.0,612.0,224.0,413.0,16.0,409.0
438.0,0.0,0,619.0,20.0,612.0,224.0,413.0,16.0,409.0
438.0,0.0,0,619.0,20.0,612.0,224.0,413.0,16.0,409.0
438.0,0.0,0,619.0,20.0,612.0,224.0,413.0,16.0,409.0
438.0,0.0,0,619.0,20.0,612.0,224.0,413.0,16.0,409.0
438.0,0.0,0,619.0,20.0,612.0,224.0,413.0,16.0,409.0
438.0,0.0,0,619.0,20.0,612.0,224.0,413.0,16.0,409.0
438.0,0.0,0,619.0,20.0,612.0,224.0,413.0,16.0,409.0
438.0,0.0,0,619.0,20.0,612.0,224.0,413.0,16.0,409.0
438.0,0.0,0,619.0,20.0,612.0,224.0,413.0,16.0,409.0
438.0,0.0,0,619.0,20.0,612.0,224.0,413.0,16.0,409.0
438.0,0.0,0,619.0,20.0,612.0,224.0,413.0,16.0,409.0
438.0,0.0,0,619.0,20.0,612.0,224.0,413.0,16.0,409.0
438.0,0.0,0,619.0,20.0,612.0,224.0,413.0,16.0,409.0
438.0,0.0,0,619.0,20.0,612.0,224.0,413.0,16.0,409.0
438.0,0.0,0,619.0,20.0,612.0,224.0,413.0,16.0,409.0
438.0,0.0,0,619.0,20.0,612.0,224.0,413.0,16.0,409.0
438.0,0.0,0,619.0,20.0,612.0,224.0,413.0,16.0,409.0
438.0,0.0,0,619.0,20.0,612.0,224.0,413.0,16.0,409.0
438.0,0.0,0,619.0,20.0,612.0,224.0,413.0,16.0,409.0
438.0,0.0,0,620.0,20.0,612.0,224.0,413.0,16.0,409.0
438.0,0.0,0,620.0,20.0,612.0,224.0,413.0,16.0,409.0
438.0,0.0,0,620.0,20.0,612.0,224.0,413.0,16.0,409.0
438.0,0.0,0,620.0,20.0,612.0,224.0,413.0,16.0,409.0
438.0,0.0,0,620.0,20.0,612.0,224.0,413.0,16.0,409.0
438.0,0.0,0,620.0,20.0,612.0,224.0,414.0,16.0,409.0
438.0,0.0,0,620.0,20.0,612.0,224.0,414.0,16.0,409.0
438.0,0.0,0,620.0,20.0,612.0,224.0,414.0,16.0,409.0
438.0,0.0,0,620.0,20.0,612.0,224.0,414.0,16.0,409.0
438.0,0.0,0,620.0,20.0,612.0,224.0,414.0,16.0,409.0
438.0,0.0,0,620.0,20.0,612.0,224.0,414.0,16.0,409.0
438.0,0.0,0,620.0,20.0,612.0,224.0,414.0,16.0,409.0
438.0,0.0,0,620.0,20.0,612.0,224.0,414.0,16.0,409.0
438.0,0.0,0,620.0,20.0,612.0,224.0,414.0,16.0,409.0
438.0,0.0,0,620.0,20.0,612.0,224.0,414.0,16.0,409.0
438.0,0.0,0,620.0,20.0,612.0,224.0,414.0,16.0,409.0
