0.0,0.0,0,0,0,0,0,0,0,0,0
0.0,0.0,0,0,0,0,0,0,0,0,0
0.0,0.0,0,638.0,651.0,778.0,649.0,640.0,506.0,780.0,508.0
0.0,0.0,0,638.0,650.0,778.0,648.0,640.0,506.0,780.0,508.0
0.0,0.0,0,638.0,651.0,778.0,649.0,640.0,506.0,780.0,508.0
0.0,0.0,0,638.0,651.0,778.0,649.0,640.0,506.0,781.0,508.0
0.0,0.0,0,638.0,652.0,778.0,649.0,640.0,507.0,781.0,509.0
0.0,0.0,0,641.0,650.0,780.0,648.0,643.0,506.0,784.0,506.0
0.0,0.0,0,640.0,648.0,780.0,646.0,642.0,504.0,783.0,505.0
0.0,0.0,0,634.0,649.0,774.0,646.0,637.0,504.0,777.0,505.0
0.0,0.0,0,632.0,648.0,772.0,648.0,634.0,504.0,775.0,504.0
0.0,0.0,0,632.0,648.0,772.0,647.0,635.0,504.0,776.0,504.0
0.0,0.0,0,635.0,647.0,775.0,645.0,639.0,503.0,778.0,504.0
0.0,0.0,0,632.0,647.0,771.0,644.0,635.0,503.0,776.0,504.0
0.0,0.0,0,628.0,646.0,768.0,645.0,632.0,503.0,772.0,504.0
0.0,0.0,0,628.0,646.0,768.0,645.0,632.0,503.0,772.0,504.0
0.0,0.0,0,630.0,647.0,768.0,645.0,632.0,503.0,774.0,504.0
0.0,0.0,0,631.0,648.0,769.0,646.0,633.0,504.0,774.0,505.0
0.0,0.0,0,631.0,648.0,770.0,647.0,633.0,504.0,774.0,507.0
0.0,0.0,0,627.0,650.0,767.0,651.0,632.0,507.0,773.0,511.0
0.0,0.0,0,625.0,652.0,766.0,652.0,631.0,509.0,770.0,512.0
0.0,0.0,0,626.0,655.0,766.0,655.0,632.0,512.0,772.0,515.0
0.0,0.0,0,631.0,656.0,770.0,655.0,634.0,512.0,775.0,515.0
0.0,0.0,0,628.0,657.0,767.0,657.0,633.0,512.0,774.0,518.0
0.0,0.0,0,627.0,656.0,767.0,656.0,632.0,512.0,773.0,516.0
0.0,0.0,0,627.0,656.0,767.0,657.0,633.0,512.0,773.0,517.0
0.0,0.0,0,627.0,655.0,766.0,655.0,632.0,512.0,773.0,515.0
0.0,0.0,0,628.0,654.0,768.0,653.0,633.0,510.0,775.0,512.0
0.0,0.0,0,629.0,649.0,768.0,650.0,633.0,505.0,775.0,511.0
0.0,0.0,0,620.0,649.0,762.0,644.0,619.0,507.0,760.0,504.0
0.0,0.0,0,620.0,655.0,761.0,628.0,597.0,518.0,738.0,489.0
0.0,0.0,0,618.0,653.0,758.0,618.0,584.0,518.0,727.0,481.0
0.0,0.0,0,618.0,653.0,758.0,618.0,584.0,518.0,727.0,481.0
0.0,0.0,0,614.0,650.0,754.0,611.0,576.0,517.0,719.0,478.0
0.0,0.0,0,614.0,656.0,752.0,612.0,572.0,526.0,712.0,480.0
0.0,0.0,0,622.0,661.0,759.0,614.0,575.0,533.0,715.0,486.0
0.0,0.0,0,632.0,660.0,767.0,612.0,584.0,534.0,724.0,485.0
0.0,0.0,0,638.0,656.0,775.0,610.0,595.0,526.0,737.0,481.0
0.0,0.0,0,644.0,642.0,783.0,601.0,609.0,509.0,751.0,471.0
0.0,0.0,0,651.0,627.0,790.0,597.0,626.0,489.0,769.0,462.0
0.0,0.0,0,654.0,622.0,795.0,605.0,643.0,480.0,786.0,466.0
0.0,0.0,0,659.0,619.0,801.0,611.0,658.0,479.0,801.0,472.0
0.0,0.0,0,670.0,619.0,811.0,620.0,677.0,475.0,818.0,479.0
0.0,0.0,0,679.0,632.0,819.0,644.0,692.0,488.0,833.0,502.0
0.0,0.0,0,678.0,644.0,815.0,674.0,710.0,503.0,845.0,535.0
0.0,0.0,0,681.0,652.0,815.0,696.0,726.0,514.0,858.0,560.0
0.0,0.0,0,686.0,663.0,817.0,710.0,735.0,528.0,865.0,577.0
0.0,0.0,0,694.0,674.0,827.0,716.0,740.0,538.0,873.0,583.0
0.0,0.0,0,710.0,687.0,844.0,720.0,748.0,549.0,883.0,586.0
0.0,0.0,0,710.0,687.0,844.0,720.0,748.0,549.0,883.0,586.0
0.0,0.0,0,726.0,696.0,861.0,724.0,760.0,558.0,896.0,588.0
0.0,0.0,0,747.0,711.0,881.0,727.0,770.0,571.0,906.0,591.0
0.0,0.0,0,763.0,725.0,902.0,726.0,776.0,588.0,914.0,592.0
0.0,0.0,0,779.0,736.0,916.0,727.0,783.0,601.0,920.0,593.0
0.0,0.0,0,796.0,748.0,932.0,724.0,790.0,614.0,927.0,595.0
0.0,0.0,0,812.0,753.0,945.0,723.0,799.0,621.0,935.0,594.0
0.0,0.0,0,828.0,756.0,957.0,724.0,809.0,625.0,944.0,592.0
0.0,0.0,0,837.0,756.0,967.0,719.0,818.0,629.0,951.0,592.0
0.0,0.0,0,842.0,757.0,971.0,720.0,821.0,632.0,953.0,594.0
0.0,0.0,0,842.0,757.0,972.0,724.0,823.0,629.0,958.0,596.0
0.0,0.0,0,834.0,753.0,967.0,728.0,825.0,618.0,959.0,596.0
0.0,0.0,0,825.0,744.0,958.0,733.0,828.0,608.0,964.0,598.0
0.0,0.0,0,819.0,738.0,953.0,739.0,831.0,600.0,967.0,604.0
0.0,0.0,0,817.0,738.0,952.0,746.0,833.0,597.0,969.0,609.0
0.0,0.0,0,813.0,733.0,950.0,753.0,839.0,593.0,974.0,616.0
0.0,0.0,0,812.0,731.0,944.0,756.0,843.0,592.0,976.0,622.0
0.0,0.0,0,809.0,734.0,940.0,759.0,844.0,596.0,976.0,630.0
0.0,0.0,0,809.0,734.0,940.0,759.0,844.0,596.0,976.0,630.0
0.0,0.0,0,810.0,743.0,940.0,760.0,841.0,605.0,975.0,636.0
0.0,0.0,0,814.0,753.0,1023.0,1023.0,838.0,616.0,973.0,638.0
0.0,0.0,0,824.0,760.0,1023.0,1023.0,834.0,630.0,968.0,635.0
0.0,0.0,0,1023.0,1023.0,1023.0,1023.0,1023.0,1023.0,1023.0,1023.0
0.0,0.0,0,1023.0,1023.0,1023.0,1023.0,1023.0,1023.0,1023.0,1023.0
0.0,0.0,0,1023.0,1023.0,1023.0,1023.0,1023.0,1023.0,1023.0,1023.0
0.0,0.0,0,1023.0,1023.0,1023.0,1023.0,1023.0,1023.0,1023.0,1023.0
0.0,0.0,0,1023.0,1023.0,1023.0,1023.0,1023.0,1023.0,1023.0,1023.0
0.0,0.0,0,1023.0,1023.0,1023.0,1023.0,1023.0,1023.0,1023.0,1023.0
0.0,0.0,0,1023.0,1023.0,1023.0,1023.0,1023.0,1023.0,1023.0,1023.0
0.0,0.0,0,1023.0,1023.0,1023.0,1023.0,1023.0,1023.0,1023.0,1023.0
0.0,0.0,0,1023.0,1023.0,1023.0,1023.0,1023.0,1023.0,1023.0,1023.0
0.0,0.0,0,1023.0,1023.0,1023.0,1023.0,1023.0,1023.0,1023.0,1023.0
0.0,0.0,0,1023.0,1023.0,1023.0,1023.0,1023.0,1023.0,1023.0,1023.0
0.0,0.0,0,1023.0,1023.0,1023.0,1023.0,1023.0,1023.0,1023.0,1023.0
0.0,0.0,0,1023.0,1023.0,1023.0,1023.0,1023.0,1023.0,1023.0,1023.0
0.0,0.0,0,1023.0,1023.0,1023.0,1023.0,1023.0,1023.0,1023.0,1023.0
0.0,0.0,0,934.0,733.0,1023.0,1023.0,796.0,624.0,928.0,602.0
0.0,0.0,0,931.0,714.0,1023.0,1023.0,782.0,622.0,911.0,584.0
0.0,0.0,0,929.0,697.0,804.0,742.0,773.0,614.0,898.0,569.0
0.0,0.0,0,926.0,684.0,804.0,732.0,768.0,602.0,894.0,558.0
0.0,0.0,0,921.0,683.0,793.0,721.0,768.0,589.0,897.0,553.0
0.0,0.0,0,910.0,685.0,781.0,711.0,767.0,573.0,899.0,552.0
0.0,0.0,0,896.0,688.0,763.0,697.0,767.0,556.0,899.0,552.0
0.0,0.0,0,880.0,693.0,746.0,683.0,764.0,544.0,896.0,557.0
0.0,0.0,0,859.0,693.0,726.0,671.0,755.0,533.0,889.0,560.0
0.0,0.0,0,836.0,694.0,704.0,662.0,743.0,525.0,875.0,562.0
0.0,0.0,0,816.0,693.0,685.0,653.0,730.0,519.0,861.0,563.0
0.0,0.0,0,796.0,689.0,664.0,641.0,717.0,511.0,847.0,560.0
0.0,0.0,0,796.0,689.0,664.0,641.0,717.0,511.0,847.0,560.0
0.0,0.0,0,778.0,686.0,648.0,631.0,706.0,502.0,836.0,559.0
0.0,0.0,0,770.0,684.0,640.0,632.0,696.0,503.0,827.0,556.0
0.0,0.0,0,770.0,681.0,637.0,638.0,682.0,504.0,817.0,551.0
0.0,0.0,0,771.0,671.0,632.0,640.0,666.0,504.0,806.0,536.0
0.0,0.0,0,771.0,659.0,631.0,645.0,648.0,506.0,790.0,522.0
0.0,0.0,0,766.0,649.0,624.0,648.0,630.0,510.0,771.0,511.0
0.0,0.0,0,760.0,637.0,618.0,651.0,608.0,512.0,753.0,501.0
0.0,0.0,0,751.0,628.0,611.0,653.0,591.0,515.0,733.0,491.0
0.0,0.0,0,743.0,620.0,605.0,655.0,575.0,519.0,712.0,486.0
0.0,0.0,0,734.0,613.0,599.0,657.0,558.0,525.0,696.0,480.0
0.0,0.0,0,728.0,610.0,593.0,657.0,546.0,528.0,684.0,478.0
0.0,0.0,0,723.0,612.0,588.0,656.0,544.0,528.0,680.0,480.0
0.0,0.0,0,716.0,619.0,576.0,651.0,543.0,519.0,685.0,484.0
0.0,0.0,0,704.0,626.0,560.0,640.0,544.0,504.0,688.0,489.0
0.0,0.0,0,690.0,633.0,546.0,632.0,544.0,495.0,689.0,495.0
0.0,0.0,0,678.0,640.0,535.0,622.0,544.0,485.0,688.0,503.0
0.0,0.0,0,658.0,647.0,522.0,612.0,542.0,478.0,681.0,509.0
0.0,0.0,0,658.0,647.0,522.0,612.0,542.0,478.0,681.0,509.0
0.0,0.0,0,636.0,650.0,504.0,606.0,531.0,473.0,666.0,513.0
0.0,0.0,0,604.0,653.0,478.0,599.0,513.0,469.0,646.0,519.0
0.0,0.0,0,573.0,653.0,452.0,596.0,491.0,465.0,618.0,519.0
0.0,0.0,0,551.0,650.0,428.0,596.0,462.0,465.0,588.0,515.0
0.0,0.0,0,533.0,648.0,408.0,599.0,436.0,464.0,560.0,509.0
0.0,0.0,0,520.0,641.0,397.0,605.0,414.0,470.0,543.0,503.0
0.0,0.0,0,521.0,639.0,391.0,616.0,393.0,479.0,527.0,496.0
0.0,0.0,0,526.0,632.0,393.0,625.0,382.0,488.0,515.0,488.0
0.0,0.0,0,533.0,621.0,400.0,633.0,372.0,494.0,506.0,479.0
0.0,0.0,0,548.0,608.0,417.0,639.0,371.0,505.0,502.0,470.0
0.0,0.0,0,554.0,599.0,424.0,643.0,368.0,512.0,497.0,465.0
0.0,0.0,0,553.0,597.0,428.0,648.0,364.0,520.0,490.0,465.0
0.0,0.0,0,549.0,599.0,423.0,655.0,357.0,528.0,482.0,471.0
0.0,0.0,0,536.0,607.0,408.0,654.0,349.0,526.0,476.0,474.0
0.0,0.0,0,517.0,613.0,391.0,646.0,342.0,514.0,470.0,477.0
0.0,0.0,0,501.0,618.0,374.0,633.0,336.0,500.0,463.0,479.0
0.0,0.0,0,501.0,618.0,374.0,633.0,336.0,500.0,463.0,479.0
0.0,0.0,0,482.0,624.0,360.0,624.0,336.0,486.0,457.0,481.0
0.0,0.0,0,464.0,630.0,344.0,615.0,334.0,478.0,454.0,486.0
0.0,0.0,0,446.0,632.0,333.0,607.0,329.0,471.0,446.0,489.0
0.0,0.0,0,423.0,632.0,316.0,596.0,324.0,460.0,436.0,492.0
0.0,0.0,0,401.0,632.0,303.0,584.0,323.0,451.0,428.0,492.0
0.0,0.0,0,388.0,636.0,292.0,580.0,319.0,447.0,416.0,495.0
0.0,0.0,0,377.0,634.0,284.0,580.0,311.0,448.0,407.0,496.0
0.0,0.0,0,372.0,635.0,276.0,587.0,295.0,455.0,393.0,494.0
0.0,0.0,0,377.0,630.0,276.0,596.0,280.0,456.0,383.0,482.0
0.0,0.0,0,387.0,620.0,282.0,604.0,268.0,467.0,373.0,473.0
0.0,0.0,0,396.0,612.0,291.0,619.0,256.0,480.0,358.0,465.0
0.0,0.0,0,400.0,600.0,296.0,624.0,245.0,493.0,348.0,460.0
0.0,0.0,0,397.0,587.0,297.0,626.0,237.0,498.0,336.0,452.0
0.0,0.0,0,393.0,576.0,292.0,628.0,228.0,500.0,325.0,445.0
0.0,0.0,0,388.0,567.0,287.0,624.0,217.0,497.0,316.0,436.0
0.0,0.0,0,377.0,566.0,272.0,616.0,208.0,488.0,310.0,432.0
0.0,0.0,0,377.0,566.0,272.0,616.0,208.0,488.0,310.0,432.0
0.0,0.0,0,361.0,573.0,257.0,612.0,202.0,480.0,304.0,434.0
0.0,0.0,0,340.0,583.0,235.0,603.0,196.0,468.0,300.0,443.0
0.0,0.0,0,312.0,591.0,209.0,589.0,187.0,451.0,291.0,444.0
0.0,0.0,0,282.0,590.0,183.0,576.0,172.0,436.0,272.0,444.0
0.0,0.0,0,252.0,588.0,158.0,558.0,161.0,421.0,256.0,440.0
0.0,0.0,0,224.0,584.0,135.0,541.0,148.0,404.0,240.0,440.0
0.0,0.0,0,204.0,582.0,122.0,538.0,137.0,402.0,224.0,440.0
0.0,0.0,0,195.0,588.0,108.0,540.0,121.0,407.0,208.0,448.0
0.0,0.0,0,186.0,593.0,93.0,549.0,104.0,414.0,199.0,453.0
0.0,0.0,0,180.0,596.0,82.0,549.0,88.0,416.0,190.0,455.0
0.0,0.0,0,180.0,595.0,76.0,556.0,72.0,422.0,183.0,456.0
0.0,0.0,0,189.0,587.0,72.0,568.0,53.0,435.0,174.0,449.0
0.0,0.0,0,199.0,575.0,76.0,580.0,39.0,446.0,164.0,436.0
0.0,0.0,0,202.0,559.0,83.0,586.0,30.0,454.0,152.0,424.0
0.0,0.0,0,202.0,551.0,84.0,588.0,24.0,459.0,142.0,417.0
0.0,0.0,0,204.0,546.0,88.0,592.0,22.0,465.0,138.0,415.0
0.0,0.0,0,206.0,545.0,88.0,595.0,22.0,467.0,138.0,415.0
0.0,0.0,0,206.0,545.0,88.0,595.0,22.0,467.0,138.0,415.0
0.0,0.0,0,202.0,552.0,85.0,594.0,24.0,464.0,141.0,418.0
0.0,0.0,0,196.0,564.0,76.0,588.0,28.0,451.0,150.0,425.0
0.0,0.0,0,188.0,580.0,68.0,580.0,40.0,440.0,162.0,436.0
0.0,0.0,0,182.0,593.0,64.0,567.0,57.0,430.0,180.0,452.0
0.0,0.0,0,184.0,608.0,68.0,564.0,78.0,430.0,198.0,470.0
0.0,0.0,0,188.0,620.0,76.0,564.0,96.0,432.0,214.0,486.0
0.0,0.0,0,194.0,631.0,83.0,571.0,106.0,441.0,225.0,501.0
0.0,0.0,0,209.0,646.0,91.0,594.0,110.0,464.0,232.0,516.0
0.0,0.0,0,228.0,660.0,105.0,620.0,106.0,489.0,236.0,527.0
0.0,0.0,0,256.0,664.0,127.0,652.0,100.0,524.0,232.0,529.0
0.0,0.0,0,272.0,659.0,145.0,675.0,96.0,548.0,229.0,529.0
0.0,0.0,0,284.0,652.0,156.0,684.0,96.0,560.0,225.0,526.0
0.0,0.0,0,288.0,647.0,164.0,692.0,95.0,570.0,223.0,521.0
0.0,0.0,0,292.0,648.0,172.0,700.0,96.0,578.0,222.0,526.0
0.0,0.0,0,292.0,653.0,169.0,700.0,98.0,576.0,225.0,529.0
0.0,0.0,0,292.0,653.0,169.0,700.0,98.0,576.0,225.0,529.0
0.0,0.0,0,286.0,662.0,158.0,696.0,100.0,568.0,231.0,533.0
0.0,0.0,0,276.0,668.0,142.0,683.0,102.0,552.0,238.0,535.0
0.0,0.0,0,261.0,672.0,128.0,660.0,111.0,525.0,249.0,534.0
0.0,0.0,0,248.0,670.0,117.0,635.0,123.0,500.0,257.0,535.0
0.0,0.0,0,234.0,663.0,111.0,608.0,139.0,476.0,270.0,529.0
0.0,0.0,0,224.0,650.0,106.0,580.0,153.0,449.0,278.0,520.0
0.0,0.0,0,224.0,637.0,107.0,560.0,165.0,432.0,288.0,508.0
0.0,0.0,0,230.0,623.0,113.0,545.0,175.0,416.0,296.0,492.0
0.0,0.0,0,241.0,614.0,123.0,540.0,183.0,408.0,304.0,480.0
0.0,0.0,0,260.0,608.0,132.0,549.0,180.0,410.0,310.0,467.0
0.0,0.0,0,285.0,600.0,150.0,562.0,177.0,417.0,316.0,453.0
0.0,0.0,0,312.0,592.0,168.0,576.0,179.0,424.0,325.0,440.0
0.0,0.0,0,336.0,582.0,189.0,580.0,186.0,431.0,336.0,432.0
0.0,0.0,0,360.0,583.0,212.0,589.0,200.0,441.0,351.0,436.0
0.0,0.0,0,388.0,586.0,242.0,603.0,218.0,461.0,369.0,444.0
0.0,0.0,0,415.0,583.0,270.0,618.0,232.0,480.0,379.0,444.0
0.0,0.0,0,427.0,574.0,284.0,619.0,239.0,481.0,386.0,436.0
0.0,0.0,0,427.0,574.0,284.0,619.0,239.0,481.0,386.0,436.0
0.0,0.0,0,438.0,568.0,293.0,612.0,248.0,472.0,396.0,430.0
0.0,0.0,0,440.0,568.0,295.0,601.0,261.0,459.0,410.0,429.0
0.0,0.0,0,441.0,574.0,293.0,589.0,274.0,444.0,427.0,430.0
0.0,0.0,0,431.0,583.0,279.0,568.0,291.0,423.0,443.0,440.0
0.0,0.0,0,415.0,586.0,271.0,540.0,313.0,399.0,459.0,447.0
0.0,0.0,0,404.0,579.0,270.0,512.0,336.0,377.0,470.0,446.0
0.0,0.0,0,404.0,572.0,272.0,495.0,352.0,363.0,482.0,442.0
0.0,0.0,0,423.0,571.0,286.0,503.0,356.0,366.0,491.0,438.0
0.0,0.0,0,452.0,571.0,310.0,521.0,359.0,377.0,504.0,428.0
0.0,0.0,0,494.0,565.0,344.0,544.0,366.0,393.0,517.0,417.0
0.0,0.0,0,535.0,556.0,383.0,566.0,375.0,414.0,531.0,408.0
0.0,0.0,0,568.0,550.0,423.0,584.0,386.0,439.0,538.0,406.0
0.0,0.0,0,594.0,547.0,455.0,600.0,405.0,464.0,548.0,411.0
0.0,0.0,0,616.0,553.0,482.0,619.0,423.0,488.0,561.0,424.0
0.0,0.0,0,636.0,556.0,512.0,634.0,442.0,520.0,574.0,441.0
0.0,0.0,0,647.0,560.0,528.0,646.0,456.0,536.0,582.0,448.0
0.0,0.0,0,647.0,560.0,528.0,646.0,456.0,536.0,582.0,448.0
0.0,0.0,0,654.0,566.0,534.0,647.0,464.0,537.0,591.0,455.0
0.0,0.0,0,655.0,575.0,528.0,646.0,468.0,528.0,600.0,456.0
0.0,0.0,0,642.0,592.0,504.0,636.0,470.0,504.0,613.0,460.0
0.0,0.0,0,632.0,601.0,488.0,621.0,481.0,478.0,629.0,463.0
0.0,0.0,0,625.0,605.0,480.0,600.0,496.0,455.0,644.0,464.0
0.0,0.0,0,623.0,604.0,479.0,580.0,515.0,433.0,658.0,463.0
0.0,0.0,0,624.0,601.0,486.0,560.0,536.0,416.0,674.0,463.0
0.0,0.0,0,630.0,598.0,496.0,546.0,559.0,406.0,690.0,464.0
0.0,0.0,0,645.0,597.0,511.0,546.0,575.0,405.0,705.0,462.0
0.0,0.0,0,670.0,596.0,534.0,554.0,584.0,411.0,718.0,458.0
0.0,0.0,0,703.0,593.0,565.0,574.0,596.0,425.0,735.0,451.0
0.0,0.0,0,736.0,585.0,598.0,589.0,609.0,441.0,752.0,443.0
0.0,0.0,0,769.0,576.0,634.0,608.0,624.0,464.0,761.0,439.0
0.0,0.0,0,798.0,566.0,672.0,622.0,640.0,490.0,772.0,436.0
0.0,0.0,0,819.0,559.0,704.0,632.0,661.0,510.0,784.0,440.0
0.0,0.0,0,836.0,564.0,724.0,643.0,681.0,529.0,803.0,452.0
0.0,0.0,0,836.0,564.0,724.0,643.0,681.0,529.0,803.0,452.0
0.0,0.0,0,852.0,580.0,737.0,653.0,699.0,547.0,821.0,468.0
0.0,0.0,0,860.0,596.0,740.0,660.0,715.0,548.0,839.0,484.0
0.0,0.0,0,856.0,616.0,732.0,660.0,722.0,538.0,856.0,496.0
0.0,0.0,0,852.0,628.0,725.0,655.0,732.0,524.0,866.0,502.0
0.0,0.0,0,846.0,638.0,720.0,648.0,743.0,511.0,874.0,507.0
0.0,0.0,0,839.0,644.0,713.0,633.0,754.0,490.0,880.0,511.0
0.0,0.0,0,835.0,645.0,711.0,614.0,763.0,472.0,887.0,510.0
0.0,0.0,0,831.0,644.0,708.0,596.0,770.0,456.0,888.0,512.0
0.0,0.0,0,824.0,641.0,708.0,580.0,781.0,447.0,893.0,513.0
0.0,0.0,0,823.0,644.0,710.0,569.0,790.0,440.0,896.0,520.0
0.0,0.0,0,817.0,647.0,710.0,569.0,792.0,441.0,894.0,524.0
0.0,0.0,0,825.0,656.0,710.0,605.0,780.0,468.0,891.0,524.0
0.0,0.0,0,832.0,648.0,711.0,623.0,762.0,480.0,880.0,512.0
0.0,0.0,0,836.0,636.0,714.0,628.0,747.0,483.0,872.0,496.0
0.0,0.0,0,842.0,617.0,720.0,625.0,742.0,479.0,864.0,479.0
0.0,0.0,0,852.0,600.0,732.0,623.0,740.0,476.0,864.0,462.0
0.0,0.0,0,865.0,586.0,745.0,623.0,744.0,479.0,864.0,448.0
0.0,0.0,0,865.0,586.0,745.0,623.0,744.0,479.0,864.0,448.0
0.0,0.0,0,872.0,576.0,759.0,623.0,748.0,484.0,867.0,443.0
0.0,0.0,0,871.0,569.0,764.0,628.0,744.0,496.0,856.0,440.0
0.0,0.0,0,866.0,567.0,764.0,636.0,737.0,506.0,847.0,441.0
0.0,0.0,0,867.0,572.0,756.0,635.0,736.0,504.0,849.0,447.0
0.0,0.0,0,872.0,576.0,761.0,632.0,743.0,502.0,858.0,447.0
0.0,0.0,0,888.0,566.0,781.0,630.0,758.0,502.0,869.0,441.0
0.0,0.0,0,900.0,563.0,800.0,632.0,775.0,503.0,881.0,439.0
0.0,0.0,0,917.0,572.0,811.0,628.0,792.0,496.0,908.0,444.0
0.0,0.0,0,924.0,588.0,808.0,624.0,811.0,483.0,931.0,453.0
0.0,0.0,0,932.0,596.0,812.0,612.0,832.0,464.0,951.0,458.0
0.0,0.0,0,937.0,602.0,820.0,596.0,848.0,448.0,970.0,461.0
0.0,0.0,0,940.0,604.0,822.0,577.0,865.0,430.0,983.0,461.0
0.0,0.0,0,944.0,600.0,828.0,564.0,880.0,416.0,992.0,461.0
0.0,0.0,0,950.0,596.0,832.0,568.0,877.0,420.0,992.0,456.0
0.0,0.0,0,960.0,592.0,838.0,580.0,868.0,428.0,987.0,448.0
0.0,0.0,0,969.0,587.0,844.0,594.0,857.0,441.0,980.0,444.0
0.0,0.0,0,969.0,587.0,844.0,594.0,857.0,441.0,980.0,444.0
0.0,0.0,0,968.0,591.0,842.0,602.0,852.0,452.0,977.0,449.0
0.0,0.0,0,958.0,597.0,833.0,607.0,849.0,459.0,975.0,458.0
0.0,0.0,0,952.0,600.0,828.0,612.0,844.0,468.0,971.0,460.0
0.0,0.0,0,948.0,600.0,824.0,611.0,840.0,466.0,965.0,461.0
0.0,0.0,0,945.0,603.0,821.0,614.0,838.0,469.0,962.0,465.0
0.0,0.0,0,942.0,605.0,817.0,617.0,833.0,472.0,961.0,468.0
0.0,0.0,0,939.0,604.0,815.0,615.0,832.0,472.0,956.0,467.0
0.0,0.0,0,937.0,603.0,812.0,612.0,829.0,466.0,956.0,461.0
0.0,0.0,0,934.0,596.0,811.0,604.0,828.0,460.0,952.0,456.0
0.0,0.0,0,930.0,579.0,802.0,583.0,821.0,437.0,951.0,438.0
0.0,0.0,0,926.0,549.0,798.0,550.0,815.0,401.0,944.0,408.0
0.0,0.0,0,927.0,518.0,798.0,513.0,815.0,364.0,946.0,372.0
0.0,0.0,0,929.0,489.0,797.0,484.0,814.0,334.0,944.0,344.0
0.0,0.0,0,929.0,470.0,797.0,463.0,812.0,312.0,945.0,324.0
0.0,0.0,0,931.0,455.0,797.0,448.0,812.0,296.0,945.0,308.0
0.0,0.0,0,929.0,446.0,799.0,438.0,811.0,287.0,945.0,308.0
0.0,0.0,0,929.0,446.0,799.0,438.0,811.0,287.0,945.0,300.0
0.0,0.0,0,934.0,438.0,800.0,435.0,808.0,283.0,942.0,291.0
0.0,0.0,0,937.0,430.0,805.0,439.0,804.0,288.0,937.0,284.0
0.0,0.0,0,944.0,423.0,815.0,448.0,800.0,298.0,932.0,276.0
0.0,0.0,0,948.0,420.0,823.0,456.0,799.0,310.0,928.0,277.0
0.0,0.0,0,952.0,415.0,832.0,464.0,798.0,321.0,921.0,276.0
0.0,0.0,0,952.0,408.0,832.0,464.0,794.0,325.0,917.0,275.0
0.0,0.0,0,952.0,414.0,830.0,462.0,798.0,319.0,924.0,276.0
0.0,0.0,0,948.0,420.0,820.0,452.0,802.0,303.0,932.0,276.0
0.0,0.0,0,942.0,425.0,808.0,434.0,808.0,282.0,940.0,278.0
0.0,0.0,0,929.0,430.0,795.0,411.0,816.0,261.0,948.0,283.0
0.0,0.0,0,919.0,430.0,783.0,391.0,816.0,244.0,950.0,286.0
0.0,0.0,0,905.0,425.0,772.0,373.0,817.0,232.0,949.0,287.0
0.0,0.0,0,899.0,423.0,767.0,364.0,818.0,225.0,948.0,287.0
0.0,0.0,0,900.0,420.0,765.0,359.0,819.0,222.0,950.0,283.0
0.0,0.0,0,906.0,418.0,768.0,370.0,812.0,228.0,945.0,278.0
0.0,0.0,0,906.0,418.0,768.0,370.0,812.0,228.0,945.0,278.0
0.0,0.0,0,912.0,412.0,772.0,384.0,798.0,235.0,936.0,266.0
0.0,0.0,0,915.0,403.0,775.0,398.0,782.0,244.0,924.0,256.0
0.0,0.0,0,917.0,390.0,778.0,408.0,763.0,258.0,904.0,242.0
0.0,0.0,0,912.0,373.0,779.0,416.0,742.0,271.0,876.0,231.0
0.0,0.0,0,902.0,360.0,776.0,425.0,719.0,286.0,848.0,224.0
0.0,0.0,0,887.0,353.0,763.0,430.0,695.0,298.0,822.0,224.0
0.0,0.0,0,867.0,354.0,742.0,431.0,671.0,301.0,799.0,224.0
0.0,0.0,0,847.0,362.0,719.0,438.0,648.0,304.0,778.0,231.0
0.0,0.0,0,829.0,370.0,697.0,441.0,631.0,307.0,764.0,238.0
0.0,0.0,0,816.0,383.0,678.0,441.0,623.0,303.0,762.0,245.0
0.0,0.0,0,799.0,400.0,653.0,434.0,620.0,286.0,767.0,252.0
0.0,0.0,0,780.0,417.0,628.0,425.0,622.0,272.0,773.0,266.0
0.0,0.0,0,761.0,429.0,609.0,414.0,624.0,264.0,778.0,279.0
0.0,0.0,0,741.0,435.0,592.0,401.0,625.0,254.0,776.0,288.0
0.0,0.0,0,721.0,435.0,576.0,385.0,626.0,244.0,772.0,292.0
0.0,0.0,0,710.0,432.0,567.0,379.0,621.0,240.0,764.0,291.0
0.0,0.0,0,708.0,429.0,560.0,389.0,603.0,244.0,751.0,284.0
0.0,0.0,0,708.0,429.0,560.0,389.0,603.0,244.0,751.0,284.0
0.0,0.0,0,710.0,420.0,559.0,402.0,578.0,253.0,728.0,271.0
0.0,0.0,0,710.0,411.0,558.0,417.0,552.0,267.0,705.0,257.0
0.0,0.0,0,702.0,400.0,551.0,423.0,528.0,273.0,680.0,248.0
0.0,0.0,0,699.0,389.0,551.0,429.0,511.0,284.0,659.0,242.0
0.0,0.0,0,696.0,381.0,555.0,439.0,496.0,298.0,639.0,240.0
0.0,0.0,0,692.0,379.0,557.0,448.0,487.0,313.0,624.0,243.0
0.0,0.0,0,686.0,384.0,552.0,454.0,480.0,321.0,616.0,249.0
0.0,0.0,0,681.0,394.0,543.0,457.0,479.0,320.0,619.0,255.0
0.0,0.0,0,669.0,409.0,523.0,453.0,479.0,308.0,625.0,263.0
0.0,0.0,0,653.0,421.0,502.0,446.0,478.0,295.0,630.0,270.0
0.0,0.0,0,638.0,429.0,487.0,437.0,479.0,284.0,630.0,277.0
0.0,0.0,0,625.0,436.0,475.0,428.0,483.0,277.0,633.0,282.0
0.0,0.0,0,614.0,444.0,468.0,422.0,488.0,274.0,637.0,294.0
0.0,0.0,0,601.0,453.0,458.0,417.0,496.0,272.0,639.0,304.0
0.0,0.0,0,584.0,457.0,450.0,404.0,503.0,263.0,639.0,312.0
0.0,0.0,0,567.0,456.0,438.0,393.0,503.0,256.0,632.0,319.0
0.0,0.0,0,567.0,456.0,438.0,393.0,503.0,256.0,632.0,319.0
0.0,0.0,0,551.0,456.0,425.0,388.0,491.0,255.0,621.0,320.0
0.0,0.0,0,544.0,460.0,415.0,400.0,472.0,263.0,606.0,319.0
0.0,0.0,0,536.0,462.0,404.0,412.0,448.0,271.0,584.0,318.0
0.0,0.0,0,537.0,459.0,400.0,426.0,431.0,279.0,571.0,310.0
0.0,0.0,0,541.0,456.0,399.0,437.0,415.0,288.0,560.0,304.0
0.0,0.0,0,550.0,451.0,404.0,448.0,401.0,299.0,550.0,298.0
0.0,0.0,0,559.0,445.0,414.0,463.0,392.0,313.0,541.0,294.0
0.0,0.0,0,568.0,439.0,425.0,477.0,384.0,330.0,528.0,293.0
0.0,0.0,0,575.0,435.0,437.0,489.0,380.0,350.0,518.0,294.0
0.0,0.0,0,576.0,435.0,443.0,498.0,376.0,364.0,511.0,298.0
0.0,0.0,0,575.0,441.0,444.0,506.0,374.0,375.0,506.0,307.0
0.0,0.0,0,565.0,454.0,431.0,509.0,371.0,372.0,506.0,314.0
0.0,0.0,0,552.0,466.0,415.0,508.0,368.0,368.0,505.0,322.0
0.0,0.0,0,539.0,475.0,402.0,508.0,360.0,367.0,501.0,329.0
0.0,0.0,0,527.0,487.0,386.0,506.0,359.0,360.0,498.0,337.0
0.0,0.0,0,512.0,496.0,373.0,503.0,357.0,354.0,496.0,344.0
0.0,0.0,0,512.0,496.0,373.0,503.0,357.0,354.0,496.0,344.0
0.0,0.0,0,493.0,499.0,355.0,488.0,357.0,340.0,497.0,347.0
0.0,0.0,0,478.0,502.0,344.0,474.0,360.0,328.0,498.0,352.0
0.0,0.0,0,462.0,507.0,332.0,468.0,360.0,322.0,495.0,360.0
0.0,0.0,0,454.0,514.0,324.0,468.0,357.0,325.0,490.0,370.0
0.0,0.0,0,453.0,528.0,324.0,484.0,351.0,341.0,485.0,384.0
0.0,0.0,0,458.0,543.0,327.0,503.0,343.0,361.0,478.0,399.0
0.0,0.0,0,464.0,553.0,332.0,524.0,333.0,384.0,472.0,410.0
0.0,0.0,0,479.0,562.0,342.0,545.0,327.0,406.0,469.0,416.0
0.0,0.0,0,496.0,562.0,356.0,572.0,320.0,433.0,464.0,420.0
0.0,0.0,0,505.0,561.0,369.0,594.0,312.0,461.0,452.0,423.0
0.0,0.0,0,504.0,561.0,369.0,606.0,304.0,473.0,441.0,425.0
0.0,0.0,0,495.0,567.0,355.0,600.0,299.0,463.0,441.0,425.0
0.0,0.0,0,475.0,575.0,329.0,582.0,301.0,435.0,451.0,426.0
0.0,0.0,0,456.0,579.0,310.0,558.0,314.0,407.0,464.0,426.0
0.0,0.0,0,447.0,577.0,303.0,537.0,330.0,386.0,480.0,425.0
0.0,0.0,0,453.0,571.0,306.0,527.0,344.0,376.0,494.0,418.0
0.0,0.0,0,453.0,571.0,306.0,527.0,344.0,376.0,494.0,418.0
0.0,0.0,0,469.0,540.0,320.0,501.0,359.0,348.0,506.0,388.0
0.0,0.0,0,491.0,503.0,340.0,474.0,369.0,322.0,521.0,349.0
0.0,0.0,0,513.0,467.0,359.0,452.0,375.0,299.0,527.0,314.0
0.0,0.0,0,527.0,437.0,373.0,434.0,378.0,282.0,531.0,283.0
0.0,0.0,0,535.0,409.0,382.0,409.0,383.0,257.0,535.0,257.0
0.0,0.0,0,543.0,383.0,391.0,394.0,382.0,242.0,533.0,230.0
0.0,0.0,0,548.0,365.0,397.0,388.0,376.0,239.0,526.0,216.0
0.0,0.0,0,537.0,364.0,386.0,379.0,376.0,229.0,526.0,214.0
0.0,0.0,0,511.0,377.0,367.0,359.0,384.0,208.0,534.0,225.0
0.0,0.0,0,486.0,377.0,348.0,330.0,398.0,190.0,536.0,233.0
0.0,0.0,0,464.0,376.0,337.0,312.0,408.0,179.0,535.0,242.0
0.0,0.0,0,460.0,382.0,342.0,304.0,419.0,179.0,541.0,252.0
0.0,0.0,0,478.0,396.0,355.0,323.0,430.0,192.0,554.0,263.0
0.0,0.0,0,496.0,403.0,372.0,330.0,448.0,200.0,576.0,272.0
0.0,0.0,0,538.0,416.0,407.0,352.0,470.0,215.0,605.0,278.0
0.0,0.0,0,574.0,422.0,432.0,372.0,483.0,228.0,626.0,277.0
0.0,0.0,0,612.0,423.0,461.0,396.0,489.0,244.0,640.0,272.0
0.0,0.0,0,612.0,423.0,461.0,396.0,489.0,244.0,640.0,272.0
0.0,0.0,0,645.0,413.0,492.0,418.0,487.0,264.0,641.0,259.0
0.0,0.0,0,662.0,403.0,510.0,429.0,482.0,279.0,636.0,251.0
0.0,0.0,0,657.0,408.0,504.0,428.0,482.0,276.0,636.0,256.0
0.0,0.0,0,635.0,418.0,481.0,417.0,481.0,263.0,638.0,264.0
0.0,0.0,0,611.0,425.0,460.0,404.0,481.0,252.0,632.0,272.0
0.0,0.0,0,584.0,427.0,439.0,392.0,471.0,245.0,619.0,276.0
0.0,0.0,0,551.0,428.0,415.0,376.0,463.0,232.0,603.0,284.0
0.0,0.0,0,520.0,427.0,392.0,362.0,457.0,225.0,589.0,290.0
0.0,0.0,0,495.0,425.0,371.0,356.0,440.0,224.0,567.0,290.0
0.0,0.0,0,476.0,427.0,352.0,357.0,420.0,224.0,547.0,293.0
0.0,0.0,0,458.0,428.0,342.0,351.0,415.0,223.0,536.0,296.0
0.0,0.0,0,447.0,429.0,335.0,344.0,416.0,221.0,533.0,303.0
0.0,0.0,0,448.0,432.0,328.0,358.0,405.0,226.0,527.0,301.0
0.0,0.0,0,468.0,437.0,334.0,391.0,375.0,247.0,512.0,290.0
0.0,0.0,0,478.0,431.0,334.0,413.0,348.0,263.0,493.0,279.0
0.0,0.0,0,471.0,423.0,327.0,416.0,329.0,264.0,473.0,270.0
0.0,0.0,0,471.0,423.0,327.0,416.0,329.0,264.0,473.0,270.0
0.0,0.0,0,455.0,416.0,313.0,409.0,315.0,259.0,459.0,264.0
0.0,0.0,0,433.0,417.0,296.0,400.0,308.0,250.0,449.0,265.0
0.0,0.0,0,412.0,421.0,279.0,389.0,308.0,242.0,443.0,271.0
0.0,0.0,0,388.0,422.0,262.0,374.0,305.0,231.0,435.0,278.0
0.0,0.0,0,364.0,422.0,245.0,358.0,304.0,222.0,426.0,281.0
0.0,0.0,0,338.0,416.0,230.0,337.0,304.0,211.0,417.0,288.0
0.0,0.0,0,320.0,414.0,221.0,324.0,310.0,207.0,412.0,296.0
0.0,0.0,0,314.0,416.0,216.0,327.0,304.0,208.0,407.0,295.0
0.0,0.0,0,322.0,424.0,215.0,344.0,288.0,216.0,400.0,292.0
0.0,0.0,0,336.0,427.0,214.0,368.0,269.0,231.0,391.0,286.0
0.0,0.0,0,343.0,428.0,214.0,390.0,247.0,244.0,378.0,279.0
0.0,0.0,0,346.0,426.0,211.0,404.0,225.0,255.0,363.0,272.0
0.0,0.0,0,349.0,420.0,210.0,416.0,209.0,266.0,349.0,265.0
0.0,0.0,0,341.0,413.0,204.0,416.0,198.0,265.0,336.0,260.0
0.0,0.0,0,324.0,416.0,189.0,408.0,192.0,256.0,328.0,261.0
0.0,0.0,0,296.0,418.0,168.0,391.0,192.0,242.0,320.0,266.0
0.0,0.0,0,296.0,418.0,168.0,391.0,192.0,242.0,320.0,266.0
0.0,0.0,0,276.0,419.0,157.0,373.0,193.0,230.0,317.0,272.0
0.0,0.0,0,258.0,415.0,148.0,353.0,201.0,215.0,313.0,273.0
0.0,0.0,0,241.0,408.0,142.0,334.0,209.0,203.0,313.0,274.0
0.0,0.0,0,228.0,404.0,135.0,319.0,215.0,193.0,311.0,278.0
0.0,0.0,0,216.0,398.0,128.0,310.0,212.0,189.0,304.0,277.0
0.0,0.0,0,210.0,394.0,120.0,311.0,200.0,186.0,295.0,270.0
0.0,0.0,0,214.0,393.0,113.0,318.0,184.0,190.0,287.0,261.0
0.0,0.0,0,222.0,393.0,112.0,335.0,169.0,196.0,281.0,249.0
0.0,0.0,0,233.0,390.0,118.0,349.0,158.0,205.0,277.0,240.0
0.0,0.0,0,244.0,388.0,120.0,359.0,150.0,212.0,272.0,234.0
0.0,0.0,0,250.0,381.0,126.0,365.0,144.0,216.0,272.0,226.0
0.0,0.0,0,257.0,374.0,129.0,370.0,139.0,221.0,266.0,219.0
0.0,0.0,0,266.0,368.0,135.0,376.0,134.0,230.0,263.0,214.0
0.0,0.0,0,274.0,360.0,143.0,384.0,131.0,237.0,261.0,209.0
0.0,0.0,0,277.0,360.0,145.0,385.0,130.0,240.0,258.0,208.0
0.0,0.0,0,254.0,366.0,128.0,367.0,137.0,217.0,262.0,214.0
0.0,0.0,0,254.0,366.0,128.0,367.0,137.0,217.0,262.0,214.0
0.0,0.0,0,222.0,366.0,106.0,334.0,143.0,191.0,257.0,217.0
0.0,0.0,0,194.0,365.0,90.0,319.0,139.0,180.0,244.0,220.0
0.0,0.0,0,172.0,364.0,79.0,312.0,128.0,176.0,228.0,223.0
0.0,0.0,0,153.0,361.0,67.0,299.0,128.0,166.0,217.0,225.0
0.0,0.0,0,145.0,359.0,64.0,293.0,126.0,164.0,215.0,224.0
0.0,0.0,0,144.0,360.0,60.0,292.0,126.0,164.0,212.0,228.0
0.0,0.0,0,140.0,362.0,60.0,292.0,124.0,164.0,212.0,228.0
0.0,0.0,0,143.0,364.0,61.0,296.0,124.0,166.0,212.0,228.0
0.0,0.0,0,148.0,364.0,63.0,299.0,127.0,170.0,215.0,230.0
0.0,0.0,0,152.0,367.0,68.0,300.0,130.0,171.0,220.0,228.0
0.0,0.0,0,159.0,359.0,68.0,298.0,132.0,164.0,225.0,221.0
0.0,0.0,0,171.0,341.0,76.0,284.0,138.0,149.0,236.0,204.0
0.0,0.0,0,184.0,314.0,84.0,260.0,143.0,125.0,246.0,174.0
0.0,0.0,0,191.0,287.0,87.0,236.0,148.0,100.0,254.0,143.0
0.0,0.0,0,193.0,273.0,87.0,229.0,147.0,91.0,252.0,132.0
0.0,0.0,0,192.0,279.0,88.0,235.0,141.0,98.0,249.0,134.0
0.0,0.0,0,192.0,279.0,88.0,235.0,141.0,98.0,249.0,134.0
0.0,0.0,0,193.0,283.0,87.0,238.0,142.0,100.0,252.0,140.0
0.0,0.0,0,190.0,286.0,86.0,236.0,143.0,101.0,251.0,144.0
0.0,0.0,0,176.0,285.0,78.0,220.0,154.0,91.0,253.0,150.0
0.0,0.0,0,160.0,280.0,74.0,202.0,164.0,84.0,254.0,159.0
0.0,0.0,0,159.0,287.0,72.0,203.0,160.0,86.0,252.0,164.0
0.0,0.0,0,180.0,300.0,75.0,243.0,140.0,108.0,247.0,161.0
0.0,0.0,0,206.0,304.0,88.0,280.0,119.0,133.0,239.0,154.0
0.0,0.0,0,232.0,298.0,105.0,310.0,106.0,163.0,231.0,146.0
0.0,0.0,0,243.0,288.0,119.0,320.0,102.0,174.0,225.0,139.0
0.0,0.0,0,246.0,287.0,121.0,322.0,101.0,180.0,224.0,139.0
0.0,0.0,0,244.0,292.0,117.0,322.0,103.0,178.0,226.0,142.0
0.0,0.0,0,239.0,298.0,110.0,315.0,108.0,168.0,232.0,147.0
0.0,0.0,0,223.0,310.0,99.0,297.0,118.0,149.0,241.0,155.0
0.0,0.0,0,198.0,313.0,86.0,268.0,136.0,128.0,249.0,167.0
0.0,0.0,0,182.0,313.0,79.0,244.0,149.0,116.0,254.0,178.0
0.0,0.0,0,169.0,313.0,80.0,232.0,163.0,108.0,256.0,189.0
0.0,0.0,0,169.0,321.0,81.0,234.0,168.0,115.0,256.0,189.0
0.0,0.0,0,169.0,321.0,81.0,234.0,168.0,115.0,261.0,200.0
0.0,0.0,0,182.0,335.0,88.0,248.0,169.0,128.0,268.0,212.0
0.0,0.0,0,201.0,345.0,99.0,261.0,178.0,136.0,286.0,217.0
0.0,0.0,0,239.0,353.0,119.0,287.0,184.0,151.0,306.0,216.0
0.0,0.0,0,289.0,351.0,151.0,309.0,194.0,163.0,334.0,201.0
0.0,0.0,0,352.0,345.0,200.0,334.0,213.0,181.0,365.0,191.0
0.0,0.0,0,398.0,348.0,242.0,350.0,239.0,192.0,397.0,192.0
0.0,0.0,0,417.0,357.0,260.0,355.0,261.0,197.0,419.0,200.0
0.0,0.0,0,423.0,363.0,266.0,355.0,272.0,196.0,431.0,205.0
0.0,0.0,0,429.0,363.0,272.0,358.0,275.0,200.0,432.0,205.0
0.0,0.0,0,435.0,357.0,279.0,366.0,268.0,207.0,427.0,200.0
0.0,0.0,0,431.0,361.0,275.0,372.0,261.0,215.0,419.0,203.0
0.0,0.0,0,397.0,376.0,247.0,352.0,264.0,197.0,420.0,222.0
0.0,0.0,0,356.0,369.0,222.0,296.0,291.0,158.0,429.0,231.0
0.0,0.0,0,334.0,346.0,220.0,242.0,322.0,126.0,439.0,230.0
0.0,0.0,0,328.0,331.0,225.0,216.0,342.0,112.0,443.0,227.0
0.0,0.0,0,336.0,332.0,229.0,222.0,343.0,112.0,448.0,225.0
0.0,0.0,0,336.0,332.0,229.0,222.0,343.0,112.0,448.0,225.0
0.0,0.0,0,352.0,339.0,238.0,235.0,343.0,119.0,456.0,223.0
0.0,0.0,0,371.0,342.0,248.0,248.0,341.0,124.0,464.0,218.0
0.0,0.0,0,394.0,347.0,262.0,266.0,343.0,132.0,477.0,215.0
0.0,0.0,0,430.0,355.0,285.0,291.0,350.0,147.0,495.0,212.0
0.0,0.0,0,471.0,358.0,317.0,315.0,361.0,162.0,514.0,209.0
0.0,0.0,0,504.0,362.0,347.0,335.0,373.0,178.0,531.0,208.0
0.0,0.0,0,536.0,364.0,378.0,355.0,388.0,195.0,547.0,209.0
0.0,0.0,0,571.0,366.0,416.0,371.0,409.0,208.0,566.0,210.0
0.0,0.0,0,596.0,368.0,444.0,382.0,431.0,217.0,584.0,214.0
0.0,0.0,0,602.0,374.0,449.0,380.0,445.0,216.0,599.0,218.0
0.0,0.0,0,588.0,382.0,433.0,364.0,452.0,203.0,607.0,227.0
0.0,0.0,0,564.0,385.0,412.0,341.0,456.0,185.0,608.0,235.0
0.0,0.0,0,532.0,382.0,387.0,317.0,454.0,171.0,599.0,239.0
0.0,0.0,0,498.0,380.0,366.0,293.0,453.0,161.0,586.0,249.0
0.0,0.0,0,468.0,375.0,349.0,272.0,452.0,151.0,574.0,257.0
0.0,0.0,0,450.0,379.0,337.0,269.0,446.0,153.0,560.0,265.0
0.0,0.0,0,450.0,379.0,337.0,269.0,446.0,153.0,560.0,265.0
0.0,0.0,0,451.0,399.0,333.0,295.0,434.0,172.0,555.0,280.0
0.0,0.0,0,459.0,414.0,333.0,319.0,425.0,189.0,555.0,289.0
0.0,0.0,0,481.0,424.0,341.0,343.0,422.0,203.0,563.0,289.0
0.0,0.0,0,510.0,432.0,361.0,376.0,418.0,224.0,571.0,286.0
0.0,0.0,0,531.0,439.0,377.0,404.0,416.0,247.0,572.0,288.0
0.0,0.0,0,536.0,446.0,384.0,428.0,417.0,273.0,573.0,300.0
0.0,0.0,0,535.0,453.0,389.0,440.0,428.0,296.0,577.0,317.0
0.0,0.0,0,533.0,462.0,385.0,440.0,428.0,292.0,576.0,320.0
0.0,0.0,0,534.0,460.0,388.0,433.0,432.0,281.0,580.0,317.0
0.0,0.0,0,539.0,459.0,392.0,432.0,437.0,279.0,583.0,315.0
0.0,0.0,0,538.0,458.0,393.0,427.0,440.0,277.0,587.0,315.0
0.0,0.0,0,536.0,455.0,395.0,425.0,443.0,278.0,591.0,318.0
0.0,0.0,0,544.0,453.0,400.0,432.0,447.0,286.0,592.0,317.0
0.0,0.0,0,554.0,456.0,410.0,436.0,446.0,287.0,595.0,312.0
0.0,0.0,0,566.0,458.0,415.0,434.0,447.0,278.0,598.0,308.0
0.0,0.0,0,569.0,461.0,418.0,430.0,449.0,272.0,600.0,309.0
0.0,0.0,0,569.0,461.0,418.0,430.0,449.0,272.0,600.0,309.0
0.0,0.0,0,572.0,462.0,418.0,429.0,451.0,272.0,602.0,311.0
0.0,0.0,0,572.0,464.0,418.0,431.0,449.0,275.0,600.0,312.0
0.0,0.0,0,572.0,465.0,417.0,431.0,449.0,277.0,600.0,314.0
0.0,0.0,0,573.0,466.0,417.0,431.0,448.0,280.0,601.0,316.0
0.0,0.0,0,574.0,468.0,418.0,433.0,449.0,281.0,601.0,319.0
0.0,0.0,0,581.0,470.0,425.0,438.0,456.0,288.0,607.0,320.0
0.0,0.0,0,603.0,470.0,447.0,452.0,463.0,296.0,615.0,319.0
0.0,0.0,0,624.0,477.0,470.0,480.0,468.0,323.0,618.0,326.0
0.0,0.0,0,641.0,481.0,493.0,498.0,477.0,343.0,626.0,332.0
0.0,0.0,0,658.0,482.0,513.0,504.0,491.0,350.0,639.0,335.0
0.0,0.0,0,672.0,480.0,526.0,489.0,518.0,335.0,664.0,330.0
0.0,0.0,0,682.0,477.0,536.0,457.0,555.0,304.0,700.0,328.0
0.0,0.0,0,688.0,472.0,551.0,427.0,596.0,279.0,734.0,330.0
0.0,0.0,0,702.0,463.0,570.0,398.0,636.0,256.0,765.0,327.0
0.0,0.0,0,717.0,454.0,591.0,376.0,667.0,242.0,791.0,321.0
0.0,0.0,0,724.0,448.0,604.0,365.0,687.0,234.0,804.0,320.0
0.0,0.0,0,725.0,445.0,608.0,352.0,698.0,228.0,809.0,321.0
0.0,0.0,0,725.0,445.0,608.0,352.0,698.0,228.0,809.0,321.0
0.0,0.0,0,724.0,440.0,608.0,345.0,705.0,222.0,815.0,321.0
0.0,0.0,0,730.0,443.0,612.0,358.0,701.0,229.0,814.0,319.0
0.0,0.0,0,741.0,450.0,616.0,378.0,692.0,242.0,815.0,317.0
0.0,0.0,0,756.0,456.0,623.0,414.0,676.0,266.0,808.0,314.0
0.0,0.0,0,763.0,464.0,628.0,444.0,664.0,293.0,801.0,320.0
0.0,0.0,0,773.0,467.0,640.0,467.0,659.0,316.0,796.0,324.0
0.0,0.0,0,776.0,466.0,640.0,471.0,655.0,320.0,792.0,320.0
0.0,0.0,0,778.0,464.0,642.0,471.0,656.0,319.0,793.0,318.0
0.0,0.0,0,778.0,464.0,642.0,459.0,663.0,306.0,800.0,317.0
0.0,0.0,0,777.0,456.0,640.0,436.0,673.0,284.0,812.0,312.0
0.0,0.0,0,779.0,445.0,641.0,407.0,690.0,257.0,826.0,303.0
0.0,0.0,0,781.0,431.0,648.0,373.0,713.0,229.0,844.0,292.0
0.0,0.0,0,794.0,410.0,667.0,337.0,741.0,201.0,867.0,279.0
0.0,0.0,0,812.0,400.0,688.0,318.0,771.0,186.0,892.0,272.0
0.0,0.0,0,812.0,400.0,688.0,318.0,771.0,186.0,892.0,272.0
0.0,0.0,0,831.0,401.0,708.0,318.0,791.0,187.0,911.0,273.0
0.0,0.0,0,848.0,404.0,723.0,330.0,799.0,194.0,924.0,272.0
0.0,0.0,0,875.0,401.0,744.0,344.0,809.0,198.0,940.0,263.0
0.0,0.0,0,911.0,393.0,776.0,355.0,820.0,204.0,957.0,248.0
0.0,0.0,0,943.0,385.0,806.0,365.0,836.0,209.0,974.0,235.0
0.0,0.0,0,971.0,374.0,835.0,368.0,850.0,214.0,990.0,223.0
0.0,0.0,0,1001.0,357.0,868.0,372.0,866.0,216.0,1000.0,206.0
0.0,0.0,0,1013.0,338.0,897.0,385.0,872.0,236.0,1000.0,196.0
0.0,0.0,0,1016.0,336.0,908.0,396.0,870.0,254.0,993.0,196.0
0.0,0.0,0,1016.0,340.0,901.0,401.0,862.0,259.0,988.0,204.0
0.0,0.0,0,1013.0,336.0,897.0,401.0,853.0,264.0,976.0,200.0
0.0,0.0,0,1005.0,327.0,895.0,400.0,840.0,268.0,958.0,194.0
0.0,0.0,0,1001.0,316.0,893.0,403.0,825.0,277.0,938.0,190.0
0.0,0.0,0,994.0,311.0,889.0,406.0,814.0,285.0,925.0,191.0
0.0,0.0,0,990.0,319.0,877.0,407.0,806.0,282.0,922.0,195.0
0.0,0.0,0,980.0,344.0,848.0,405.0,793.0,265.0,928.0,203.0
0.0,0.0,0,980.0,344.0,848.0,405.0,793.0,265.0,928.0,203.0
0.0,0.0,0,966.0,361.0,822.0,397.0,791.0,245.0,938.0,212.0
0.0,0.0,0,953.0,374.0,802.0,387.0,791.0,232.0,942.0,221.0
0.0,0.0,0,944.0,377.0,792.0,384.0,788.0,229.0,940.0,226.0
0.0,0.0,0,949.0,375.0,798.0,387.0,787.0,232.0,939.0,224.0
0.0,0.0,0,953.0,374.0,805.0,395.0,786.0,241.0,937.0,222.0
0.0,0.0,0,960.0,372.0,815.0,407.0,786.0,255.0,934.0,222.0
0.0,0.0,0,967.0,373.0,823.0,417.0,786.0,272.0,933.0,228.0
0.0,0.0,0,966.0,388.0,823.0,431.0,786.0,285.0,934.0,243.0
0.0,0.0,0,962.0,403.0,817.0,441.0,787.0,296.0,934.0,258.0
0.0,0.0,0,957.0,416.0,814.0,450.0,787.0,304.0,933.0,270.0
0.0,0.0,0,954.0,427.0,809.0,458.0,787.0,311.0,934.0,281.0
0.0,0.0,0,950.0,436.0,807.0,464.0,785.0,316.0,933.0,289.0
0.0,0.0,0,946.0,435.0,801.0,460.0,784.0,309.0,932.0,287.0
0.0,0.0,0,940.0,424.0,793.0,441.0,783.0,290.0,931.0,275.0
0.0,0.0,0,930.0,398.0,784.0,408.0,779.0,254.0,928.0,247.0
0.0,0.0,0,925.0,359.0,780.0,362.0,779.0,208.0,925.0,209.0
0.0,0.0,0,925.0,318.0,779.0,321.0,779.0,168.0,924.0,168.0
0.0,0.0,0,925.0,318.0,779.0,321.0,779.0,168.0,924.0,168.0
0.0,0.0,0,928.0,283.0,783.0,286.0,779.0,132.0,925.0,133.0
0.0,0.0,0,934.0,251.0,789.0,255.0,783.0,102.0,928.0,101.0
0.0,0.0,0,938.0,229.0,794.0,234.0,785.0,81.0,929.0,80.0
0.0,0.0,0,937.0,217.0,792.0,219.0,787.0,67.0,929.0,70.0
0.0,0.0,0,931.0,207.0,787.0,208.0,780.0,57.0,925.0,58.0
0.0,0.0,0,929.0,196.0,783.0,197.0,776.0,45.0,921.0,49.0
0.0,0.0,0,925.0,185.0,779.0,183.0,776.0,32.0,920.0,36.0
0.0,0.0,0,925.0,169.0,779.0,168.0,774.0,16.0,919.0,19.0
0.0,0.0,0,926.0,150.0,779.0,149.0,772.0,2.0,918.0,3.0
0.0,0.0,0,926.0,133.0,779.0,132.0,1023.0,1023.0,1023.0,1023.0
0.0,0.0,0,925.0,119.0,776.0,119.0,1023.0,1023.0,1023.0,1023.0
0.0,0.0,0,920.0,107.0,772.0,108.0,1023.0,1023.0,1023.0,1023.0
0.0,0.0,0,925.0,95.0,778.0,108.0,1023.0,1023.0,1023.0,1023.0
0.0,0.0,0,935.0,87.0,795.0,125.0,1023.0,1023.0,1023.0,1023.0
0.0,0.0,0,935.0,87.0,795.0,125.0,1023.0,1023.0,1023.0,1023.0
0.0,0.0,0,937.0,86.0,809.0,147.0,1023.0,1023.0,1023.0,1023.0
0.0,0.0,0,936.0,100.0,804.0,160.0,741.0,18.0,1023.0,1023.0
0.0,0.0,0,925.0,127.0,787.0,171.0,741.0,23.0,1023.0,1023.0
0.0,0.0,0,913.0,156.0,768.0,180.0,739.0,28.0,1023.0,1023.0
0.0,0.0,0,894.0,182.0,747.0,183.0,738.0,34.0,886.0,35.0
0.0,0.0,0,878.0,196.0,729.0,179.0,741.0,31.0,887.0,53.0
0.0,0.0,0,875.0,199.0,725.0,180.0,736.0,33.0,883.0,56.0
0.0,0.0,0,879.0,195.0,729.0,189.0,728.0,41.0,878.0,49.0
0.0,0.0,0,891.0,192.0,742.0,209.0,722.0,60.0,870.0,46.0
0.0,0.0,0,903.0,185.0,760.0,231.0,713.0,84.0,855.0,42.0
0.0,0.0,0,907.0,179.0,776.0,248.0,706.0,111.0,841.0,44.0
0.0,0.0,0,904.0,178.0,779.0,257.0,702.0,127.0,828.0,50.0
0.0,0.0,0,900.0,184.0,775.0,263.0,696.0,133.0,824.0,54.0
0.0,0.0,0,887.0,197.0,752.0,263.0,685.0,126.0,820.0,60.0
0.0,0.0,0,861.0,212.0,715.0,253.0,672.0,109.0,818.0,67.0
0.0,0.0,0,830.0,222.0,677.0,239.0,659.0,91.0,811.0,75.0
0.0,0.0,0,796.0,231.0,640.0,230.0,646.0,81.0,797.0,83.0
0.0,0.0,0,796.0,231.0,640.0,230.0,646.0,81.0,797.0,83.0
0.0,0.0,0,760.0,241.0,608.0,224.0,630.0,79.0,781.0,94.0
0.0,0.0,0,725.0,248.0,576.0,216.0,614.0,72.0,763.0,102.0
0.0,0.0,0,700.0,249.0,552.0,210.0,599.0,71.0,745.0,107.0
0.0,0.0,0,688.0,252.0,542.0,216.0,584.0,72.0,731.0,106.0
0.0,0.0,0,695.0,253.0,544.0,231.0,570.0,82.0,722.0,103.0
0.0,0.0,0,707.0,247.0,552.0,244.0,560.0,95.0,712.0,95.0
0.0,0.0,0,726.0,236.0,575.0,261.0,552.0,111.0,704.0,87.0
0.0,0.0,0,744.0,220.0,597.0,266.0,552.0,120.0,699.0,75.0
0.0,0.0,0,751.0,209.0,613.0,274.0,547.0,136.0,688.0,71.0
0.0,0.0,0,746.0,205.0,614.0,279.0,538.0,144.0,672.0,71.0
0.0,0.0,0,736.0,208.0,603.0,283.0,528.0,150.0,663.0,75.0
0.0,0.0,0,718.0,217.0,576.0,279.0,516.0,139.0,657.0,77.0
0.0,0.0,0,691.0,225.0,543.0,270.0,500.0,124.0,648.0,79.0
0.0,0.0,0,662.0,227.0,512.0,255.0,487.0,105.0,636.0,75.0
0.0,0.0,0,633.0,227.0,483.0,239.0,479.0,87.0,629.0,73.0
0.0,0.0,0,612.0,231.0,463.0,225.0,477.0,73.0,625.0,77.0
0.0,0.0,0,597.0,234.0,451.0,217.0,477.0,69.0,622.0,83.0
0.0,0.0,0,597.0,234.0,451.0,217.0,477.0,69.0,622.0,83.0
0.0,0.0,0,586.0,238.0,444.0,212.0,479.0,64.0,621.0,88.0
0.0,0.0,0,577.0,239.0,439.0,206.0,481.0,61.0,622.0,90.0
0.0,0.0,0,568.0,236.0,438.0,192.0,489.0,52.0,624.0,91.0
0.0,0.0,0,565.0,232.0,433.0,185.0,490.0,47.0,623.0,87.0
0.0,0.0,0,576.0,232.0,438.0,200.0,476.0,56.0,616.0,80.0
0.0,0.0,0,588.0,223.0,442.0,216.0,457.0,64.0,604.0,70.0
0.0,0.0,0,595.0,213.0,449.0,230.0,440.0,80.0,586.0,60.0
0.0,0.0,0,593.0,205.0,448.0,240.0,419.0,89.0,566.0,54.0
0.0,0.0,0,593.0,192.0,450.0,246.0,403.0,102.0,544.0,47.0
0.0,0.0,0,587.0,181.0,448.0,248.0,391.0,111.0,527.0,43.0
0.0,0.0,0,577.0,177.0,440.0,247.0,379.0,110.0,514.0,40.0
0.0,0.0,0,561.0,179.0,423.0,239.0,371.0,102.0,508.0,38.0
0.0,0.0,0,543.0,187.0,402.0,234.0,367.0,90.0,505.0,41.0
0.0,0.0,0,521.0,200.0,381.0,224.0,370.0,76.0,510.0,48.0
0.0,0.0,0,502.0,208.0,364.0,204.0,384.0,58.0,521.0,56.0
0.0,0.0,0,480.0,213.0,351.0,191.0,391.0,48.0,521.0,64.0
0.0,0.0,0,480.0,213.0,351.0,191.0,391.0,48.0,521.0,64.0
0.0,0.0,0,462.0,215.0,340.0,180.0,391.0,40.0,516.0,68.0
0.0,0.0,0,444.0,212.0,324.0,172.0,387.0,36.0,504.0,70.0
0.0,0.0,0,432.0,210.0,316.0,172.0,374.0,33.0,492.0,68.0
0.0,0.0,0,428.0,212.0,307.0,178.0,360.0,39.0,484.0,68.0
0.0,0.0,0,432.0,213.0,304.0,191.0,344.0,47.0,473.0,64.0
0.0,0.0,0,440.0,210.0,305.0,206.0,328.0,59.0,462.0,57.0
0.0,0.0,0,453.0,205.0,313.0,225.0,308.0,80.0,446.0,55.0
0.0,0.0,0,456.0,200.0,318.0,240.0,291.0,96.0,427.0,51.0
0.0,0.0,0,461.0,193.0,324.0,248.0,280.0,109.0,416.0,52.0
0.0,0.0,0,469.0,187.0,337.0,261.0,275.0,127.0,406.0,54.0
0.0,0.0,0,474.0,185.0,348.0,269.0,275.0,140.0,400.0,57.0
0.0,0.0,0,471.0,193.0,340.0,268.0,276.0,136.0,403.0,60.0
0.0,0.0,0,456.0,208.0,320.0,262.0,277.0,123.0,410.0,64.0
0.0,0.0,0,434.0,222.0,297.0,249.0,283.0,104.0,417.0,70.0
0.0,0.0,0,416.0,236.0,286.0,241.0,292.0,92.0,421.0,80.0
0.0,0.0,0,401.0,247.0,277.0,234.0,299.0,87.0,423.0,91.0
0.0,0.0,0,401.0,247.0,277.0,234.0,299.0,87.0,423.0,91.0
0.0,0.0,0,387.0,254.0,270.0,233.0,300.0,85.0,417.0,100.0
0.0,0.0,0,373.0,259.0,259.0,235.0,292.0,85.0,406.0,104.0
0.0,0.0,0,351.0,258.0,244.0,228.0,280.0,85.0,390.0,105.0
0.0,0.0,0,332.0,252.0,228.0,228.0,263.0,80.0,367.0,98.0
0.0,0.0,0,316.0,244.0,212.0,228.0,239.0,82.0,343.0,88.0
0.0,0.0,0,315.0,237.0,204.0,244.0,211.0,93.0,321.0,81.0
0.0,0.0,0,317.0,234.0,196.0,260.0,180.0,113.0,300.0,80.0
0.0,0.0,0,309.0,232.0,181.0,273.0,151.0,129.0,276.0,82.0
0.0,0.0,0,298.0,232.0,171.0,279.0,135.0,137.0,260.0,84.0
0.0,0.0,0,297.0,231.0,174.0,286.0,128.0,146.0,250.0,87.0
0.0,0.0,0,288.0,241.0,167.0,288.0,128.0,147.0,248.0,93.0
0.0,0.0,0,272.0,256.0,155.0,286.0,132.0,140.0,248.0,103.0
0.0,0.0,0,249.0,270.0,139.0,277.0,132.0,131.0,243.0,113.0
0.0,0.0,0,223.0,280.0,124.0,268.0,133.0,118.0,236.0,124.0
0.0,0.0,0,200.0,288.0,108.0,260.0,131.0,115.0,223.0,134.0
0.0,0.0,0,179.0,293.0,99.0,259.0,124.0,116.0,204.0,140.0
0.0,0.0,0,179.0,293.0,99.0,259.0,124.0,116.0,204.0,140.0
0.0,0.0,0,168.0,296.0,88.0,262.0,108.0,116.0,188.0,140.0
0.0,0.0,0,160.0,296.0,82.0,269.0,92.0,123.0,172.0,140.0
0.0,0.0,0,161.0,285.0,77.0,274.0,76.0,123.0,163.0,124.0
0.0,0.0,0,176.0,264.0,84.0,276.0,71.0,124.0,160.0,104.0
0.0,0.0,0,192.0,248.0,93.0,275.0,70.0,125.0,164.0,89.0
0.0,0.0,0,204.0,244.0,107.0,291.0,66.0,147.0,159.0,87.0
0.0,0.0,0,212.0,233.0,116.0,299.0,60.0,164.0,152.0,88.0
0.0,0.0,0,214.0,225.0,120.0,299.0,60.0,165.0,148.0,85.0
0.0,0.0,0,207.0,231.0,112.0,296.0,65.0,161.0,156.0,87.0
0.0,0.0,0,200.0,242.0,96.0,289.0,78.0,148.0,179.0,93.0
0.0,0.0,0,202.0,248.0,88.0,279.0,99.0,139.0,210.0,100.0
0.0,0.0,0,218.0,252.0,92.0,268.0,120.0,131.0,243.0,108.0
0.0,0.0,0,231.0,253.0,96.0,255.0,139.0,124.0,268.0,116.0
0.0,0.0,0,248.0,261.0,109.0,257.0,148.0,124.0,284.0,124.0
0.0,0.0,0,287.0,280.0,144.0,283.0,157.0,136.0,296.0,126.0
0.0,0.0,0,323.0,300.0,183.0,310.0,170.0,156.0,312.0,144.0
0.0,0.0,0,345.0,320.0,206.0,329.0,183.0,176.0,325.0,167.0
0.0,0.0,0,345.0,320.0,206.0,329.0,183.0,176.0,325.0,167.0
0.0,0.0,0,361.0,341.0,224.0,347.0,192.0,201.0,336.0,191.0
0.0,0.0,0,375.0,352.0,238.0,361.0,200.0,220.0,344.0,208.0
0.0,0.0,0,382.0,353.0,241.0,366.0,201.0,225.0,348.0,212.0
0.0,0.0,0,385.0,358.0,241.0,368.0,209.0,222.0,357.0,208.0
0.0,0.0,0,385.0,361.0,240.0,371.0,222.0,216.0,372.0,206.0
0.0,0.0,0,392.0,365.0,243.0,369.0,240.0,214.0,392.0,208.0
0.0,0.0,0,403.0,371.0,250.0,365.0,265.0,214.0,418.0,219.0
0.0,0.0,0,424.0,376.0,269.0,354.0,301.0,212.0,453.0,232.0
0.0,0.0,0,456.0,384.0,296.0,350.0,337.0,214.0,489.0,247.0
0.0,0.0,0,486.0,389.0,328.0,350.0,368.0,216.0,520.0,254.0
0.0,0.0,0,512.0,392.0,355.0,355.0,392.0,216.0,544.0,255.0
0.0,0.0,0,536.0,397.0,378.0,368.0,408.0,219.0,560.0,251.0
0.0,0.0,0,558.0,402.0,403.0,385.0,420.0,228.0,575.0,248.0
0.0,0.0,0,576.0,404.0,421.0,398.0,429.0,242.0,585.0,252.0
0.0,0.0,0,585.0,410.0,421.0,398.0,429.0,242.0,585.0,252.0
0.0,0.0,0,585.0,423.0,439.0,425.0,437.0,286.0,593.0,286.0
0.0,0.0,0,585.0,423.0,439.0,425.0,437.0,286.0,593.0,286.0
0.0,0.0,0,585.0,440.0,436.0,436.0,446.0,304.0,600.0,311.0
0.0,0.0,0,596.0,452.0,448.0,441.0,464.0,310.0,620.0,320.0
0.0,0.0,0,617.0,456.0,470.0,446.0,491.0,305.0,645.0,320.0
0.0,0.0,0,652.0,463.0,503.0,449.0,523.0,296.0,677.0,313.0
0.0,0.0,0,682.0,463.0,532.0,447.0,552.0,288.0,703.0,311.0
0.0,0.0,0,718.0,463.0,565.0,443.0,582.0,286.0,732.0,309.0
0.0,0.0,0,752.0,460.0,600.0,436.0,612.0,283.0,760.0,311.0
0.0,0.0,0,783.0,459.0,629.0,433.0,638.0,286.0,785.0,313.0
0.0,0.0,0,812.0,464.0,659.0,443.0,664.0,292.0,812.0,318.0
0.0,0.0,0,830.0,481.0,682.0,465.0,689.0,309.0,834.0,328.0
0.0,0.0,0,832.0,488.0,688.0,480.0,700.0,323.0,845.0,335.0
0.0,0.0,0,823.0,490.0,681.0,487.0,703.0,335.0,846.0,343.0
0.0,0.0,0,814.0,495.0,673.0,494.0,703.0,350.0,846.0,358.0
0.0,0.0,0,811.0,499.0,672.0,497.0,704.0,361.0,849.0,369.0
0.0,0.0,0,808.0,503.0,672.0,503.0,708.0,372.0,850.0,377.0
0.0,0.0,0,814.0,508.0,679.0,504.0,717.0,375.0,858.0,382.0
0.0,0.0,0,814.0,508.0,679.0,504.0,717.0,375.0,858.0,382.0
0.0,0.0,0,822.0,518.0,686.0,510.0,728.0,370.0,866.0,385.0
0.0,0.0,0,830.0,534.0,694.0,512.0,736.0,366.0,873.0,391.0
0.0,0.0,0,831.0,542.0,696.0,510.0,743.0,359.0,877.0,396.0
0.0,0.0,0,832.0,546.0,698.0,502.0,751.0,351.0,880.0,401.0
0.0,0.0,0,838.0,550.0,711.0,488.0,767.0,342.0,888.0,408.0
0.0,0.0,0,852.0,549.0,730.0,480.0,785.0,337.0,900.0,412.0
0.0,0.0,0,870.0,553.0,751.0,482.0,801.0,341.0,913.0,415.0
0.0,0.0,0,891.0,557.0,775.0,494.0,820.0,348.0,932.0,420.0
0.0,0.0,0,914.0,560.0,801.0,502.0,841.0,353.0,951.0,418.0
0.0,0.0,0,934.0,564.0,821.0,520.0,856.0,367.0,964.0,419.0
0.0,0.0,0,936.0,568.0,823.0,540.0,863.0,384.0,971.0,420.0
0.0,0.0,0,931.0,564.0,820.0,556.0,860.0,404.0,970.0,422.0
0.0,0.0,0,923.0,555.0,809.0,561.0,848.0,416.0,963.0,419.0
0.0,0.0,0,926.0,540.0,810.0,563.0,839.0,424.0,960.0,407.0
0.0,0.0,0,943.0,523.0,820.0,564.0,823.0,431.0,952.0,392.0
0.0,0.0,0,966.0,504.0,838.0,564.0,814.0,433.0,945.0,373.0
0.0,0.0,0,966.0,504.0,838.0,564.0,814.0,433.0,945.0,373.0
0.0,0.0,0,984.0,484.0,854.0,558.0,802.0,432.0,936.0,356.0
0.0,0.0,0,985.0,464.0,861.0,552.0,788.0,432.0,916.0,344.0
0.0,0.0,0,970.0,459.0,848.0,550.0,768.0,438.0,896.0,344.0
0.0,0.0,0,948.0,467.0,820.0,552.0,743.0,435.0,875.0,348.0
0.0,0.0,0,912.0,483.0,775.0,545.0,718.0,423.0,860.0,357.0
0.0,0.0,0,874.0,496.0,728.0,531.0,695.0,401.0,847.0,363.0
0.0,0.0,0,834.0,506.0,684.0,507.0,683.0,369.0,839.0,367.0
0.0,0.0,0,791.0,513.0,647.0,480.0,680.0,344.0,829.0,375.0
0.0,0.0,0,758.0,519.0,621.0,463.0,680.0,328.0,820.0,385.0
0.0,0.0,0,735.0,524.0,605.0,455.0,678.0,323.0,810.0,396.0
0.0,0.0,0,717.0,526.0,594.0,445.0,679.0,320.0,801.0,404.0
0.0,0.0,0,691.0,519.0,582.0,424.0,680.0,312.0,788.0,408.0
0.0,0.0,0,683.0,512.0,576.0,411.0,680.0,304.0,783.0,407.0
0.0,0.0,0,695.0,514.0,574.0,432.0,662.0,309.0,779.0,395.0
0.0,0.0,0,712.0,512.0,576.0,459.0,636.0,319.0,770.0,377.0
0.0,0.0,0,725.0,500.0,581.0,475.0,611.0,327.0,757.0,357.0
0.0,0.0,0,725.0,500.0,581.0,475.0,611.0,327.0,757.0,357.0
0.0,0.0,0,735.0,482.0,587.0,489.0,584.0,341.0,734.0,338.0
0.0,0.0,0,733.0,462.0,588.0,495.0,559.0,351.0,706.0,318.0
0.0,0.0,0,721.0,440.0,585.0,502.0,529.0,366.0,669.0,305.0
0.0,0.0,0,700.0,424.0,576.0,504.0,495.0,381.0,624.0,299.0
0.0,0.0,0,673.0,413.0,557.0,505.0,465.0,389.0,587.0,294.0
0.0,0.0,0,656.0,409.0,543.0,506.0,446.0,392.0,562.0,294.0
0.0,0.0,0,643.0,411.0,528.0,509.0,431.0,393.0,549.0,296.0
0.0,0.0,0,630.0,424.0,505.0,509.0,419.0,385.0,548.0,298.0
0.0,0.0,0,608.0,440.0,469.0,499.0,407.0,361.0,549.0,300.0
0.0,0.0,0,583.0,453.0,433.0,479.0,403.0,331.0,556.0,303.0
0.0,0.0,0,558.0,464.0,408.0,463.0,405.0,311.0,556.0,312.0
0.0,0.0,0,527.0,469.0,381.0,438.0,406.0,288.0,553.0,319.0
0.0,0.0,0,494.0,464.0,356.0,410.0,403.0,266.0,544.0,320.0
0.0,0.0,0,458.0,458.0,336.0,388.0,399.0,252.0,528.0,320.0
0.0,0.0,0,433.0,452.0,320.0,369.0,397.0,241.0,512.0,319.0
0.0,0.0,0,418.0,447.0,312.0,367.0,386.0,237.0,498.0,312.0
0.0,0.0,0,413.0,439.0,302.0,374.0,361.0,234.0,478.0,295.0
0.0,0.0,0,413.0,439.0,302.0,374.0,361.0,234.0,478.0,295.0
0.0,0.0,0,408.0,422.0,288.0,377.0,330.0,231.0,454.0,270.0
0.0,0.0,0,408.0,405.0,279.0,386.0,297.0,233.0,428.0,247.0
0.0,0.0,0,412.0,392.0,278.0,398.0,272.0,245.0,405.0,232.0
0.0,0.0,0,416.0,375.0,286.0,408.0,256.0,258.0,384.0,218.0
0.0,0.0,0,421.0,359.0,293.0,416.0,240.0,271.0,368.0,210.0
0.0,0.0,0,425.0,342.0,302.0,416.0,233.0,281.0,352.0,202.0
0.0,0.0,0,431.0,328.0,313.0,417.0,234.0,291.0,345.0,199.0
0.0,0.0,0,432.0,327.0,320.0,418.0,234.0,294.0,344.0,199.0
0.0,0.0,0,432.0,332.0,319.0,419.0,236.0,292.0,348.0,200.0
0.0,0.0,0,430.0,341.0,312.0,421.0,237.0,288.0,351.0,205.0
0.0,0.0,0,416.0,356.0,297.0,422.0,234.0,280.0,352.0,210.0
0.0,0.0,0,388.0,372.0,264.0,406.0,234.0,254.0,356.0,216.0
0.0,0.0,0,361.0,385.0,244.0,388.0,242.0,233.0,362.0,224.0
0.0,0.0,0,343.0,394.0,228.0,372.0,249.0,220.0,362.0,234.0
0.0,0.0,0,318.0,393.0,216.0,352.0,252.0,204.0,359.0,238.0
0.0,0.0,0,318.0,393.0,216.0,352.0,252.0,204.0,359.0,238.0
0.0,0.0,0,303.0,391.0,204.0,340.0,252.0,196.0,353.0,240.0
0.0,0.0,0,286.0,390.0,196.0,332.0,253.0,191.0,345.0,241.0
0.0,0.0,0,276.0,388.0,192.0,328.0,248.0,191.0,340.0,240.0
0.0,0.0,0,272.0,384.0,187.0,324.0,244.0,188.0,334.0,238.0
0.0,0.0,0,270.0,382.0,184.0,328.0,242.0,187.0,329.0,233.0
0.0,0.0,0,268.0,380.0,184.0,328.0,237.0,187.0,327.0,233.0
0.0,0.0,0,268.0,380.0,184.0,328.0,236.0,187.0,328.0,233.0
0.0,0.0,0,272.0,384.0,184.0,328.0,241.0,189.0,332.0,236.0
0.0,0.0,0,294.0,390.0,196.0,340.0,245.0,195.0,351.0,238.0
0.0,0.0,0,343.0,412.0,220.0,365.0,265.0,217.0,391.0,261.0
0.0,0.0,0,390.0,441.0,254.0,392.0,297.0,244.0,436.0,291.0
0.0,0.0,0,419.0,463.0,282.0,404.0,335.0,263.0,474.0,319.0
0.0,0.0,0,442.0,487.0,304.0,423.0,363.0,283.0,503.0,346.0
0.0,0.0,0,464.0,513.0,327.0,448.0,383.0,310.0,523.0,373.0
0.0,0.0,0,481.0,534.0,343.0,479.0,394.0,335.0,537.0,395.0
0.0,0.0,0,498.0,559.0,358.0,508.0,405.0,367.0,548.0,422.0
0.0,0.0,0,498.0,559.0,358.0,508.0,405.0,367.0,548.0,422.0
0.0,0.0,0,521.0,579.0,376.0,536.0,415.0,395.0,563.0,440.0
0.0,0.0,0,549.0,576.0,399.0,550.0,424.0,400.0,579.0,431.0
0.0,0.0,0,580.0,559.0,424.0,548.0,436.0,392.0,593.0,406.0
0.0,0.0,0,595.0,534.0,437.0,525.0,447.0,371.0,603.0,381.0
0.0,0.0,0,603.0,511.0,445.0,494.0,463.0,340.0,615.0,359.0
0.0,0.0,0,604.0,497.0,449.0,476.0,470.0,323.0,621.0,347.0
0.0,0.0,0,606.0,510.0,451.0,491.0,471.0,337.0,622.0,360.0
0.0,0.0,0,609.0,540.0,453.0,526.0,470.0,371.0,624.0,388.0
0.0,0.0,0,612.0,576.0,458.0,565.0,471.0,408.0,625.0,422.0
0.0,0.0,0,615.0,607.0,459.0,599.0,471.0,441.0,627.0,456.0
0.0,0.0,0,616.0,644.0,463.0,637.0,472.0,481.0,628.0,492.0
0.0,0.0,0,619.0,678.0,464.0,673.0,471.0,520.0,627.0,528.0
0.0,0.0,0,619.0,707.0,464.0,703.0,471.0,554.0,624.0,559.0
0.0,0.0,0,617.0,739.0,466.0,735.0,471.0,591.0,625.0,595.0
0.0,0.0,0,616.0,758.0,468.0,757.0,474.0,619.0,628.0,623.0
0.0,0.0,0,1023.0,1023.0,1023.0,1023.0,1023.0,1023.0,1023.0,1023.0
0.0,0.0,0,1023.0,1023.0,1023.0,1023.0,1023.0,1023.0,1023.0,1023.0
0.0,0.0,0,1023.0,1023.0,1023.0,1023.0,1023.0,1023.0,1023.0,1023.0
0.0,0.0,0,1023.0,1023.0,1023.0,1023.0,1023.0,1023.0,1023.0,1023.0
0.0,0.0,0,1023.0,1023.0,1023.0,1023.0,1023.0,1023.0,1023.0,1023.0
0.0,0.0,0,469.0,688.0,619.0,710.0,494.0,539.0,646.0,562.0
0.0,0.0,0,475.0,613.0,628.0,638.0,504.0,458.0,657.0,488.0
0.0,0.0,0,484.0,546.0,640.0,571.0,511.0,391.0,665.0,417.0
0.0,0.0,0,488.0,485.0,643.0,512.0,513.0,329.0,667.0,357.0
0.0,0.0,0,486.0,438.0,642.0,466.0,512.0,285.0,665.0,313.0
0.0,0.0,0,483.0,399.0,639.0,427.0,512.0,248.0,663.0,279.0
0.0,0.0,0,477.0,365.0,634.0,398.0,511.0,216.0,662.0,249.0
0.0,0.0,0,470.0,337.0,624.0,373.0,506.0,191.0,658.0,229.0
0.0,0.0,0,456.0,311.0,609.0,358.0,506.0,168.0,654.0,216.0
0.0,0.0,0,435.0,267.0,572.0,346.0,517.0,144.0,648.0,223.0
0.0,0.0,0,423.0,225.0,535.0,336.0,532.0,132.0,640.0,240.0
0.0,0.0,0,416.0,200.0,504.0,328.0,544.0,131.0,629.0,256.0
0.0,0.0,0,414.0,192.0,490.0,327.0,545.0,131.0,622.0,263.0
0.0,0.0,0,414.0,192.0,490.0,327.0,545.0,131.0,622.0,263.0
0.0,0.0,0,408.0,199.0,489.0,331.0,538.0,132.0,617.0,263.0
0.0,0.0,0,404.0,228.0,506.0,349.0,524.0,141.0,623.0,257.0
0.0,0.0,0,408.0,272.0,532.0,368.0,505.0,159.0,627.0,254.0
0.0,0.0,0,416.0,312.0,558.0,382.0,487.0,177.0,625.0,248.0
0.0,0.0,0,430.0,345.0,581.0,389.0,472.0,200.0,622.0,242.0
0.0,0.0,0,438.0,361.0,593.0,387.0,463.0,209.0,615.0,237.0
0.0,0.0,0,442.0,370.0,598.0,388.0,459.0,216.0,613.0,236.0
0.0,0.0,0,440.0,370.0,595.0,393.0,463.0,216.0,615.0,242.0
0.0,0.0,0,432.0,361.0,584.0,401.0,471.0,210.0,622.0,255.0
0.0,0.0,0,423.0,340.0,564.0,407.0,488.0,201.0,627.0,271.0
0.0,0.0,0,427.0,342.0,563.0,425.0,506.0,211.0,640.0,296.0
0.0,0.0,0,448.0,372.0,581.0,452.0,525.0,238.0,655.0,320.0
0.0,0.0,0,464.0,388.0,592.0,475.0,549.0,258.0,672.0,345.0
0.0,0.0,0,483.0,398.0,605.0,487.0,573.0,270.0,690.0,362.0
0.0,0.0,0,503.0,409.0,624.0,496.0,593.0,280.0,710.0,373.0
0.0,0.0,0,526.0,423.0,645.0,508.0,614.0,294.0,729.0,384.0
0.0,0.0,0,550.0,437.0,666.0,520.0,636.0,307.0,751.0,393.0
0.0,0.0,0,550.0,437.0,666.0,520.0,636.0,307.0,751.0,393.0
0.0,0.0,0,573.0,448.0,691.0,528.0,655.0,313.0,768.0,398.0
0.0,0.0,0,596.0,455.0,718.0,526.0,671.0,314.0,788.0,391.0
0.0,0.0,0,615.0,456.0,736.0,521.0,687.0,312.0,804.0,388.0
0.0,0.0,0,632.0,452.0,752.0,517.0,702.0,310.0,817.0,382.0
0.0,0.0,0,641.0,448.0,766.0,513.0,711.0,304.0,826.0,377.0
0.0,0.0,0,655.0,449.0,775.0,514.0,722.0,304.0,836.0,374.0
0.0,0.0,0,664.0,447.0,784.0,510.0,728.0,301.0,844.0,372.0
0.0,0.0,0,686.0,454.0,809.0,498.0,728.0,301.0,849.0,353.0
0.0,0.0,0,718.0,481.0,847.0,480.0,721.0,320.0,850.0,328.0
0.0,0.0,0,746.0,509.0,871.0,463.0,713.0,359.0,842.0,316.0
0.0,0.0,0,774.0,528.0,885.0,449.0,713.0,393.0,832.0,319.0
0.0,0.0,0,781.0,530.0,888.0,440.0,714.0,407.0,826.0,318.0
0.0,0.0,0,779.0,531.0,888.0,440.0,711.0,408.0,825.0,318.0
0.0,0.0,0,758.0,542.0,878.0,463.0,704.0,414.0,830.0,335.0
0.0,0.0,0,728.0,550.0,859.0,500.0,702.0,409.0,840.0,363.0
0.0,0.0,0,728.0,550.0,859.0,500.0,702.0,409.0,840.0,363.0
0.0,0.0,0,704.0,550.0,841.0,529.0,705.0,404.0,848.0,388.0
0.0,0.0,0,693.0,544.0,831.0,546.0,712.0,393.0,854.0,401.0
0.0,0.0,0,688.0,550.0,824.0,561.0,721.0,400.0,860.0,420.0
0.0,0.0,0,687.0,568.0,821.0,580.0,720.0,422.0,856.0,440.0
0.0,0.0,0,686.0,585.0,818.0,595.0,719.0,441.0,852.0,459.0
0.0,0.0,0,686.0,590.0,819.0,599.0,719.0,446.0,852.0,460.0
0.0,0.0,0,690.0,565.0,825.0,576.0,721.0,416.0,857.0,433.0
0.0,0.0,0,699.0,511.0,834.0,532.0,728.0,360.0,864.0,385.0
0.0,0.0,0,706.0,451.0,843.0,480.0,734.0,296.0,870.0,327.0
0.0,0.0,0,708.0,395.0,848.0,424.0,735.0,241.0,870.0,278.0
0.0,0.0,0,708.0,348.0,849.0,376.0,728.0,196.0,867.0,231.0
0.0,0.0,0,709.0,307.0,851.0,336.0,727.0,157.0,865.0,189.0
0.0,0.0,0,712.0,275.0,856.0,300.0,728.0,125.0,866.0,156.0
0.0,0.0,0,720.0,250.0,864.0,269.0,728.0,101.0,867.0,125.0
0.0,0.0,0,750.0,255.0,887.0,241.0,722.0,103.0,857.0,95.0
0.0,0.0,0,782.0,265.0,903.0,211.0,715.0,127.0,836.0,76.0
0.0,0.0,0,782.0,265.0,903.0,211.0,715.0,127.0,836.0,76.0
0.0,0.0,0,805.0,272.0,910.0,193.0,717.0,144.0,826.0,70.0
0.0,0.0,0,814.0,274.0,916.0,193.0,726.0,145.0,832.0,71.0
0.0,0.0,0,811.0,275.0,919.0,202.0,734.0,142.0,845.0,74.0
0.0,0.0,0,800.0,270.0,919.0,212.0,735.0,130.0,857.0,76.0
0.0,0.0,0,789.0,263.0,918.0,218.0,742.0,114.0,871.0,78.0
0.0,0.0,0,772.0,248.0,906.0,225.0,744.0,98.0,878.0,81.0
0.0,0.0,0,760.0,231.0,900.0,231.0,751.0,79.0,890.0,84.0
0.0,0.0,0,759.0,215.0,898.0,224.0,760.0,65.0,900.0,83.0
0.0,0.0,0,766.0,198.0,906.0,215.0,769.0,49.0,907.0,69.0
0.0,0.0,0,780.0,188.0,919.0,202.0,781.0,40.0,918.0,59.0
0.0,0.0,0,792.0,175.0,930.0,192.0,791.0,25.0,929.0,45.0
0.0,0.0,0,805.0,162.0,944.0,173.0,800.0,12.0,937.0,29.0
0.0,0.0,0,812.0,141.0,950.0,153.0,801.0,0.0,941.0,9.0
0.0,0.0,0,820.0,112.0,959.0,125.0,1023.0,1023.0,1023.0,1023.0
0.0,0.0,0,825.0,94.0,961.0,109.0,1023.0,1023.0,1023.0,1023.0
0.0,0.0,0,828.0,95.0,963.0,108.0,1023.0,1023.0,1023.0,1023.0
0.0,0.0,0,828.0,95.0,963.0,108.0,1023.0,1023.0,1023.0,1023.0
0.0,0.0,0,838.0,113.0,967.0,106.0,1023.0,1023.0,1023.0,1023.0
0.0,0.0,0,857.0,140.0,977.0,102.0,1023.0,1023.0,1023.0,1023.0
0.0,0.0,0,860.0,152.0,976.0,103.0,1023.0,1023.0,1023.0,1023.0
0.0,0.0,0,848.0,144.0,972.0,107.0,1023.0,1023.0,1023.0,1023.0
0.0,0.0,0,856.0,150.0,974.0,107.0,1023.0,1023.0,1023.0,1023.0
0.0,0.0,0,868.0,164.0,977.0,100.0,794.0,29.0,1023.0,1023.0
0.0,0.0,0,876.0,176.0,976.0,100.0,792.0,47.0,1023.0,1023.0
0.0,0.0,0,863.0,184.0,969.0,116.0,784.0,50.0,1023.0,1023.0
0.0,0.0,0,829.0,187.0,953.0,147.0,777.0,40.0,1023.0,1023.0
0.0,0.0,0,800.0,194.0,934.0,185.0,779.0,44.0,914.0,39.0
0.0,0.0,0,782.0,222.0,920.0,230.0,779.0,72.0,916.0,84.0
0.0,0.0,0,767.0,244.0,905.0,264.0,777.0,96.0,912.0,122.0
0.0,0.0,0,751.0,253.0,888.0,285.0,775.0,105.0,907.0,143.0
0.0,0.0,0,743.0,249.0,878.0,287.0,768.0,106.0,901.0,147.0
0.0,0.0,0,739.0,256.0,877.0,288.0,759.0,111.0,894.0,147.0
0.0,0.0,0,745.0,279.0,885.0,288.0,750.0,127.0,886.0,145.0
0.0,0.0,0,745.0,279.0,885.0,288.0,750.0,127.0,886.0,145.0
0.0,0.0,0,758.0,305.0,891.0,288.0,737.0,152.0,873.0,141.0
0.0,0.0,0,775.0,327.0,897.0,278.0,727.0,181.0,854.0,138.0
0.0,0.0,0,783.0,337.0,896.0,269.0,713.0,206.0,831.0,137.0
0.0,0.0,0,782.0,343.0,889.0,263.0,704.0,213.0,819.0,136.0
0.0,0.0,0,768.0,342.0,880.0,266.0,696.0,208.0,811.0,138.0
0.0,0.0,0,734.0,335.0,861.0,279.0,678.0,193.0,808.0,141.0
0.0,0.0,0,696.0,328.0,833.0,291.0,659.0,178.0,799.0,145.0
0.0,0.0,0,658.0,319.0,801.0,297.0,635.0,168.0,779.0,151.0
0.0,0.0,0,617.0,311.0,764.0,302.0,608.0,160.0,754.0,153.0
0.0,0.0,0,577.0,299.0,726.0,302.0,582.0,148.0,729.0,153.0
0.0,0.0,0,544.0,286.0,694.0,299.0,560.0,136.0,706.0,151.0
0.0,0.0,0,517.0,276.0,667.0,297.0,537.0,127.0,688.0,151.0
0.0,0.0,0,493.0,267.0,641.0,297.0,523.0,120.0,671.0,151.0
0.0,0.0,0,469.0,258.0,613.0,296.0,507.0,113.0,653.0,151.0
0.0,0.0,0,446.0,253.0,588.0,296.0,490.0,109.0,633.0,153.0
0.0,0.0,0,426.0,248.0,569.0,292.0,473.0,104.0,616.0,151.0
0.0,0.0,0,426.0,248.0,569.0,292.0,473.0,104.0,616.0,151.0
0.0,0.0,0,408.0,241.0,549.0,289.0,457.0,101.0,599.0,148.0
0.0,0.0,0,390.0,233.0,526.0,287.0,447.0,95.0,584.0,149.0
0.0,0.0,0,371.0,237.0,508.0,288.0,424.0,96.0,565.0,149.0
0.0,0.0,0,344.0,239.0,482.0,288.0,395.0,97.0,534.0,146.0
0.0,0.0,0,320.0,245.0,460.0,284.0,361.0,99.0,503.0,138.0
0.0,0.0,0,301.0,247.0,444.0,277.0,332.0,99.0,477.0,129.0
0.0,0.0,0,295.0,255.0,441.0,266.0,306.0,103.0,455.0,115.0
0.0,0.0,0,288.0,256.0,436.0,253.0,284.0,104.0,434.0,102.0
0.0,0.0,0,284.0,262.0,431.0,244.0,264.0,111.0,414.0,91.0
0.0,0.0,0,285.0,270.0,428.0,236.0,248.0,120.0,395.0,86.0
0.0,0.0,0,285.0,278.0,424.0,229.0,236.0,133.0,377.0,84.0
0.0,0.0,0,268.0,274.0,407.0,227.0,223.0,128.0,363.0,80.0
0.0,0.0,0,240.0,261.0,382.0,226.0,210.0,114.0,349.0,77.0
0.0,0.0,0,220.0,252.0,360.0,227.0,202.0,102.0,341.0,77.0
0.0,0.0,0,202.0,244.0,340.0,229.0,192.0,95.0,330.0,79.0
0.0,0.0,0,183.0,239.0,318.0,232.0,183.0,89.0,317.0,80.0
0.0,0.0,0,183.0,239.0,318.0,232.0,183.0,89.0,317.0,80.0
0.0,0.0,0,161.0,232.0,292.0,235.0,170.0,83.0,302.0,82.0
0.0,0.0,0,140.0,216.0,265.0,233.0,163.0,70.0,288.0,83.0
0.0,0.0,0,123.0,197.0,241.0,233.0,161.0,56.0,280.0,84.0
0.0,0.0,0,112.0,183.0,223.0,232.0,164.0,44.0,277.0,88.0
0.0,0.0,0,108.0,172.0,209.0,232.0,168.0,40.0,274.0,95.0
0.0,0.0,0,104.0,162.0,203.0,227.0,171.0,32.0,274.0,95.0
0.0,0.0,0,104.0,160.0,204.0,227.0,172.0,30.0,276.0,92.0
0.0,0.0,0,105.0,163.0,206.0,225.0,171.0,33.0,275.0,91.0
0.0,0.0,0,107.0,163.0,212.0,220.0,165.0,30.0,273.0,81.0
0.0,0.0,0,117.0,188.0,238.0,216.0,148.0,44.0,270.0,66.0
0.0,0.0,0,132.0,212.0,260.0,204.0,132.0,64.0,259.0,51.0
0.0,0.0,0,143.0,228.0,271.0,194.0,120.0,84.0,244.0,44.0
0.0,0.0,0,151.0,239.0,272.0,186.0,110.0,100.0,227.0,40.0
0.0,0.0,0,155.0,243.0,272.0,173.0,99.0,112.0,212.0,37.0
0.0,0.0,0,152.0,243.0,264.0,165.0,93.0,116.0,201.0,35.0
0.0,0.0,0,148.0,244.0,262.0,166.0,89.0,115.0,197.0,35.0
0.0,0.0,0,148.0,244.0,262.0,166.0,89.0,115.0,197.0,35.0
0.0,0.0,0,144.0,243.0,258.0,176.0,91.0,112.0,203.0,39.0
0.0,0.0,0,126.0,231.0,244.0,187.0,96.0,91.0,211.0,40.0
0.0,0.0,0,109.0,209.0,230.0,190.0,107.0,64.0,225.0,38.0
0.0,0.0,0,104.0,183.0,222.0,182.0,119.0,37.0,238.0,30.0
0.0,0.0,0,99.0,155.0,215.0,166.0,132.0,12.0,251.0,18.0
0.0,0.0,0,94.0,120.0,208.0,136.0,1023.0,1023.0,260.0,0.0
0.0,0.0,0,96.0,91.0,210.0,108.0,1023.0,1023.0,1023.0,1023.0
0.0,0.0,0,97.0,67.0,212.0,84.0,1023.0,1023.0,1023.0,1023.0
0.0,0.0,0,97.0,43.0,209.0,57.0,1023.0,1023.0,1023.0,1023.0
0.0,0.0,0,97.0,11.0,208.0,23.0,1023.0,1023.0,1023.0,1023.0
0.0,0.0,0,102.0,0.0,213.0,2.0,1023.0,1023.0,1023.0,1023.0
0.0,0.0,0,105.0,9.0,225.0,11.0,1023.0,1023.0,1023.0,1023.0
0.0,0.0,0,121.0,75.0,253.0,78.0,1023.0,1023.0,1023.0,1023.0
0.0,0.0,0,145.0,145.0,282.0,143.0,1023.0,1023.0,1023.0,1023.0
0.0,0.0,0,165.0,199.0,308.0,192.0,154.0,44.0,296.0,33.0
0.0,0.0,0,165.0,199.0,308.0,192.0,154.0,44.0,296.0,33.0
0.0,0.0,0,180.0,240.0,321.0,232.0,163.0,88.0,308.0,78.0
0.0,0.0,0,192.0,272.0,333.0,262.0,169.0,122.0,313.0,109.0
0.0,0.0,0,199.0,293.0,337.0,279.0,170.0,143.0,314.0,127.0
0.0,0.0,0,192.0,294.0,333.0,287.0,171.0,144.0,314.0,132.0
0.0,0.0,0,159.0,261.0,294.0,283.0,172.0,108.0,312.0,130.0
0.0,0.0,0,129.0,209.0,253.0,271.0,185.0,71.0,311.0,128.0
0.0,0.0,0,122.0,183.0,240.0,253.0,192.0,50.0,312.0,117.0
0.0,0.0,0,129.0,207.0,256.0,249.0,176.0,62.0,306.0,104.0
0.0,0.0,0,150.0,241.0,288.0,242.0,154.0,88.0,293.0,87.0
0.0,0.0,0,166.0,257.0,300.0,216.0,136.0,111.0,267.0,66.0
0.0,0.0,0,167.0,256.0,290.0,193.0,120.0,117.0,241.0,52.0
0.0,0.0,0,152.0,252.0,273.0,186.0,104.0,116.0,221.0,46.0
0.0,0.0,0,136.0,251.0,256.0,186.0,90.0,115.0,206.0,46.0
0.0,0.0,0,124.0,252.0,240.0,188.0,79.0,117.0,193.0,49.0
0.0,0.0,0,115.0,255.0,228.0,186.0,70.0,124.0,178.0,49.0
0.0,0.0,0,112.0,256.0,218.0,177.0,59.0,130.0,164.0,46.0
0.0,0.0,0,110.0,254.0,212.0,172.0,57.0,131.0,154.0,43.0
0.0,0.0,0,110.0,254.0,212.0,172.0,57.0,131.0,154.0,43.0
0.0,0.0,0,90.0,243.0,200.0,191.0,61.0,108.0,166.0,46.0
0.0,0.0,0,54.0,205.0,169.0,222.0,86.0,60.0,200.0,70.0
0.0,0.0,0,44.0,155.0,142.0,225.0,127.0,29.0,227.0,98.0
0.0,0.0,0,53.0,118.0,130.0,216.0,164.0,20.0,244.0,112.0
0.0,0.0,0,63.0,84.0,118.0,196.0,190.0,6.0,250.0,115.0
0.0,0.0,0,68.0,68.0,111.0,182.0,200.0,2.0,248.0,112.0
0.0,0.0,0,66.0,75.0,113.0,185.0,196.0,4.0,248.0,108.0
0.0,0.0,0,59.0,115.0,128.0,208.0,174.0,19.0,247.0,108.0
0.0,0.0,0,60.0,156.0,150.0,230.0,151.0,37.0,246.0,106.0
0.0,0.0,0,68.0,196.0,179.0,242.0,132.0,60.0,244.0,100.0
0.0,0.0,0,89.0,229.0,217.0,241.0,116.0,84.0,242.0,89.0
0.0,0.0,0,114.0,250.0,249.0,230.0,110.0,102.0,241.0,77.0
0.0,0.0,0,140.0,260.0,272.0,220.0,112.0,114.0,245.0,71.0
0.0,0.0,0,161.0,271.0,296.0,215.0,119.0,129.0,250.0,72.0
0.0,0.0,0,190.0,287.0,320.0,216.0,127.0,148.0,257.0,79.0
0.0,0.0,0,209.0,295.0,337.0,217.0,138.0,161.0,267.0,84.0
0.0,0.0,0,209.0,295.0,337.0,217.0,138.0,161.0,267.0,84.0
0.0,0.0,0,232.0,306.0,357.0,219.0,150.0,177.0,274.0,91.0
0.0,0.0,0,255.0,312.0,375.0,220.0,160.0,192.0,280.0,96.0
0.0,0.0,0,264.0,320.0,386.0,229.0,172.0,195.0,295.0,103.0
0.0,0.0,0,256.0,320.0,387.0,247.0,178.0,182.0,314.0,108.0
0.0,0.0,0,241.0,306.0,383.0,256.0,188.0,160.0,333.0,109.0
0.0,0.0,0,239.0,287.0,386.0,248.0,200.0,136.0,350.0,96.0
0.0,0.0,0,233.0,250.0,385.0,223.0,210.0,96.0,364.0,68.0
0.0,0.0,0,235.0,187.0,391.0,169.0,224.0,35.0,377.0,18.0
0.0,0.0,0,244.0,123.0,400.0,112.0,1023.0,1023.0,1023.0,1023.0
0.0,0.0,0,262.0,73.0,416.0,64.0,1023.0,1023.0,1023.0,1023.0
0.0,0.0,0,275.0,25.0,430.0,22.0,1023.0,1023.0,1023.0,1023.0
0.0,0.0,0,292.0,0.0,447.0,0.0,1023.0,1023.0,1023.0,1023.0
0.0,0.0,0,1023.0,1023.0,1023.0,1023.0,1023.0,1023.0,1023.0,1023.0
0.0,0.0,0,333.0,32.0,491.0,40.0,1023.0,1023.0,1023.0,1023.0
0.0,0.0,0,360.0,90.0,519.0,107.0,1023.0,1023.0,1023.0,1023.0
0.0,0.0,0,360.0,90.0,519.0,107.0,1023.0,1023.0,1023.0,1023.0
0.0,0.0,0,392.0,158.0,551.0,175.0,560.0,29.0,1023.0,1023.0
0.0,0.0,0,408.0,216.0,563.0,235.0,577.0,87.0,424.0,66.0
0.0,0.0,0,414.0,259.0,567.0,284.0,586.0,138.0,436.0,110.0
0.0,0.0,0,417.0,296.0,568.0,326.0,593.0,178.0,447.0,144.0
0.0,0.0,0,413.0,319.0,559.0,364.0,599.0,219.0,457.0,170.0
0.0,0.0,0,405.0,336.0,540.0,399.0,603.0,263.0,470.0,196.0
0.0,0.0,0,399.0,332.0,518.0,418.0,601.0,297.0,488.0,208.0
0.0,0.0,0,400.0,315.0,502.0,422.0,604.0,321.0,510.0,209.0
0.0,0.0,0,409.0,296.0,489.0,422.0,606.0,339.0,534.0,214.0
0.0,0.0,0,423.0,294.0,492.0,425.0,612.0,352.0,549.0,220.0
0.0,0.0,0,430.0,314.0,505.0,439.0,620.0,356.0,549.0,231.0
0.0,0.0,0,442.0,351.0,533.0,458.0,633.0,359.0,550.0,247.0
0.0,0.0,0,471.0,391.0,575.0,477.0,656.0,360.0,560.0,268.0
0.0,0.0,0,510.0,425.0,624.0,487.0,684.0,356.0,577.0,289.0
0.0,0.0,0,550.0,454.0,665.0,489.0,708.0,351.0,595.0,308.0
0.0,0.0,0,590.0,481.0,706.0,487.0,727.0,346.0,609.0,329.0
0.0,0.0,0,624.0,503.0,736.0,487.0,740.0,347.0,625.0,351.0
0.0,0.0,0,624.0,503.0,736.0,487.0,740.0,347.0,625.0,351.0
0.0,0.0,0,648.0,520.0,759.0,495.0,755.0,355.0,644.0,372.0
0.0,0.0,0,674.0,539.0,776.0,504.0,766.0,366.0,660.0,395.0
0.0,0.0,0,696.0,560.0,794.0,509.0,773.0,378.0,674.0,420.0
0.0,0.0,0,712.0,576.0,807.0,520.0,783.0,392.0,684.0,444.0
0.0,0.0,0,708.0,588.0,809.0,547.0,802.0,414.0,696.0,448.0
0.0,0.0,0,693.0,586.0,800.0,576.0,818.0,442.0,712.0,442.0
0.0,0.0,0,680.0,576.0,784.0,599.0,826.0,466.0,727.0,438.0
0.0,0.0,0,680.0,567.0,778.0,610.0,836.0,483.0,744.0,432.0
0.0,0.0,0,687.0,555.0,777.0,618.0,846.0,499.0,764.0,428.0
0.0,0.0,0,702.0,550.0,780.0,628.0,858.0,517.0,787.0,435.0
0.0,0.0,0,720.0,552.0,787.0,643.0,869.0,541.0,810.0,449.0
0.0,0.0,0,737.0,565.0,794.0,659.0,877.0,562.0,829.0,466.0
0.0,0.0,0,748.0,596.0,812.0,676.0,892.0,572.0,836.0,491.0
0.0,0.0,0,759.0,631.0,829.0,680.0,900.0,566.0,836.0,508.0
0.0,0.0,0,778.0,653.0,853.0,674.0,908.0,552.0,836.0,524.0
0.0,0.0,0,789.0,674.0,868.0,662.0,908.0,540.0,831.0,543.0
0.0,0.0,0,789.0,674.0,868.0,662.0,908.0,540.0,831.0,543.0
0.0,0.0,0,796.0,688.0,876.0,648.0,900.0,531.0,820.0,560.0
0.0,0.0,0,798.0,692.0,877.0,634.0,890.0,525.0,810.0,580.0
0.0,0.0,0,795.0,695.0,872.0,628.0,882.0,525.0,799.0,594.0
0.0,0.0,0,779.0,693.0,868.0,632.0,887.0,536.0,796.0,596.0
0.0,0.0,0,771.0,679.0,866.0,637.0,897.0,533.0,799.0,571.0
0.0,0.0,0,786.0,669.0,877.0,642.0,902.0,523.0,809.0,543.0
0.0,0.0,0,797.0,665.0,885.0,650.0,901.0,520.0,816.0,527.0
0.0,0.0,0,796.0,660.0,884.0,660.0,900.0,528.0,815.0,518.0
0.0,0.0,0,791.0,653.0,883.0,675.0,900.0,540.0,816.0,512.0
0.0,0.0,0,787.0,644.0,876.0,676.0,900.0,548.0,812.0,507.0
0.0,0.0,0,784.0,640.0,874.0,677.0,894.0,548.0,808.0,504.0
0.0,0.0,0,784.0,640.0,874.0,677.0,890.0,549.0,807.0,504.0
0.0,0.0,0,788.0,644.0,882.0,675.0,891.0,545.0,800.0,504.0
0.0,0.0,0,793.0,645.0,895.0,664.0,893.0,530.0,794.0,504.0
0.0,0.0,0,797.0,655.0,907.0,651.0,891.0,516.0,784.0,512.0
0.0,0.0,0,789.0,657.0,896.0,656.0,890.0,522.0,784.0,512.0
0.0,0.0,0,789.0,657.0,896.0,656.0,890.0,522.0,784.0,512.0
0.0,0.0,0,772.0,636.0,873.0,667.0,898.0,535.0,800.0,496.0
0.0,0.0,0,760.0,600.0,844.0,668.0,904.0,553.0,824.0,480.0
0.0,0.0,0,763.0,572.0,830.0,663.0,908.0,564.0,848.0,471.0
0.0,0.0,0,764.0,556.0,823.0,656.0,909.0,565.0,856.0,464.0
0.0,0.0,0,767.0,567.0,828.0,660.0,914.0,564.0,856.0,469.0
0.0,0.0,0,756.0,603.0,838.0,665.0,909.0,554.0,835.0,484.0
0.0,0.0,0,759.0,625.0,852.0,660.0,907.0,537.0,816.0,496.0
0.0,0.0,0,767.0,645.0,868.0,644.0,900.0,518.0,798.0,509.0
0.0,0.0,0,771.0,657.0,875.0,635.0,888.0,508.0,781.0,524.0
0.0,0.0,0,767.0,657.0,869.0,636.0,885.0,509.0,780.0,524.0
0.0,0.0,0,753.0,649.0,855.0,646.0,884.0,521.0,786.0,515.0
0.0,0.0,0,736.0,638.0,836.0,651.0,882.0,525.0,780.0,507.0
0.0,0.0,0,728.0,640.0,836.0,644.0,870.0,517.0,763.0,507.0
0.0,0.0,0,716.0,644.0,828.0,636.0,852.0,508.0,733.0,508.0
0.0,0.0,0,687.0,639.0,811.0,627.0,823.0,495.0,698.0,499.0
0.0,0.0,0,652.0,636.0,778.0,624.0,787.0,491.0,658.0,496.0
0.0,0.0,0,652.0,636.0,778.0,624.0,787.0,491.0,658.0,496.0
0.0,0.0,0,611.0,628.0,743.0,625.0,753.0,488.0,622.0,488.0
0.0,0.0,0,575.0,621.0,710.0,624.0,723.0,486.0,588.0,478.0
0.0,0.0,0,543.0,622.0,680.0,622.0,690.0,485.0,553.0,479.0
0.0,0.0,0,511.0,622.0,650.0,624.0,659.0,486.0,520.0,480.0
0.0,0.0,0,479.0,623.0,621.0,626.0,628.0,486.0,488.0,480.0
0.0,0.0,0,446.0,622.0,591.0,628.0,596.0,486.0,453.0,479.0
0.0,0.0,0,417.0,625.0,562.0,630.0,568.0,488.0,424.0,481.0
0.0,0.0,0,396.0,633.0,540.0,632.0,539.0,489.0,399.0,491.0
0.0,0.0,0,386.0,647.0,528.0,631.0,512.0,489.0,375.0,505.0
0.0,0.0,0,390.0,661.0,525.0,625.0,490.0,488.0,357.0,523.0
0.0,0.0,0,394.0,665.0,525.0,618.0,479.0,487.0,349.0,532.0
0.0,0.0,0,391.0,664.0,521.0,620.0,476.0,487.0,345.0,531.0
0.0,0.0,0,374.0,653.0,511.0,629.0,487.0,490.0,351.0,512.0
0.0,0.0,0,351.0,629.0,491.0,640.0,501.0,499.0,361.0,488.0
0.0,0.0,0,333.0,598.0,466.0,647.0,516.0,515.0,384.0,464.0
0.0,0.0,0,325.0,568.0,445.0,645.0,523.0,526.0,405.0,447.0
0.0,0.0,0,325.0,568.0,445.0,645.0,523.0,526.0,405.0,447.0
0.0,0.0,0,320.0,553.0,433.0,641.0,522.0,530.0,408.0,440.0
0.0,0.0,0,316.0,577.0,441.0,646.0,510.0,523.0,385.0,452.0
0.0,0.0,0,310.0,594.0,442.0,641.0,488.0,509.0,354.0,460.0
0.0,0.0,0,303.0,601.0,439.0,630.0,463.0,488.0,327.0,463.0
0.0,0.0,0,297.0,616.0,432.0,615.0,425.0,472.0,289.0,477.0
0.0,0.0,0,295.0,626.0,422.0,597.0,386.0,459.0,258.0,492.0
0.0,0.0,0,289.0,633.0,407.0,582.0,351.0,453.0,232.0,505.0
0.0,0.0,0,288.0,640.0,395.0,575.0,320.0,450.0,216.0,520.0
0.0,0.0,0,291.0,647.0,390.0,569.0,305.0,455.0,209.0,535.0
0.0,0.0,0,291.0,652.0,388.0,580.0,302.0,465.0,209.0,542.0
0.0,0.0,0,268.0,652.0,375.0,607.0,313.0,478.0,208.0,527.0
0.0,0.0,0,240.0,632.0,358.0,630.0,336.0,489.0,219.0,499.0
0.0,0.0,0,216.0,602.0,333.0,638.0,357.0,503.0,236.0,469.0
0.0,0.0,0,200.0,568.0,311.0,633.0,367.0,509.0,255.0,446.0
0.0,0.0,0,197.0,552.0,296.0,629.0,368.0,511.0,264.0,438.0
0.0,0.0,0,197.0,563.0,300.0,632.0,362.0,512.0,257.0,447.0
0.0,0.0,0,197.0,563.0,300.0,632.0,362.0,512.0,257.0,447.0
0.0,0.0,0,212.0,596.0,319.0,640.0,351.0,510.0,241.0,465.0
0.0,0.0,0,227.0,612.0,336.0,631.0,337.0,494.0,227.0,482.0
0.0,0.0,0,247.0,624.0,353.0,614.0,321.0,479.0,217.0,496.0
0.0,0.0,0,268.0,636.0,364.0,603.0,308.0,476.0,212.0,515.0
0.0,0.0,0,282.0,649.0,369.0,598.0,292.0,483.0,212.0,539.0
0.0,0.0,0,288.0,655.0,364.0,596.0,280.0,488.0,208.0,550.0
0.0,0.0,0,272.0,652.0,346.0,602.0,268.0,491.0,197.0,546.0
0.0,0.0,0,234.0,642.0,315.0,611.0,256.0,488.0,178.0,524.0
0.0,0.0,0,194.0,626.0,280.0,616.0,244.0,484.0,157.0,501.0
0.0,0.0,0,155.0,607.0,245.0,617.0,228.0,484.0,140.0,481.0
0.0,0.0,0,127.0,594.0,213.0,613.0,208.0,480.0,122.0,466.0
0.0,0.0,0,102.0,580.0,186.0,607.0,189.0,477.0,106.0,453.0
0.0,0.0,0,77.0,562.0,156.0,604.0,178.0,474.0,97.0,437.0
0.0,0.0,0,54.0,525.0,125.0,595.0,179.0,476.0,104.0,414.0
0.0,0.0,0,49.0,501.0,116.0,588.0,190.0,490.0,122.0,404.0
0.0,0.0,0,51.0,499.0,120.0,591.0,200.0,496.0,128.0,401.0
0.0,0.0,0,51.0,499.0,120.0,591.0,200.0,496.0,128.0,401.0
0.0,0.0,0,61.0,538.0,148.0,608.0,200.0,496.0,111.0,424.0
0.0,0.0,0,77.0,573.0,180.0,612.0,196.0,484.0,92.0,451.0
0.0,0.0,0,101.0,597.0,208.0,599.0,188.0,468.0,80.0,472.0
0.0,0.0,0,133.0,615.0,236.0,580.0,183.0,456.0,80.0,496.0
0.0,0.0,0,164.0,620.0,256.0,560.0,182.0,449.0,88.0,511.0
0.0,0.0,0,180.0,620.0,268.0,556.0,186.0,446.0,100.0,516.0
0.0,0.0,0,172.0,620.0,270.0,566.0,198.0,449.0,104.0,504.0
0.0,0.0,0,153.0,608.0,262.0,585.0,220.0,460.0,108.0,484.0
0.0,0.0,0,130.0,591.0,247.0,600.0,236.0,468.0,120.0,464.0
0.0,0.0,0,111.0,570.0,224.0,606.0,244.0,476.0,128.0,440.0
0.0,0.0,0,94.0,539.0,198.0,601.0,252.0,481.0,144.0,418.0
0.0,0.0,0,88.0,512.0,182.0,595.0,260.0,488.0,166.0,406.0
0.0,0.0,0,96.0,504.0,184.0,594.0,271.0,494.0,178.0,401.0
0.0,0.0,0,103.0,527.0,200.0,609.0,278.0,500.0,176.0,417.0
0.0,0.0,0,116.0,551.0,224.0,620.0,286.0,503.0,176.0,433.0
0.0,0.0,0,132.0,571.0,252.0,626.0,298.0,501.0,177.0,448.0
0.0,0.0,0,132.0,571.0,252.0,626.0,298.0,501.0,177.0,448.0
0.0,0.0,0,152.0,579.0,276.0,626.0,315.0,499.0,188.0,452.0
0.0,0.0,0,174.0,592.0,303.0,624.0,327.0,493.0,196.0,464.0
0.0,0.0,0,202.0,608.0,335.0,618.0,337.0,487.0,201.0,476.0
0.0,0.0,0,231.0,621.0,364.0,610.0,347.0,480.0,210.0,491.0
0.0,0.0,0,264.0,632.0,394.0,603.0,361.0,478.0,226.0,506.0
0.0,0.0,0,295.0,639.0,425.0,599.0,382.0,478.0,248.0,517.0
0.0,0.0,0,327.0,642.0,454.0,599.0,410.0,479.0,277.0,523.0
0.0,0.0,0,344.0,633.0,477.0,602.0,448.0,479.0,310.0,509.0
0.0,0.0,0,351.0,621.0,491.0,621.0,494.0,489.0,350.0,489.0
0.0,0.0,0,369.0,600.0,510.0,627.0,539.0,495.0,399.0,464.0
0.0,0.0,0,399.0,571.0,535.0,619.0,585.0,488.0,450.0,436.0
0.0,0.0,0,441.0,542.0,570.0,605.0,631.0,477.0,504.0,410.0
0.0,0.0,0,492.0,537.0,622.0,600.0,677.0,472.0,552.0,408.0
0.0,0.0,0,554.0,554.0,688.0,600.0,727.0,464.0,597.0,416.0
0.0,0.0,0,614.0,596.0,752.0,603.0,763.0,461.0,624.0,448.0
0.0,0.0,0,672.0,627.0,807.0,608.0,799.0,468.0,661.0,482.0
0.0,0.0,0,752.0,630.0,807.0,608.0,799.0,468.0,661.0,482.0
0.0,0.0,0,752.0,630.0,879.0,593.0,860.0,460.0,731.0,488.0
0.0,0.0,0,836.0,628.0,948.0,572.0,921.0,442.0,806.0,493.0
0.0,0.0,0,904.0,620.0,998.0,540.0,956.0,428.0,856.0,504.0
0.0,0.0,0,940.0,620.0,1023.0,1023.0,996.0,428.0,902.0,506.0
0.0,0.0,0,949.0,621.0,1023.0,1023.0,1016.0,436.0,917.0,508.0
0.0,0.0,0,938.0,622.0,1023.0,1023.0,1023.0,1023.0,925.0,493.0
0.0,0.0,0,923.0,608.0,1023.0,1023.0,1023.0,1023.0,940.0,468.0
0.0,0.0,0,911.0,580.0,1023.0,1023.0,1023.0,1023.0,952.0,440.0
0.0,0.0,0,902.0,556.0,1023.0,1023.0,1023.0,1023.0,952.0,419.0
0.0,0.0,0,908.0,556.0,1023.0,1023.0,1023.0,1023.0,944.0,415.0
0.0,0.0,0,915.0,579.0,1023.0,1023.0,1023.0,1023.0,930.0,431.0
0.0,0.0,0,921.0,611.0,1023.0,1023.0,1023.0,1023.0,916.0,468.0
0.0,0.0,0,920.0,624.0,1023.0,1023.0,1023.0,1023.0,912.0,482.0
0.0,0.0,0,917.0,620.0,1023.0,1023.0,1023.0,1023.0,912.0,480.0
0.0,0.0,0,892.0,628.0,1023.0,1023.0,1023.0,1023.0,900.0,484.0
0.0,0.0,0,892.0,628.0,1023.0,1023.0,1023.0,1023.0,900.0,484.0
0.0,0.0,0,861.0,644.0,982.0,644.0,1023.0,1023.0,885.0,500.0
0.0,0.0,0,857.0,651.0,977.0,658.0,1005.0,522.0,886.0,509.0
0.0,0.0,0,860.0,652.0,979.0,660.0,1006.0,524.0,888.0,512.0
0.0,0.0,0,860.0,652.0,976.0,664.0,1005.0,530.0,888.0,512.0
0.0,0.0,0,856.0,656.0,974.0,668.0,1004.0,531.0,889.0,515.0
0.0,0.0,0,860.0,660.0,976.0,675.0,1006.0,539.0,896.0,520.0
0.0,0.0,0,860.0,666.0,972.0,676.0,1004.0,544.0,895.0,524.0
0.0,0.0,0,848.0,664.0,961.0,682.0,996.0,547.0,886.0,524.0
0.0,0.0,0,830.0,662.0,945.0,683.0,983.0,549.0,868.0,523.0
0.0,0.0,0,814.0,663.0,931.0,684.0,968.0,552.0,854.0,524.0
0.0,0.0,0,799.0,664.0,916.0,687.0,955.0,555.0,839.0,527.0
0.0,0.0,0,788.0,668.0,908.0,692.0,948.0,556.0,832.0,528.0
