Range_laser,robv,robw,IRx1,IRy1,IRx2,IRy2,IRx3,IRy3,IRx4,IRy4,US1,US2,US3,US4,Ang1
726.0,0.0,0.0,369.0,258.0,496.0,260.0,368.0,384.0,496.0,383.0,0,0,0,0,0.0
726.0,0.0,0.0,369.0,258.0,496.0,260.0,368.0,384.0,496.0,383.0,0,0,0,0,0.0
726.0,0.0,0.0,369.0,258.0,496.0,260.0,368.0,384.0,496.0,383.0,0,0,0,0,0.0
726.0,0.0,0.0,369.0,258.0,496.0,260.0,369.0,384.0,496.0,383.0,0,0,0,0,0.0
726.0,0.0,0.0,369.0,258.0,496.0,260.0,369.0,384.0,496.0,383.0,0,0,0,0,0.0
726.0,0.0,0.0,369.0,258.0,496.0,260.0,369.0,384.0,496.0,383.0,0,0,0,0,0.0
726.0,0.0,0.0,369.0,257.0,496.0,259.0,369.0,384.0,496.0,383.0,0,0,0,0,0.0
726.0,0.0,0.0,369.0,258.0,496.0,260.0,368.0,384.0,496.0,383.0,0,0,0,0,0.0
726.0,0.0,0.0,286.0,258.0,414.0,262.0,286.0,384.0,414.0,385.0,0,0,0,0,5.0
735.0,0.0,0.0,286.0,258.0,414.0,262.0,286.0,384.0,414.0,385.0,0,0,0,0,5.0
735.0,0.0,0.0,285.0,258.0,411.0,261.0,283.0,385.0,411.0,385.0,0,0,0,0,5.0
726.0,0.0,0.0,286.0,258.0,413.0,262.0,285.0,385.0,413.0,385.0,0,0,0,0,5.0
727.0,0.0,0.0,286.0,258.0,412.0,262.0,286.0,385.0,414.0,385.0,0,0,0,0,5.0
726.0,0.0,0.0,286.0,258.0,414.0,262.0,286.0,385.0,414.0,385.0,0,0,0,0,5.0
726.0,0.0,0.0,286.0,258.0,414.0,262.0,286.0,385.0,414.0,385.0,0,0,0,0,5.0
726.0,0.0,0.0,287.0,257.0,414.0,261.0,286.0,384.0,414.0,385.0,0,0,0,0,5.0
726.0,0.0,0.0,371.0,259.0,496.0,261.0,372.0,385.0,497.0,384.0,0,0,0,0,0.0
726.0,0.0,0.0,374.0,260.0,498.0,262.0,374.0,384.0,498.0,384.0,0,0,0,0,0.0
726.0,0.0,0.0,374.0,259.0,499.0,261.0,375.0,384.0,498.0,383.0,0,0,0,0,0.0
726.0,0.0,0.0,374.0,259.0,498.0,261.0,374.0,384.0,497.0,384.0,0,0,0,0,0.0
726.0,0.0,0.0,374.0,259.0,498.0,261.0,374.0,384.0,497.0,384.0,0,0,0,0,0.0
726.0,0.0,0.0,374.0,259.0,498.0,261.0,374.0,384.0,498.0,384.0,0,0,0,0,0.0
726.0,0.0,0.0,374.0,260.0,498.0,262.0,374.0,384.0,498.0,384.0,0,0,0,0,0.0
726.0,0.0,0.0,466.0,260.0,592.0,259.0,467.0,384.0,592.0,384.0,0,0,0,0,-5.0
726.0,0.0,0.0,466.0,260.0,592.0,259.0,466.0,384.0,592.0,384.0,0,0,0,0,-5.0
726.0,0.0,0.0,466.0,260.0,592.0,259.0,466.0,384.0,592.0,384.0,0,0,0,0,-5.0
726.0,0.0,0.0,466.0,261.0,592.0,260.0,467.0,384.0,592.0,384.0,0,0,0,0,-5.0
726.0,0.0,0.0,473.0,259.0,599.0,258.0,472.0,384.0,600.0,384.0,0,0,0,0,-5.0
726.0,0.0,0.0,473.0,259.0,599.0,258.0,472.0,384.0,600.0,384.0,0,0,0,0,-5.0
726.0,0.0,0.0,472.0,259.0,599.0,258.0,472.0,384.0,600.0,384.0,0,0,0,0,-5.0
735.0,0.0,0.0,472.0,259.0,599.0,258.0,472.0,384.0,600.0,384.0,0,0,0,0,-5.0
726.0,0.0,0.0,370.0,258.0,496.0,260.0,370.0,385.0,496.0,384.0,0,0,0,0,0.0
726.0,0.0,0.0,371.0,257.0,496.0,259.0,371.0,384.0,496.0,383.0,0,0,0,0,0.0
728.0,0.0,0.0,370.0,257.0,496.0,259.0,371.0,384.0,496.0,383.0,0,0,0,0,0.0
728.0,0.0,0.0,371.0,258.0,496.0,260.0,372.0,384.0,496.0,383.0,0,0,0,0,0.0
728.0,0.0,0.0,371.0,258.0,496.0,260.0,372.0,384.0,496.0,383.0,0,0,0,0,0.0
728.0,0.0,0.0,371.0,258.0,496.0,259.0,372.0,384.0,496.0,383.0,0,0,0,0,0.0
728.0,0.0,0.0,372.0,257.0,496.0,259.0,372.0,384.0,496.0,383.0,0,0,0,0,0.0
728.0,0.0,0.0,286.0,257.0,414.0,261.0,286.0,384.0,414.0,385.0,0,0,0,0,5.0
728.0,0.0,0.0,286.0,259.0,413.0,262.0,286.0,385.0,414.0,385.0,0,0,0,0,5.0
728.0,0.0,0.0,287.0,257.0,414.0,261.0,286.0,384.0,414.0,385.0,0,0,0,0,5.0
728.0,0.0,0.0,287.0,257.0,414.0,261.0,286.0,384.0,414.0,385.0,0,0,0,0,5.0
727.0,0.0,0.0,286.0,257.0,414.0,261.0,286.0,384.0,414.0,385.0,0,0,0,0,5.0
728.0,0.0,0.0,286.0,258.0,414.0,262.0,286.0,385.0,414.0,385.0,0,0,0,0,5.0
729.0,0.0,0.0,286.0,258.0,414.0,262.0,286.0,384.0,414.0,385.0,0,0,0,0,5.0
728.0,0.0,0.0,369.0,259.0,496.0,260.0,368.0,384.0,495.0,384.0,0,0,0,0,0.0
728.0,0.0,0.0,369.0,259.0,496.0,260.0,368.0,384.0,495.0,384.0,0,0,0,0,0.0
728.0,0.0,0.0,374.0,259.0,499.0,261.0,374.0,384.0,498.0,383.0,0,0,0,0,0.0
728.0,0.0,0.0,374.0,260.0,498.0,262.0,374.0,384.0,498.0,384.0,0,0,0,0,0.0
728.0,0.0,0.0,374.0,259.0,499.0,261.0,375.0,384.0,498.0,383.0,0,0,0,0,0.0
728.0,0.0,0.0,374.0,258.0,498.0,261.0,374.0,384.0,497.0,383.0,0,0,0,0,0.0
728.0,0.0,0.0,374.0,258.0,498.0,261.0,374.0,384.0,497.0,383.0,0,0,0,0,0.0
728.0,0.0,0.0,374.0,258.0,498.0,262.0,374.0,384.0,497.0,384.0,0,0,0,0,0.0
728.0,0.0,0.0,471.0,260.0,597.0,259.0,472.0,384.0,599.0,383.0,0,0,0,0,-5.0
729.0,0.0,0.0,472.0,259.0,598.0,258.0,472.0,384.0,599.0,383.0,0,0,0,0,-5.0
728.0,0.0,0.0,472.0,259.0,598.0,257.0,472.0,384.0,598.0,383.0,0,0,0,0,-5.0
728.0,0.0,0.0,472.0,259.0,598.0,257.0,472.0,384.0,598.0,383.0,0,0,0,0,-5.0
728.0,0.0,0.0,471.0,260.0,597.0,258.0,472.0,384.0,599.0,383.0,0,0,0,0,-5.0
728.0,0.0,0.0,472.0,259.0,598.0,258.0,472.0,384.0,599.0,383.0,0,0,0,0,-5.0
729.0,0.0,0.0,472.0,259.0,598.0,257.0,472.0,384.0,598.0,383.0,0,0,0,0,-5.0
729.0,0.0,0.0,368.0,256.0,495.0,259.0,368.0,384.0,494.0,384.0,0,0,0,0,0.0
738.0,0.0,0.0,368.0,256.0,495.0,259.0,368.0,384.0,494.0,384.0,0,0,0,0,0.0
729.0,0.0,0.0,368.0,258.0,495.0,260.0,368.0,384.0,495.0,384.0,0,0,0,0,0.0
729.0,0.0,0.0,368.0,257.0,496.0,260.0,368.0,384.0,495.0,383.0,0,0,0,0,0.0
729.0,0.0,0.0,368.0,256.0,495.0,259.0,368.0,384.0,495.0,383.0,0,0,0,0,0.0
728.0,0.0,0.0,368.0,258.0,495.0,260.0,368.0,384.0,495.0,384.0,0,0,0,0,0.0
729.0,0.0,0.0,369.0,257.0,496.0,260.0,368.0,384.0,495.0,383.0,0,0,0,0,0.0
729.0,0.0,0.0,369.0,257.0,496.0,260.0,368.0,384.0,495.0,383.0,0,0,0,0,0.0
729.0,0.0,0.0,286.0,258.0,412.0,261.0,284.0,385.0,412.0,385.0,0,0,0,0,5.0
729.0,0.0,0.0,285.0,258.0,412.0,261.0,284.0,385.0,412.0,386.0,0,0,0,0,5.0
729.0,0.0,0.0,286.0,258.0,414.0,262.0,286.0,385.0,414.0,385.0,0,0,0,0,5.0
729.0,0.0,0.0,287.0,257.0,414.0,262.0,286.0,384.0,414.0,385.0,0,0,0,0,5.0
730.0,0.0,0.0,287.0,257.0,414.0,262.0,286.0,384.0,414.0,385.0,0,0,0,0,5.0
729.0,0.0,0.0,286.0,257.0,414.0,261.0,286.0,384.0,414.0,385.0,0,0,0,0,5.0
728.0,0.0,0.0,287.0,258.0,414.0,262.0,287.0,384.0,415.0,385.0,0,0,0,0,5.0
729.0,0.0,0.0,369.0,259.0,495.0,261.0,368.0,384.0,495.0,384.0,0,0,0,0,0.0
729.0,0.0,0.0,374.0,259.0,499.0,261.0,374.0,384.0,498.0,383.0,0,0,0,0,0.0
729.0,0.0,0.0,374.0,259.0,499.0,261.0,374.0,384.0,498.0,383.0,0,0,0,0,0.0
728.0,0.0,0.0,374.0,258.0,498.0,261.0,374.0,384.0,497.0,383.0,0,0,0,0,0.0
729.0,0.0,0.0,374.0,259.0,498.0,262.0,374.0,384.0,497.0,384.0,0,0,0,0,0.0
729.0,0.0,0.0,374.0,259.0,498.0,261.0,374.0,384.0,498.0,384.0,0,0,0,0,0.0
729.0,0.0,0.0,374.0,258.0,498.0,261.0,374.0,384.0,497.0,383.0,0,0,0,0,0.0
729.0,0.0,0.0,374.0,258.0,498.0,261.0,374.0,384.0,497.0,383.0,0,0,0,0,0.0
729.0,0.0,0.0,472.0,260.0,599.0,258.0,472.0,384.0,599.0,384.0,0,0,0,0,-5.0
727.0,0.0,0.0,472.0,260.0,599.0,259.0,472.0,384.0,600.0,384.0,0,0,0,0,-5.0
727.0,0.0,0.0,472.0,260.0,599.0,259.0,472.0,384.0,600.0,384.0,0,0,0,0,-5.0
728.0,0.0,0.0,472.0,259.0,599.0,258.0,472.0,383.0,600.0,384.0,0,0,0,0,-5.0
728.0,0.0,0.0,472.0,259.0,599.0,258.0,472.0,383.0,600.0,384.0,0,0,0,0,-5.0
728.0,0.0,0.0,473.0,260.0,600.0,259.0,474.0,384.0,600.0,384.0,0,0,0,0,-5.0
728.0,0.0,0.0,473.0,260.0,600.0,259.0,474.0,384.0,600.0,384.0,0,0,0,0,-5.0
728.0,0.0,0.0,367.0,256.0,494.0,259.0,368.0,384.0,494.0,383.0,0,0,0,0,0.0
728.0,0.0,0.0,368.0,257.0,494.0,260.0,368.0,384.0,494.0,384.0,0,0,0,0,0.0
728.0,0.0,0.0,368.0,257.0,494.0,260.0,368.0,384.0,494.0,383.0,0,0,0,0,0.0
727.0,0.0,0.0,368.0,257.0,494.0,260.0,368.0,384.0,494.0,383.0,0,0,0,0,0.0
727.0,0.0,0.0,368.0,257.0,495.0,260.0,368.0,384.0,494.0,383.0,0,0,0,0,0.0
737.0,0.0,0.0,368.0,256.0,495.0,259.0,368.0,384.0,494.0,383.0,0,0,0,0,0.0
728.0,0.0,0.0,368.0,257.0,495.0,260.0,368.0,384.0,494.0,384.0,0,0,0,0,0.0
727.0,0.0,0.0,286.0,259.0,413.0,262.0,285.0,385.0,413.0,385.0,0,0,0,0,5.0
728.0,0.0,0.0,286.0,259.0,413.0,262.0,285.0,385.0,413.0,385.0,0,0,0,0,5.0
728.0,0.0,0.0,286.0,257.0,414.0,261.0,286.0,384.0,414.0,385.0,0,0,0,0,5.0
728.0,0.0,0.0,286.0,258.0,413.0,262.0,285.0,385.0,413.0,386.0,0,0,0,0,5.0
728.0,0.0,0.0,286.0,258.0,414.0,262.0,286.0,385.0,414.0,385.0,0,0,0,0,5.0
728.0,0.0,0.0,287.0,258.0,414.0,262.0,286.0,384.0,415.0,385.0,0,0,0,0,5.0
728.0,0.0,0.0,287.0,258.0,414.0,262.0,286.0,384.0,415.0,385.0,0,0,0,0,5.0
728.0,0.0,0.0,288.0,256.0,415.0,260.0,287.0,384.0,415.0,384.0,0,0,0,0,5.0
728.0,0.0,0.0,367.0,259.0,494.0,261.0,367.0,384.0,494.0,384.0,0,0,0,0,0.0
728.0,0.0,0.0,374.0,260.0,498.0,262.0,374.0,384.0,498.0,384.0,0,0,0,0,0.0
727.0,0.0,0.0,374.0,258.0,499.0,261.0,374.0,384.0,498.0,383.0,0,0,0,0,0.0
728.0,0.0,0.0,374.0,258.0,499.0,261.0,374.0,384.0,498.0,383.0,0,0,0,0,0.0
728.0,0.0,0.0,374.0,258.0,499.0,261.0,374.0,384.0,497.0,384.0,0,0,0,0,0.0
728.0,0.0,0.0,374.0,259.0,498.0,262.0,374.0,384.0,497.0,384.0,0,0,0,0,0.0
728.0,0.0,0.0,374.0,260.0,498.0,262.0,374.0,384.0,498.0,384.0,0,0,0,0,0.0
727.0,0.0,0.0,472.0,259.0,598.0,258.0,472.0,383.0,599.0,383.0,0,0,0,0,-5.0
727.0,0.0,0.0,472.0,259.0,598.0,258.0,472.0,383.0,599.0,383.0,0,0,0,0,-5.0
728.0,0.0,0.0,472.0,259.0,598.0,258.0,472.0,384.0,599.0,383.0,0,0,0,0,-5.0
728.0,0.0,0.0,472.0,260.0,599.0,258.0,472.0,384.0,600.0,384.0,0,0,0,0,-5.0
728.0,0.0,0.0,472.0,260.0,598.0,257.0,472.0,383.0,599.0,383.0,0,0,0,0,-5.0
728.0,0.0,0.0,472.0,259.0,599.0,258.0,472.0,383.0,599.0,383.0,0,0,0,0,-5.0
727.0,0.0,0.0,472.0,259.0,598.0,258.0,472.0,384.0,599.0,383.0,0,0,0,0,-5.0
727.0,0.0,0.0,472.0,259.0,598.0,258.0,472.0,384.0,599.0,383.0,0,0,0,0,-5.0
728.0,0.0,0.0,368.0,258.0,495.0,260.0,368.0,384.0,495.0,384.0,0,0,0,0,0.0
727.0,0.0,0.0,368.0,256.0,495.0,259.0,368.0,384.0,494.0,383.0,0,0,0,0,0.0
728.0,0.0,0.0,368.0,256.0,495.0,260.0,368.0,384.0,494.0,383.0,0,0,0,0,0.0
728.0,0.0,0.0,368.0,257.0,495.0,260.0,368.0,384.0,494.0,384.0,0,0,0,0,0.0
728.0,0.0,0.0,368.0,257.0,495.0,260.0,368.0,384.0,494.0,384.0,0,0,0,0,0.0
728.0,0.0,0.0,368.0,257.0,495.0,260.0,368.0,384.0,494.0,383.0,0,0,0,0,0.0
728.0,0.0,0.0,368.0,256.0,495.0,259.0,368.0,384.0,494.0,383.0,0,0,0,0,0.0
728.0,0.0,0.0,286.0,258.0,413.0,261.0,285.0,385.0,413.0,385.0,0,0,0,0,5.0
729.0,0.0,0.0,286.0,259.0,413.0,262.0,285.0,385.0,413.0,385.0,0,0,0,0,5.0
727.0,0.0,0.0,286.0,259.0,413.0,262.0,285.0,385.0,413.0,385.0,0,0,0,0,5.0
728.0,0.0,0.0,287.0,257.0,414.0,261.0,286.0,384.0,414.0,385.0,0,0,0,0,5.0
728.0,0.0,0.0,286.0,258.0,414.0,262.0,286.0,385.0,414.0,385.0,0,0,0,0,5.0
728.0,0.0,0.0,286.0,258.0,414.0,262.0,286.0,385.0,415.0,385.0,0,0,0,0,5.0
728.0,0.0,0.0,286.0,258.0,414.0,262.0,286.0,385.0,414.0,385.0,0,0,0,0,5.0
728.0,0.0,0.0,286.0,258.0,414.0,262.0,286.0,385.0,414.0,385.0,0,0,0,0,5.0
728.0,0.0,0.0,369.0,259.0,496.0,260.0,369.0,384.0,496.0,384.0,0,0,0,0,0.0
728.0,0.0,0.0,374.0,259.0,498.0,261.0,374.0,384.0,497.0,384.0,0,0,0,0,0.0
728.0,0.0,0.0,382.0,260.0,508.0,260.0,383.0,384.0,507.0,384.0,0,0,0,0,0.0
728.0,-0.005,0.0,370.0,257.0,496.0,259.0,371.0,384.0,496.0,383.0,0,0,0,0,0.0
727.0,-0.005,0.0,372.0,257.0,497.0,257.0,373.0,383.0,497.0,382.0,0,0,0,0,0.0
728.0,-0.037,0.0,372.0,257.0,497.0,257.0,373.0,383.0,497.0,382.0,0,0,0,0,0.0
727.0,-0.048,0.0,374.0,261.0,497.0,263.0,374.0,384.0,496.0,384.0,0,0,0,0,0.0
746.0,-0.001,0.0,472.0,264.0,597.0,263.0,473.0,385.0,597.0,385.0,0,0,0,0,-5.0
736.0,0.001,0.0,473.0,262.0,599.0,261.0,474.0,383.0,599.0,383.0,0,0,0,0,-5.0
736.0,-0.006,0.0,477.0,263.0,600.0,263.0,478.0,385.0,600.0,384.0,0,0,0,0,-5.0
746.0,-0.036,0.0,477.0,263.0,600.0,263.0,478.0,385.0,600.0,384.0,0,0,0,0,-5.0
747.0,-0.036,0.0,477.0,262.0,600.0,261.0,479.0,384.0,600.0,384.0,0,0,0,0,-5.0
737.0,-0.071,0.0,479.0,264.0,600.0,264.0,479.0,384.0,600.0,384.0,0,0,0,0,-5.0
737.0,-0.092,0.0,479.0,267.0,599.0,266.0,480.0,385.0,599.0,384.0,0,0,0,0,-5.0
755.0,-0.094,0.0,377.0,266.0,496.0,268.0,376.0,384.0,495.0,385.0,0,0,0,0,0.0
766.0,-0.094,0.0,377.0,266.0,496.0,268.0,376.0,384.0,495.0,385.0,0,0,0,0,0.0
766.0,-0.093,0.0,379.0,270.0,497.0,271.0,379.0,385.0,496.0,385.0,0,0,0,0,0.0
773.0,-0.093,0.0,381.0,271.0,496.0,272.0,381.0,384.0,496.0,384.0,0,0,0,0,0.0
785.0,-0.093,0.0,381.0,271.0,496.0,272.0,381.0,384.0,496.0,384.0,0,0,0,0,0.0
794.0,-0.094,0.0,382.0,273.0,496.0,274.0,382.0,385.0,495.0,385.0,0,0,0,0,0.0
804.0,-0.094,0.0,382.0,273.0,496.0,274.0,382.0,385.0,495.0,385.0,0,0,0,0,0.0
823.0,-0.093,0.0,384.0,275.0,495.0,276.0,383.0,386.0,495.0,385.0,0,0,0,0,0.0
823.0,-0.094,0.0,297.0,278.0,411.0,279.0,297.0,388.0,409.0,390.0,0,0,0,0,5.0
832.0,-0.094,0.0,300.0,280.0,411.0,281.0,299.0,389.0,409.0,390.0,0,0,0,0,5.0
842.0,-0.094,0.0,301.0,281.0,410.0,284.0,300.0,389.0,409.0,391.0,0,0,0,0,5.0
851.0,-0.093,0.0,301.0,281.0,410.0,284.0,300.0,389.0,409.0,391.0,0,0,0,0,5.0
852.0,-0.093,0.0,301.0,281.0,409.0,284.0,300.0,388.0,408.0,390.0,0,0,0,0,5.0
879.0,-0.094,0.0,303.0,283.0,409.0,285.0,301.0,388.0,408.0,390.0,0,0,0,0,5.0
879.0,-0.094,0.0,303.0,285.0,409.0,286.0,303.0,388.0,408.0,390.0,0,0,0,0,5.0
889.0,-0.094,0.0,385.0,287.0,488.0,286.0,385.0,388.0,487.0,388.0,0,0,0,0,0.0
899.0,-0.094,0.0,390.0,287.0,492.0,287.0,390.0,388.0,492.0,387.0,0,0,0,0,0.0
899.0,-0.093,0.0,390.0,287.0,492.0,287.0,390.0,388.0,492.0,387.0,0,0,0,0,0.0
908.0,-0.093,0.0,390.0,288.0,492.0,289.0,391.0,388.0,491.0,387.0,0,0,0,0,0.0
917.0,-0.095,0.0,392.0,290.0,492.0,290.0,393.0,388.0,491.0,388.0,0,0,0,0,0.0
936.0,-0.093,0.0,392.0,291.0,492.0,292.0,394.0,388.0,491.0,387.0,0,0,0,0,0.0
936.0,-0.094,0.0,394.0,292.0,491.0,292.0,395.0,388.0,491.0,389.0,0,0,0,0,0.0
946.0,-0.094,0.0,394.0,292.0,491.0,292.0,395.0,388.0,491.0,389.0,0,0,0,0,0.0
954.0,-0.094,0.0,493.0,293.0,588.0,292.0,493.0,388.0,589.0,388.0,0,0,0,0,-5.0
964.0,-0.093,0.0,494.0,295.0,588.0,293.0,494.0,388.0,589.0,387.0,0,0,0,0,-5.0
973.0,-0.093,0.0,496.0,294.0,589.0,293.0,495.0,387.0,589.0,387.0,0,0,0,0,-5.0
992.0,-0.093,0.0,496.0,295.0,588.0,294.0,496.0,387.0,588.0,386.0,0,0,0,0,-5.0
992.0,-0.094,0.0,496.0,295.0,588.0,294.0,496.0,387.0,588.0,386.0,0,0,0,0,-5.0
1002.0,-0.094,0.0,496.0,296.0,588.0,296.0,497.0,387.0,588.0,386.0,0,0,0,0,-5.0
1012.0,-0.094,0.0,498.0,297.0,588.0,297.0,498.0,387.0,588.0,386.0,0,0,0,0,-5.0
1022.0,-0.085,0.0,394.0,299.0,484.0,300.0,395.0,388.0,484.0,388.0,0,0,0,0,0.0
1022.0,-0.056,0.0,395.0,300.0,485.0,301.0,395.0,390.0,484.0,391.0,0,0,0,0,0.0
1022.0,-0.001,0.0,395.0,300.0,485.0,301.0,395.0,390.0,484.0,391.0,0,0,0,0,0.0
1034.0,0.0,0.0,395.0,300.0,484.0,300.0,395.0,388.0,484.0,389.0,0,0,0,0,0.0
1044.0,0.0,0.0,395.0,299.0,484.0,300.0,396.0,388.0,485.0,388.0,0,0,0,0,0.0
1044.0,0.0,0.0,395.0,299.0,484.0,300.0,395.0,388.0,484.0,389.0,0,0,0,0,0.0
1035.0,0.0,0.0,395.0,299.0,484.0,300.0,395.0,388.0,484.0,388.0,0,0,0,0,0.0
1044.0,0.0,0.0,313.0,300.0,403.0,301.0,313.0,389.0,484.0,388.0,0,0,0,0,5.0
1045.0,0.0,0.0,313.0,300.0,403.0,301.0,313.0,389.0,403.0,391.0,0,0,0,0,5.0
1035.0,0.0,0.0,313.0,300.0,403.0,301.0,313.0,390.0,402.0,391.0,0,0,0,0,5.0
1035.0,0.0,0.0,314.0,299.0,404.0,300.0,313.0,389.0,404.0,391.0,0,0,0,0,5.0
1045.0,0.0,0.0,314.0,300.0,404.0,301.0,314.0,389.0,404.0,391.0,0,0,0,0,5.0
1035.0,0.0,0.0,314.0,300.0,404.0,300.0,314.0,389.0,404.0,390.0,0,0,0,0,5.0
1035.0,0.0,0.0,314.0,300.0,404.0,300.0,314.0,389.0,404.0,390.0,0,0,0,0,5.0
1035.0,0.0,0.0,313.0,300.0,403.0,301.0,313.0,389.0,402.0,391.0,0,0,0,0,5.0
1045.0,0.0,0.0,396.0,300.0,485.0,301.0,396.0,389.0,485.0,389.0,0,0,0,0,0.0
1045.0,0.0,0.0,400.0,299.0,490.0,301.0,400.0,388.0,489.0,389.0,0,0,0,0,0.0
1045.0,0.0,0.0,400.0,299.0,490.0,300.0,400.0,388.0,488.0,389.0,0,0,0,0,0.0
1045.0,0.0,0.0,400.0,299.0,490.0,300.0,400.0,388.0,488.0,389.0,0,0,0,0,0.0
1045.0,0.0,0.0,399.0,299.0,489.0,300.0,400.0,388.0,488.0,389.0,0,0,0,0,0.0
1035.0,0.0,0.0,399.0,300.0,490.0,301.0,400.0,389.0,488.0,389.0,0,0,0,0,0.0
1035.0,0.0,0.0,400.0,299.0,490.0,301.0,400.0,388.0,488.0,389.0,0,0,0,0,0.0
1035.0,0.0,0.0,499.0,299.0,588.0,300.0,499.0,388.0,587.0,387.0,0,0,0,0,-5.0
1035.0,0.0,0.0,499.0,299.0,588.0,300.0,499.0,388.0,587.0,387.0,0,0,0,0,-5.0
1035.0,0.0,0.0,499.0,300.0,588.0,300.0,499.0,388.0,587.0,389.0,0,0,0,0,-5.0
1045.0,0.0,0.0,499.0,299.0,588.0,300.0,499.0,388.0,588.0,388.0,0,0,0,0,-5.0
1045.0,0.0,0.0,499.0,299.0,588.0,300.0,499.0,388.0,587.0,387.0,0,0,0,0,-5.0
1035.0,0.0,0.0,499.0,299.0,588.0,300.0,499.0,388.0,587.0,387.0,0,0,0,0,-5.0
1035.0,0.0,0.0,499.0,299.0,588.0,300.0,499.0,388.0,587.0,387.0,0,0,0,0,-5.0
1035.0,0.0,0.0,499.0,300.0,588.0,300.0,499.0,388.0,587.0,388.0,0,0,0,0,-5.0
1045.0,0.0,0.0,404.0,299.0,493.0,300.0,404.0,388.0,493.0,388.0,0,0,0,0,0.0
1045.0,0.0,0.0,399.0,299.0,488.0,299.0,399.0,388.0,488.0,388.0,0,0,0,0,0.0
1035.0,0.0,0.0,399.0,299.0,489.0,300.0,399.0,388.0,488.0,389.0,0,0,0,0,0.0
1044.0,0.0,0.0,399.0,299.0,489.0,300.0,399.0,388.0,488.0,389.0,0,0,0,0,0.0
1044.0,0.0,0.0,399.0,299.0,489.0,300.0,400.0,388.0,488.0,388.0,0,0,0,0,0.0
1035.0,0.0,0.0,400.0,299.0,489.0,300.0,400.0,388.0,488.0,388.0,0,0,0,0,0.0
1035.0,0.0,0.0,399.0,299.0,489.0,299.0,399.0,388.0,488.0,388.0,0,0,0,0,0.0
1035.0,0.0,0.0,313.0,300.0,403.0,300.0,313.0,389.0,403.0,391.0,0,0,0,0,5.0
1045.0,0.0,0.0,313.0,299.0,404.0,300.0,313.0,389.0,403.0,390.0,0,0,0,0,5.0
1035.0,0.0,0.0,313.0,299.0,404.0,300.0,313.0,389.0,403.0,390.0,0,0,0,0,5.0
1035.0,0.0,0.0,314.0,299.0,404.0,300.0,314.0,388.0,404.0,389.0,0,0,0,0,5.0
1035.0,0.0,0.0,314.0,300.0,404.0,300.0,314.0,389.0,404.0,390.0,0,0,0,0,5.0
1044.0,0.0,0.0,314.0,300.0,404.0,300.0,314.0,389.0,404.0,390.0,0,0,0,0,5.0
1035.0,0.0,0.0,314.0,299.0,404.0,300.0,314.0,389.0,404.0,390.0,0,0,0,0,5.0
1035.0,0.0,0.0,314.0,299.0,404.0,300.0,314.0,389.0,404.0,390.0,0,0,0,0,5.0
1034.0,0.0,0.0,396.0,299.0,487.0,300.0,397.0,388.0,487.0,388.0,0,0,0,0,0.0
1034.0,0.0,0.0,399.0,299.0,489.0,300.0,400.0,388.0,488.0,389.0,0,0,0,0,0.0
1035.0,0.0,0.0,409.0,299.0,498.0,300.0,409.0,388.0,497.0,388.0,0,0,0,0,0.0
1035.0,0.0,0.0,402.0,299.0,492.0,300.0,402.0,388.0,490.0,388.0,0,0,0,0,0.0
1035.0,0.0,0.0,402.0,299.0,492.0,300.0,402.0,388.0,490.0,388.0,0,0,0,0,0.0
1035.0,0.0,0.0,402.0,299.0,492.0,300.0,402.0,388.0,490.0,388.0,0,0,0,0,0.0
1032.0,0.0,0.0,402.0,299.0,491.0,300.0,402.0,388.0,490.0,388.0,0,0,0,0,0.0
1032.0,0.0,0.0,498.0,299.0,587.0,299.0,498.0,388.0,586.0,388.0,0,0,0,0,-5.0
1032.0,0.0,0.0,497.0,299.0,587.0,299.0,497.0,387.0,586.0,388.0,0,0,0,0,-5.0
1042.0,0.0,0.0,497.0,299.0,587.0,299.0,497.0,387.0,586.0,388.0,0,0,0,0,-5.0
1042.0,0.0,0.0,497.0,299.0,587.0,299.0,497.0,388.0,586.0,388.0,0,0,0,0,-5.0
1032.0,0.0,0.0,498.0,299.0,587.0,299.0,498.0,388.0,586.0,388.0,0,0,0,0,-5.0
1032.0,0.0,0.0,498.0,299.0,587.0,299.0,497.0,387.0,586.0,388.0,0,0,0,0,-5.0
1032.0,0.0,0.0,498.0,299.0,587.0,299.0,497.0,387.0,586.0,388.0,0,0,0,0,-5.0
1032.0,0.0,0.0,397.0,299.0,488.0,300.0,398.0,388.0,488.0,388.0,0,0,0,0,0.0
1032.0,0.0,0.0,397.0,299.0,488.0,300.0,398.0,388.0,488.0,388.0,0,0,0,0,0.0
1042.0,0.0,0.0,398.0,299.0,488.0,300.0,399.0,388.0,488.0,388.0,0,0,0,0,0.0
1032.0,0.0,0.0,398.0,298.0,488.0,299.0,399.0,387.0,488.0,387.0,0,0,0,0,0.0
1032.0,0.0,0.0,398.0,299.0,488.0,300.0,399.0,388.0,488.0,388.0,0,0,0,0,0.0
1032.0,0.0,0.0,398.0,299.0,488.0,300.0,399.0,388.0,488.0,388.0,0,0,0,0,0.0
1032.0,0.0,0.0,398.0,299.0,488.0,300.0,399.0,388.0,488.0,388.0,0,0,0,0,0.0
1032.0,0.0,0.0,398.0,299.0,488.0,300.0,399.0,387.0,488.0,387.0,0,0,0,0,0.0
1042.0,0.0,0.0,314.0,299.0,404.0,300.0,314.0,388.0,404.0,389.0,0,0,0,0,5.0
1033.0,0.0,0.0,313.0,299.0,403.0,300.0,313.0,389.0,403.0,390.0,0,0,0,0,5.0
1033.0,0.0,0.0,313.0,300.0,403.0,300.0,313.0,389.0,402.0,390.0,0,0,0,0,5.0
1033.0,0.0,0.0,313.0,300.0,403.0,300.0,313.0,389.0,402.0,390.0,0,0,0,0,5.0
1033.0,0.0,0.0,314.0,299.0,404.0,300.0,314.0,388.0,404.0,389.0,0,0,0,0,5.0
1033.0,0.0,0.0,314.0,299.0,404.0,300.0,314.0,388.0,403.0,390.0,0,0,0,0,5.0
1033.0,0.0,0.0,314.0,300.0,404.0,300.0,314.0,388.0,404.0,390.0,0,0,0,0,5.0
1033.0,0.0,0.0,396.0,300.0,485.0,301.0,396.0,388.0,486.0,388.0,0,0,0,0,0.0
1033.0,0.0,0.0,396.0,300.0,485.0,301.0,396.0,388.0,486.0,388.0,0,0,0,0,0.0
1033.0,0.0,0.0,400.0,299.0,489.0,300.0,400.0,388.0,489.0,388.0,0,0,0,0,0.0
1033.0,0.0,0.0,399.0,299.0,489.0,300.0,400.0,388.0,488.0,389.0,0,0,0,0,0.0
1033.0,0.0,0.0,400.0,299.0,490.0,300.0,400.0,388.0,489.0,389.0,0,0,0,0,0.0
1033.0,0.0,0.0,400.0,299.0,489.0,300.0,400.0,388.0,488.0,388.0,0,0,0,0,0.0
1043.0,0.0,0.0,400.0,299.0,489.0,300.0,400.0,388.0,488.0,388.0,0,0,0,0,0.0
1033.0,0.0,0.0,399.0,299.0,489.0,300.0,400.0,388.0,488.0,389.0,0,0,0,0,0.0
1033.0,0.0,0.0,499.0,299.0,588.0,300.0,499.0,388.0,589.0,388.0,0,0,0,0,-5.0
1033.0,0.0,0.0,499.0,299.0,588.0,300.0,499.0,388.0,589.0,388.0,0,0,0,0,-5.0
1043.0,0.0,0.0,499.0,299.0,588.0,300.0,500.0,388.0,589.0,387.0,0,0,0,0,-5.0
1043.0,0.0,0.0,499.0,299.0,588.0,300.0,500.0,388.0,588.0,387.0,0,0,0,0,-5.0
1033.0,0.0,0.0,499.0,299.0,588.0,300.0,500.0,388.0,588.0,387.0,0,0,0,0,-5.0
1033.0,0.0,0.0,499.0,299.0,588.0,300.0,499.0,388.0,589.0,388.0,0,0,0,0,-5.0
1043.0,0.0,0.0,499.0,299.0,588.0,300.0,500.0,388.0,589.0,387.0,0,0,0,0,-5.0
1033.0,0.0,0.0,400.0,299.0,488.0,300.0,398.0,388.0,488.0,388.0,0,0,0,0,0.0
1033.0,0.0,0.0,397.0,299.0,488.0,299.0,398.0,388.0,488.0,388.0,0,0,0,0,0.0
1043.0,0.0,0.0,397.0,299.0,488.0,299.0,398.0,388.0,488.0,388.0,0,0,0,0,0.0
1043.0,0.0,0.0,398.0,299.0,488.0,300.0,399.0,388.0,488.0,388.0,0,0,0,0,0.0
1033.0,0.0,0.0,398.0,298.0,488.0,299.0,399.0,387.0,488.0,387.0,0,0,0,0,0.0
1033.0,0.0,0.0,398.0,299.0,488.0,299.0,399.0,388.0,488.0,387.0,0,0,0,0,0.0
1033.0,0.0,0.0,398.0,299.0,488.0,300.0,399.0,388.0,488.0,388.0,0,0,0,0,0.0
1033.0,0.0,0.0,398.0,299.0,488.0,300.0,399.0,388.0,488.0,388.0,0,0,0,0,0.0
1042.0,0.0,0.0,314.0,299.0,404.0,300.0,313.0,388.0,403.0,389.0,0,0,0,0,5.0
1042.0,0.0,0.0,313.0,299.0,403.0,300.0,313.0,388.0,403.0,390.0,0,0,0,0,5.0
1033.0,0.0,0.0,314.0,299.0,404.0,300.0,313.0,388.0,403.0,389.0,0,0,0,0,5.0
1033.0,0.0,0.0,315.0,299.0,404.0,300.0,315.0,388.0,404.0,389.0,0,0,0,0,5.0
1042.0,0.0,0.0,315.0,299.0,404.0,300.0,315.0,388.0,404.0,389.0,0,0,0,0,5.0
1042.0,0.0,0.0,313.0,299.0,404.0,300.0,313.0,388.0,403.0,390.0,0,0,0,0,5.0
1033.0,0.0,0.0,314.0,299.0,404.0,300.0,314.0,388.0,404.0,389.0,0,0,0,0,5.0
1032.0,0.0,0.0,394.0,299.0,484.0,300.0,395.0,388.0,484.0,389.0,0,0,0,0,0.0
1032.0,0.0,0.0,400.0,299.0,489.0,300.0,400.0,388.0,489.0,388.0,0,0,0,0,0.0
1032.0,0.0,0.0,400.0,299.0,489.0,300.0,400.0,388.0,489.0,388.0,0,0,0,0,0.0
1032.0,0.0,0.0,400.0,299.0,490.0,300.0,400.0,388.0,490.0,388.0,0,0,0,0,0.0
1032.0,0.0,0.0,403.0,300.0,492.0,300.0,403.0,388.0,491.0,389.0,0,0,0,0,0.0
1032.0,0.0,0.0,404.0,299.0,493.0,300.0,404.0,388.0,493.0,388.0,0,0,0,0,0.0
1032.0,0.0,0.0,395.0,299.0,484.0,299.0,395.0,387.0,485.0,387.0,0,0,0,0,0.0
1041.0,0.0,0.0,499.0,299.0,588.0,300.0,500.0,388.0,589.0,387.0,0,0,0,0,-5.0
1032.0,0.0,0.0,499.0,299.0,588.0,300.0,500.0,388.0,589.0,387.0,0,0,0,0,-5.0
1042.0,0.0,0.0,500.0,300.0,588.0,300.0,500.0,388.0,589.0,388.0,0,0,0,0,-5.0
1042.0,0.0,0.0,500.0,300.0,588.0,300.0,500.0,388.0,589.0,387.0,0,0,0,0,-5.0
1042.0,0.0,0.0,500.0,300.0,588.0,299.0,500.0,388.0,589.0,387.0,0,0,0,0,-5.0
1031.0,0.0,0.0,499.0,299.0,588.0,300.0,500.0,388.0,589.0,387.0,0,0,0,0,-5.0
1042.0,0.0,0.0,499.0,299.0,588.0,300.0,500.0,388.0,589.0,387.0,0,0,0,0,-5.0
1032.0,0.0,0.0,500.0,300.0,588.0,300.0,500.0,388.0,589.0,388.0,0,0,0,0,-5.0
1042.0,0.0,0.0,395.0,299.0,484.0,300.0,395.0,387.0,484.0,387.0,0,0,0,0,0.0
1042.0,0.0,0.0,395.0,299.0,484.0,300.0,395.0,387.0,483.0,387.0,0,0,0,0,0.0
1032.0,0.0,0.0,394.0,299.0,484.0,300.0,394.0,387.0,482.0,387.0,0,0,0,0,0.0
1031.0,0.0,0.0,394.0,299.0,484.0,300.0,394.0,387.0,482.0,387.0,0,0,0,0,0.0
1031.0,0.0,0.0,393.0,299.0,484.0,300.0,394.0,387.0,482.0,387.0,0,0,0,0,0.0
1032.0,0.0,0.0,392.0,298.0,483.0,299.0,393.0,387.0,482.0,387.0,0,0,0,0,0.0
1032.0,0.0,0.0,391.0,297.0,482.0,298.0,391.0,387.0,481.0,386.0,0,0,0,0,0.0
1031.0,0.0,0.0,308.0,299.0,399.0,300.0,308.0,388.0,399.0,389.0,0,0,0,0,5.0
1031.0,0.0,0.0,308.0,299.0,399.0,300.0,308.0,388.0,399.0,389.0,0,0,0,0,5.0
1041.0,0.0,0.0,308.0,298.0,399.0,299.0,308.0,388.0,398.0,388.0,0,0,0,0,5.0
1042.0,0.0,0.0,308.0,298.0,399.0,298.0,308.0,388.0,399.0,387.0,0,0,0,0,5.0
1042.0,0.0,0.0,307.0,297.0,397.0,298.0,307.0,387.0,397.0,388.0,0,0,0,0,5.0
1033.0,0.0,0.0,305.0,297.0,396.0,300.0,305.0,387.0,395.0,387.0,0,0,0,0,5.0
1033.0,-0.001,0.0,301.0,296.0,392.0,298.0,301.0,386.0,392.0,386.0,0,0,0,0,5.0
1033.0,0.0,0.0,301.0,296.0,392.0,298.0,301.0,386.0,392.0,386.0,0,0,0,0,5.0
1034.0,0.0,0.0,383.0,298.0,473.0,299.0,382.0,388.0,472.0,387.0,0,0,0,0,0.0
1034.0,0.0,0.0,390.0,299.0,481.0,299.0,391.0,387.0,480.0,387.0,0,0,0,0,0.0
1034.0,0.0,0.0,392.0,299.0,483.0,300.0,393.0,388.0,482.0,388.0,0,0,0,0,0.0
1043.0,0.0,0.0,395.0,299.0,484.0,300.0,395.0,388.0,484.0,388.0,0,0,0,0,0.0
1033.0,0.0,0.0,395.0,299.0,484.0,300.0,395.0,388.0,484.0,388.0,0,0,0,0,0.0
1033.0,0.0,0.0,395.0,299.0,484.0,300.0,395.0,388.0,484.0,389.0,0,0,0,0,0.0
1033.0,0.0,0.0,395.0,299.0,484.0,300.0,395.0,388.0,484.0,389.0,0,0,0,0,0.0
1033.0,0.0,0.0,490.0,299.0,580.0,300.0,490.0,388.0,578.0,387.0,0,0,0,0,-5.0
1033.0,0.0,0.0,490.0,299.0,580.0,300.0,490.0,388.0,578.0,387.0,0,0,0,0,-5.0
1034.0,0.0,0.0,490.0,299.0,579.0,299.0,490.0,387.0,578.0,387.0,0,0,0,0,-5.0
1034.0,0.0,0.0,490.0,299.0,579.0,299.0,490.0,388.0,578.0,388.0,0,0,0,0,-5.0
1034.0,0.0,0.0,490.0,299.0,580.0,300.0,490.0,388.0,578.0,387.0,0,0,0,0,-5.0
1035.0,0.0,0.0,490.0,299.0,580.0,300.0,490.0,387.0,578.0,387.0,0,0,0,0,-5.0
1034.0,0.0,0.0,490.0,299.0,579.0,299.0,490.0,387.0,578.0,387.0,0,0,0,0,-5.0
1033.0,0.0,0.0,490.0,299.0,579.0,299.0,490.0,387.0,578.0,387.0,0,0,0,0,-5.0
1033.0,0.0,0.0,396.0,299.0,486.0,300.0,396.0,388.0,486.0,388.0,0,0,0,0,0.0
1034.0,0.0,0.0,388.0,298.0,478.0,299.0,388.0,387.0,478.0,387.0,0,0,0,0,0.0
1034.0,0.0,0.0,388.0,298.0,478.0,298.0,388.0,387.0,478.0,387.0,0,0,0,0,0.0
1036.0,0.0,0.0,388.0,298.0,478.0,299.0,388.0,388.0,478.0,387.0,0,0,0,0,0.0
1036.0,0.0,0.0,388.0,298.0,478.0,299.0,388.0,388.0,478.0,387.0,0,0,0,0,0.0
1036.0,0.0,0.0,388.0,298.0,479.0,299.0,388.0,387.0,478.0,387.0,0,0,0,0,0.0
1037.0,0.0,0.0,388.0,298.0,479.0,299.0,388.0,387.0,478.0,387.0,0,0,0,0,0.0
1037.0,0.0,0.0,306.0,299.0,396.0,300.0,305.0,388.0,395.0,389.0,0,0,0,0,5.0
1037.0,0.0,0.0,306.0,299.0,396.0,300.0,307.0,388.0,396.0,389.0,0,0,0,0,5.0
1036.0,0.0,0.0,307.0,299.0,396.0,300.0,307.0,388.0,396.0,389.0,0,0,0,0,5.0
1037.0,0.0,0.0,307.0,299.0,396.0,300.0,307.0,388.0,396.0,389.0,0,0,0,0,5.0
1036.0,0.0,0.0,307.0,299.0,396.0,300.0,307.0,388.0,396.0,389.0,0,0,0,0,5.0
1047.0,0.0,0.0,306.0,299.0,396.0,300.0,307.0,388.0,396.0,389.0,0,0,0,0,5.0
1047.0,0.0,0.0,306.0,299.0,396.0,300.0,307.0,388.0,396.0,389.0,0,0,0,0,5.0
1037.0,0.0,0.0,389.0,299.0,479.0,300.0,389.0,388.0,479.0,388.0,0,0,0,0,0.0
1036.0,0.0,0.0,389.0,299.0,479.0,300.0,389.0,388.0,479.0,388.0,0,0,0,0,0.0
1037.0,0.0,0.0,393.0,299.0,484.0,300.0,393.0,388.0,482.0,388.0,0,0,0,0,0.0
1037.0,0.0,0.0,404.0,299.0,493.0,300.0,404.0,388.0,493.0,388.0,0,0,0,0,0.0
1037.0,0.0,0.0,390.0,299.0,481.0,299.0,391.0,387.0,480.0,387.0,0,0,0,0,0.0
1036.0,0.0,0.0,390.0,298.0,482.0,298.0,391.0,387.0,480.0,387.0,0,0,0,0,0.0
1036.0,0.0,0.0,390.0,298.0,482.0,298.0,391.0,387.0,480.0,387.0,0,0,0,0,0.0
1037.0,0.0,0.0,391.0,298.0,481.0,299.0,391.0,387.0,480.0,387.0,0,0,0,0,0.0
1037.0,0.0,0.0,492.0,299.0,582.0,299.0,493.0,388.0,582.0,388.0,0,0,0,0,-5.0
1037.0,0.0,0.0,492.0,299.0,582.0,299.0,492.0,388.0,582.0,388.0,0,0,0,0,-5.0
1037.0,0.0,0.0,492.0,299.0,582.0,298.0,492.0,387.0,582.0,387.0,0,0,0,0,-5.0
1037.0,0.0,0.0,492.0,299.0,582.0,298.0,492.0,387.0,582.0,387.0,0,0,0,0,-5.0
1037.0,0.0,0.0,492.0,299.0,581.0,298.0,492.0,388.0,581.0,388.0,0,0,0,0,-5.0
1037.0,0.0,0.0,492.0,299.0,582.0,299.0,492.0,388.0,582.0,388.0,0,0,0,0,-5.0
1037.0,0.0,0.0,492.0,299.0,582.0,298.0,492.0,387.0,582.0,387.0,0,0,0,0,-5.0
1037.0,0.0,0.0,396.0,299.0,486.0,300.0,396.0,388.0,485.0,388.0,0,0,0,0,0.0
1037.0,0.0,0.0,396.0,299.0,486.0,300.0,396.0,388.0,485.0,388.0,0,0,0,0,0.0
1036.0,0.0,0.0,388.0,298.0,480.0,299.0,389.0,387.0,479.0,387.0,0,0,0,0,0.0
1036.0,0.0,0.0,389.0,299.0,480.0,299.0,390.0,387.0,479.0,387.0,0,0,0,0,0.0
1037.0,0.0,0.0,389.0,298.0,480.0,299.0,389.0,387.0,479.0,386.0,0,0,0,0,0.0
1037.0,0.0,0.0,389.0,298.0,480.0,299.0,389.0,387.0,479.0,387.0,0,0,0,0,0.0
1037.0,0.0,0.0,389.0,299.0,480.0,299.0,390.0,387.0,480.0,387.0,0,0,0,0,0.0
1037.0,0.0,0.0,389.0,299.0,480.0,299.0,390.0,387.0,480.0,387.0,0,0,0,0,0.0
1036.0,0.0,0.0,306.0,299.0,396.0,300.0,307.0,388.0,396.0,389.0,0,0,0,0,5.0
1036.0,0.0,0.0,307.0,298.0,396.0,300.0,308.0,388.0,397.0,389.0,0,0,0,0,5.0
1036.0,0.0,0.0,306.0,299.0,396.0,300.0,306.0,388.0,395.0,389.0,0,0,0,0,5.0
1036.0,0.0,0.0,307.0,299.0,397.0,300.0,307.0,388.0,397.0,389.0,0,0,0,0,5.0
1037.0,0.0,0.0,307.0,299.0,397.0,300.0,307.0,388.0,397.0,389.0,0,0,0,0,5.0
1037.0,0.0,0.0,307.0,299.0,396.0,300.0,308.0,388.0,397.0,388.0,0,0,0,0,5.0
1037.0,0.0,0.0,307.0,299.0,396.0,300.0,307.0,388.0,396.0,389.0,0,0,0,0,5.0
1037.0,0.0,0.0,388.0,299.0,478.0,300.0,388.0,388.0,477.0,388.0,0,0,0,0,0.0
1046.0,0.0,0.0,393.0,299.0,484.0,300.0,393.0,388.0,482.0,388.0,0,0,0,0,0.0
1046.0,0.0,0.0,393.0,299.0,484.0,300.0,393.0,388.0,482.0,388.0,0,0,0,0,0.0
1037.0,0.0,0.0,393.0,299.0,484.0,300.0,393.0,388.0,482.0,388.0,0,0,0,0,0.0
1037.0,0.0,0.0,396.0,299.0,485.0,299.0,396.0,388.0,485.0,388.0,0,0,0,0,0.0
1037.0,0.0,0.0,396.0,299.0,485.0,300.0,396.0,388.0,485.0,388.0,0,0,0,0,0.0
1037.0,-0.01,0.0,395.0,298.0,484.0,299.0,396.0,388.0,485.0,387.0,0,0,0,0,0.0
1037.0,-0.01,0.0,395.0,298.0,484.0,299.0,396.0,388.0,485.0,387.0,0,0,0,0,0.0
1037.0,-0.039,0.0,491.0,298.0,580.0,298.0,491.0,387.0,579.0,384.0,0,0,0,0,-5.0
1035.0,-0.048,0.0,490.0,300.0,578.0,301.0,491.0,389.0,579.0,389.0,0,0,0,0,-5.0
1047.0,-0.032,0.0,490.0,301.0,578.0,302.0,490.0,389.0,578.0,388.0,0,0,0,0,-5.0
1045.0,-0.004,0.0,491.0,299.0,580.0,300.0,491.0,387.0,578.0,387.0,0,0,0,0,-5.0
1045.0,-0.074,0.0,491.0,299.0,580.0,300.0,491.0,387.0,578.0,387.0,0,0,0,0,-5.0
1046.0,-0.074,0.0,492.0,300.0,580.0,300.0,492.0,388.0,579.0,386.0,0,0,0,0,-5.0
1055.0,-0.092,0.0,492.0,304.0,577.0,304.0,492.0,389.0,579.0,390.0,0,0,0,0,-5.0
1065.0,-0.093,0.0,393.0,303.0,480.0,304.0,394.0,388.0,480.0,388.0,0,0,0,0,0.0
1076.0,-0.094,0.0,393.0,305.0,479.0,305.0,394.0,390.0,480.0,389.0,0,0,0,0,0.0
1085.0,-0.094,0.0,393.0,305.0,479.0,305.0,394.0,389.0,479.0,389.0,0,0,0,0,0.0
1085.0,-0.095,0.0,393.0,305.0,479.0,305.0,394.0,389.0,479.0,389.0,0,0,0,0,0.0
1094.0,-0.093,0.0,395.0,307.0,479.0,307.0,395.0,389.0,479.0,389.0,0,0,0,0,0.0
1103.0,-0.093,0.0,396.0,308.0,479.0,308.0,396.0,389.0,479.0,389.0,0,0,0,0,0.0
1114.0,-0.093,0.0,396.0,308.0,479.0,308.0,396.0,388.0,478.0,388.0,0,0,0,0,0.0
1124.0,-0.094,0.0,312.0,309.0,393.0,310.0,312.0,390.0,394.0,391.0,0,0,0,0,5.0
1134.0,-0.093,0.0,312.0,309.0,393.0,310.0,312.0,390.0,394.0,391.0,0,0,0,0,5.0
1134.0,-0.094,0.0,311.0,309.0,392.0,310.0,312.0,390.0,393.0,390.0,0,0,0,0,5.0
1145.0,-0.093,0.0,312.0,309.0,393.0,311.0,313.0,390.0,395.0,389.0,0,0,0,0,5.0
1160.0,-0.093,0.0,313.0,310.0,393.0,312.0,314.0,390.0,395.0,389.0,0,0,0,0,5.0
1170.0,-0.094,0.0,315.0,311.0,394.0,313.0,316.0,390.0,395.0,390.0,0,0,0,0,5.0
1179.0,-0.094,0.0,315.0,311.0,394.0,313.0,316.0,390.0,395.0,390.0,0,0,0,0,5.0
1179.0,-0.093,0.0,317.0,311.0,394.0,312.0,316.0,389.0,395.0,389.0,0,0,0,0,5.0
1189.0,-0.094,0.0,400.0,313.0,478.0,313.0,401.0,390.0,477.0,390.0,0,0,0,0,0.0
1189.0,-0.095,0.0,402.0,314.0,480.0,313.0,401.0,391.0,479.0,390.0,0,0,0,0,0.0
1217.0,-0.095,0.0,403.0,315.0,479.0,318.0,401.0,391.0,479.0,391.0,0,0,0,0,0.0
1217.0,-0.094,0.0,403.0,315.0,479.0,318.0,401.0,391.0,479.0,391.0,0,0,0,0,0.0
1219.0,-0.093,0.0,403.0,316.0,479.0,318.0,401.0,392.0,478.0,391.0,0,0,0,0,0.0
1229.0,-0.094,0.0,402.0,319.0,478.0,319.0,402.0,392.0,477.0,392.0,0,0,0,0,0.0
1238.0,-0.094,0.0,406.0,320.0,480.0,320.0,407.0,393.0,480.0,393.0,0,0,0,0,0.0
1238.0,-0.093,0.0,504.0,320.0,577.0,320.0,504.0,392.0,578.0,393.0,0,0,0,0,-5.0
1258.0,-0.093,0.0,504.0,320.0,577.0,320.0,504.0,392.0,578.0,393.0,0,0,0,0,-5.0
1267.0,-0.093,0.0,504.0,321.0,576.0,321.0,504.0,394.0,578.0,394.0,0,0,0,0,-5.0
1276.0,-0.094,0.0,504.0,325.0,576.0,325.0,504.0,396.0,578.0,395.0,0,0,0,0,-5.0
1286.0,-0.094,0.0,504.0,327.0,576.0,326.0,505.0,397.0,577.0,395.0,0,0,0,0,-5.0
1296.0,-0.094,0.0,505.0,328.0,576.0,327.0,506.0,398.0,576.0,396.0,0,0,0,0,-5.0
1296.0,-0.093,0.0,505.0,328.0,576.0,328.0,506.0,399.0,577.0,397.0,0,0,0,0,-5.0
1315.0,-0.093,0.0,505.0,328.0,576.0,328.0,506.0,399.0,577.0,397.0,0,0,0,0,-5.0
1325.0,-0.095,0.0,404.0,328.0,472.0,329.0,406.0,399.0,473.0,399.0,0,0,0,0,0.0
1336.0,-0.093,0.0,406.0,330.0,472.0,332.0,406.0,400.0,473.0,400.0,0,0,0,0,0.0
1344.0,-0.083,0.0,406.0,334.0,472.0,333.0,406.0,400.0,473.0,400.0,0,0,0,0,0.0
1346.0,-0.057,0.0,406.0,335.0,472.0,336.0,407.0,403.0,473.0,402.0,0,0,0,0,0.0
1346.0,-0.002,0.0,406.0,335.0,472.0,336.0,407.0,403.0,473.0,402.0,0,0,0,0,0.0
1355.0,-0.002,0.0,406.0,335.0,472.0,335.0,407.0,400.0,473.0,401.0,0,0,0,0,0.0
1365.0,0.0,0.0,406.0,334.0,472.0,334.0,407.0,400.0,473.0,400.0,0,0,0,0,0.0
1355.0,0.0,0.0,320.0,334.0,389.0,335.0,320.0,401.0,389.0,403.0,0,0,0,0,5.0
1363.0,0.0,0.0,320.0,335.0,391.0,335.0,320.0,402.0,390.0,402.0,0,0,0,0,5.0
1354.0,0.0,0.0,320.0,335.0,391.0,335.0,320.0,402.0,390.0,402.0,0,0,0,0,5.0
1354.0,0.0,0.0,320.0,334.0,392.0,336.0,320.0,402.0,390.0,402.0,0,0,0,0,5.0
1364.0,0.0,0.0,320.0,334.0,391.0,335.0,320.0,401.0,390.0,402.0,0,0,0,0,5.0
1365.0,0.0,0.0,320.0,334.0,392.0,336.0,320.0,402.0,390.0,402.0,0,0,0,0,5.0
1364.0,0.0,0.0,320.0,335.0,391.0,335.0,320.0,402.0,390.0,402.0,0,0,0,0,5.0
1354.0,0.0,0.0,320.0,335.0,391.0,335.0,320.0,402.0,390.0,402.0,0,0,0,0,5.0
1355.0,0.0,0.0,400.0,334.0,468.0,335.0,400.0,401.0,468.0,403.0,0,0,0,0,0.0
1355.0,0.0,0.0,408.0,335.0,479.0,336.0,409.0,401.0,477.0,402.0,0,0,0,0,0.0
1355.0,0.0,0.0,408.0,336.0,479.0,336.0,409.0,402.0,477.0,402.0,0,0,0,0,0.0
1355.0,0.0,0.0,409.0,335.0,479.0,336.0,409.0,401.0,477.0,402.0,0,0,0,0,0.0
1365.0,0.0,0.0,408.0,335.0,479.0,336.0,409.0,401.0,477.0,402.0,0,0,0,0,0.0
1355.0,0.0,0.0,408.0,335.0,479.0,336.0,409.0,401.0,477.0,402.0,0,0,0,0,0.0
1355.0,0.0,0.0,408.0,335.0,479.0,336.0,409.0,402.0,477.0,402.0,0,0,0,0,0.0
1355.0,0.0,0.0,504.0,334.0,575.0,334.0,505.0,401.0,574.0,400.0,0,0,0,0,-5.0
1356.0,0.0,0.0,504.0,334.0,575.0,334.0,506.0,401.0,574.0,400.0,0,0,0,0,-5.0
1365.0,0.0,0.0,504.0,333.0,575.0,333.0,505.0,400.0,574.0,400.0,0,0,0,0,-5.0
1366.0,0.0,0.0,504.0,333.0,575.0,333.0,505.0,400.0,574.0,400.0,0,0,0,0,-5.0
1365.0,0.0,0.0,504.0,334.0,575.0,334.0,505.0,401.0,574.0,400.0,0,0,0,0,-5.0
1355.0,0.0,0.0,504.0,333.0,575.0,333.0,506.0,401.0,574.0,400.0,0,0,0,0,-5.0
1355.0,0.0,0.0,504.0,333.0,575.0,333.0,505.0,400.0,574.0,400.0,0,0,0,0,-5.0
1356.0,0.0,0.0,399.0,333.0,469.0,335.0,400.0,400.0,468.0,401.0,0,0,0,0,0.0
1365.0,0.0,0.0,399.0,333.0,469.0,335.0,400.0,400.0,468.0,401.0,0,0,0,0,0.0
1356.0,0.0,0.0,400.0,334.0,469.0,335.0,400.0,401.0,469.0,401.0,0,0,0,0,0.0
1366.0,0.0,0.0,400.0,334.0,470.0,335.0,400.0,401.0,469.0,401.0,0,0,0,0,0.0
1356.0,0.0,0.0,400.0,333.0,470.0,335.0,400.0,400.0,469.0,401.0,0,0,0,0,0.0
1356.0,0.0,0.0,400.0,334.0,469.0,335.0,400.0,401.0,469.0,401.0,0,0,0,0,0.0
1365.0,0.0,0.0,400.0,334.0,469.0,335.0,400.0,401.0,469.0,401.0,0,0,0,0,0.0
1366.0,0.0,0.0,400.0,333.0,470.0,335.0,400.0,400.0,469.0,401.0,0,0,0,0,0.0
1365.0,0.0,0.0,320.0,334.0,390.0,335.0,320.0,401.0,389.0,402.0,0,0,0,0,5.0
1366.0,0.0,0.0,320.0,333.0,391.0,335.0,320.0,401.0,390.0,402.0,0,0,0,0,5.0
1366.0,0.0,0.0,320.0,335.0,388.0,335.0,319.0,402.0,388.0,403.0,0,0,0,0,5.0
1366.0,0.0,0.0,320.0,335.0,388.0,335.0,319.0,402.0,388.0,403.0,0,0,0,0,5.0
1366.0,0.0,0.0,320.0,334.0,391.0,335.0,320.0,401.0,390.0,402.0,0,0,0,0,5.0
1356.0,0.0,0.0,320.0,333.0,391.0,335.0,320.0,401.0,390.0,402.0,0,0,0,0,5.0
1365.0,0.0,0.0,320.0,334.0,391.0,335.0,320.0,401.0,390.0,402.0,0,0,0,0,5.0
1355.0,0.0,0.0,406.0,335.0,473.0,335.0,408.0,401.0,473.0,401.0,0,0,0,0,0.0
1366.0,0.0,0.0,406.0,334.0,473.0,335.0,408.0,401.0,473.0,401.0,0,0,0,0,0.0
1366.0,0.0,0.0,406.0,334.0,473.0,335.0,408.0,401.0,473.0,401.0,0,0,0,0,0.0
1366.0,0.0,0.0,407.0,334.0,472.0,334.0,407.0,400.0,473.0,401.0,0,0,0,0,0.0
1356.0,0.0,0.0,406.0,334.0,472.0,335.0,407.0,401.0,473.0,401.0,0,0,0,0,0.0
1365.0,0.0,0.0,406.0,334.0,473.0,335.0,407.0,400.0,473.0,401.0,0,0,0,0,0.0
1365.0,0.0,0.0,407.0,334.0,472.0,334.0,407.0,400.0,473.0,401.0,0,0,0,0,0.0
1365.0,0.0,0.0,407.0,334.0,472.0,334.0,407.0,400.0,473.0,401.0,0,0,0,0,0.0
1365.0,0.0,0.0,505.0,333.0,575.0,334.0,506.0,400.0,574.0,400.0,0,0,0,0,-5.0
1365.0,0.0,0.0,505.0,333.0,575.0,334.0,506.0,400.0,575.0,400.0,0,0,0,0,-5.0
1355.0,0.0,0.0,505.0,334.0,575.0,334.0,507.0,400.0,575.0,400.0,0,0,0,0,-5.0
1365.0,0.0,0.0,505.0,333.0,575.0,333.0,507.0,400.0,575.0,400.0,0,0,0,0,-5.0
1365.0,0.0,0.0,505.0,333.0,575.0,333.0,507.0,400.0,575.0,400.0,0,0,0,0,-5.0
1355.0,0.0,0.0,505.0,333.0,575.0,334.0,506.0,400.0,574.0,400.0,0,0,0,0,-5.0
1355.0,0.0,0.0,505.0,334.0,575.0,334.0,507.0,400.0,575.0,400.0,0,0,0,0,-5.0
1366.0,0.0,0.0,402.0,333.0,472.0,333.0,403.0,400.0,471.0,400.0,0,0,0,0,0.0
1365.0,0.0,0.0,400.0,332.0,471.0,334.0,401.0,400.0,470.0,400.0,0,0,0,0,0.0
1365.0,0.0,0.0,400.0,332.0,471.0,334.0,401.0,400.0,470.0,400.0,0,0,0,0,0.0
1355.0,0.0,0.0,400.0,333.0,471.0,334.0,401.0,400.0,470.0,400.0,0,0,0,0,0.0
1355.0,0.0,0.0,400.0,333.0,471.0,334.0,401.0,400.0,470.0,400.0,0,0,0,0,0.0
1355.0,0.0,0.0,400.0,333.0,471.0,333.0,401.0,400.0,470.0,400.0,0,0,0,0,0.0
1355.0,0.0,0.0,400.0,333.0,471.0,334.0,401.0,400.0,470.0,400.0,0,0,0,0,0.0
1355.0,0.0,0.0,400.0,333.0,471.0,334.0,401.0,400.0,470.0,400.0,0,0,0,0,0.0
1355.0,0.0,0.0,320.0,334.0,390.0,335.0,320.0,401.0,389.0,402.0,0,0,0,0,5.0
1355.0,0.0,0.0,320.0,333.0,391.0,335.0,320.0,401.0,390.0,401.0,0,0,0,0,5.0
1355.0,0.0,0.0,320.0,333.0,391.0,335.0,320.0,401.0,390.0,402.0,0,0,0,0,5.0
1355.0,0.0,0.0,320.0,334.0,391.0,335.0,320.0,401.0,390.0,402.0,0,0,0,0,5.0
1365.0,0.0,0.0,320.0,334.0,389.0,335.0,320.0,401.0,389.0,402.0,0,0,0,0,5.0
1355.0,0.0,0.0,320.0,334.0,389.0,335.0,320.0,401.0,389.0,402.0,0,0,0,0,5.0
1355.0,0.0,0.0,320.0,333.0,391.0,335.0,320.0,401.0,390.0,401.0,0,0,0,0,5.0
1355.0,0.0,0.0,402.0,334.0,472.0,335.0,402.0,400.0,470.0,401.0,0,0,0,0,0.0
1355.0,0.0,0.0,408.0,334.0,475.0,335.0,408.0,401.0,474.0,401.0,0,0,0,0,0.0
1355.0,0.0,0.0,408.0,334.0,475.0,335.0,408.0,401.0,474.0,401.0,0,0,0,0,0.0
1355.0,0.0,0.0,408.0,334.0,475.0,335.0,408.0,401.0,474.0,401.0,0,0,0,0,0.0
1365.0,0.0,0.0,407.0,334.0,475.0,335.0,408.0,401.0,474.0,401.0,0,0,0,0,0.0
1365.0,0.0,0.0,407.0,334.0,475.0,335.0,408.0,401.0,474.0,401.0,0,0,0,0,0.0
1355.0,0.0,0.0,407.0,334.0,475.0,335.0,408.0,401.0,474.0,401.0,0,0,0,0,0.0
1355.0,0.0,0.0,504.0,333.0,575.0,333.0,506.0,400.0,574.0,399.0,0,0,0,0,-5.0
1355.0,0.0,0.0,504.0,333.0,575.0,333.0,506.0,400.0,574.0,399.0,0,0,0,0,-5.0
1355.0,0.0,0.0,504.0,333.0,575.0,333.0,505.0,400.0,574.0,400.0,0,0,0,0,-5.0
1365.0,0.0,0.0,504.0,333.0,575.0,333.0,506.0,401.0,574.0,400.0,0,0,0,0,-5.0
1365.0,0.0,0.0,507.0,335.0,576.0,334.0,508.0,400.0,576.0,400.0,0,0,0,0,-5.0
1355.0,0.0,0.0,507.0,335.0,576.0,334.0,508.0,400.0,576.0,400.0,0,0,0,0,-5.0
1355.0,0.0,0.0,507.0,335.0,576.0,334.0,508.0,400.0,576.0,400.0,0,0,0,0,-5.0
1355.0,0.0,0.0,507.0,335.0,576.0,334.0,508.0,400.0,575.0,400.0,0,0,0,0,-5.0
1355.0,0.0,0.0,400.0,333.0,471.0,334.0,401.0,400.0,470.0,400.0,0,0,0,0,0.0
1355.0,0.0,0.0,400.0,333.0,471.0,333.0,401.0,400.0,470.0,400.0,0,0,0,0,0.0
1355.0,0.0,0.0,403.0,334.0,472.0,333.0,404.0,400.0,471.0,400.0,0,0,0,0,0.0
1365.0,0.0,0.0,402.0,334.0,472.0,334.0,404.0,400.0,472.0,400.0,0,0,0,0,0.0
1365.0,0.0,0.0,402.0,334.0,472.0,334.0,404.0,400.0,472.0,400.0,0,0,0,0,0.0
1365.0,0.0,0.0,403.0,335.0,472.0,334.0,404.0,400.0,471.0,400.0,0,0,0,0,0.0
1365.0,0.0,0.0,403.0,334.0,472.0,333.0,404.0,400.0,471.0,400.0,0,0,0,0,0.0
1365.0,0.0,0.0,319.0,334.0,389.0,335.0,320.0,401.0,389.0,402.0,0,0,0,0,5.0
1365.0,0.0,0.0,320.0,334.0,389.0,335.0,319.0,401.0,389.0,402.0,0,0,0,0,5.0
1355.0,0.0,0.0,320.0,334.0,389.0,335.0,319.0,401.0,389.0,402.0,0,0,0,0,5.0
1355.0,0.0,0.0,320.0,333.0,391.0,335.0,320.0,401.0,390.0,401.0,0,0,0,0,5.0
1355.0,0.0,0.0,320.0,334.0,391.0,335.0,320.0,401.0,390.0,402.0,0,0,0,0,5.0
1364.0,0.0,0.0,320.0,333.0,391.0,335.0,320.0,401.0,390.0,402.0,0,0,0,0,5.0
1365.0,0.0,0.0,320.0,334.0,389.0,335.0,320.0,401.0,389.0,402.0,0,0,0,0,5.0
1364.0,0.0,0.0,320.0,334.0,389.0,335.0,320.0,401.0,389.0,402.0,0,0,0,0,5.0
1365.0,0.0,0.0,407.0,334.0,476.0,336.0,408.0,401.0,475.0,401.0,0,0,0,0,0.0
1355.0,0.0,0.0,407.0,334.0,475.0,335.0,408.0,401.0,474.0,401.0,0,0,0,0,0.0
