Range_laser,Range_US,moving
0.0,0.0,0
0.0,0.0,0
658.0,1424.0,0
658.0,1424.0,0
658.0,1424.0,0
658.0,1424.0,0
658.0,1424.0,0
658.0,1424.0,0
668.0,1424.0,0
668.0,1424.0,0
668.0,1424.0,0
668.0,1424.0,0
668.0,1424.0,0
668.0,1424.0,0
668.0,1424.0,0
668.0,1424.0,0
668.0,1424.0,0
668.0,1424.0,0
668.0,1424.0,0
668.0,1422.0,0
658.0,1422.0,0
658.0,1422.0,0
658.0,1422.0,0
658.0,1422.0,0
658.0,1419.0,0
658.0,1419.0,0
658.0,1419.0,0
658.0,1419.0,0
658.0,1419.0,0
658.0,1423.0,0
658.0,1423.0,0
658.0,1423.0,0
658.0,1423.0,0
658.0,1423.0,0
658.0,1423.0,0
658.0,1423.0,0
658.0,1423.0,0
658.0,1423.0,0
658.0,1423.0,0
658.0,1423.0,0
658.0,1424.0,0
658.0,1424.0,0
658.0,1424.0,0
658.0,1424.0,0
668.0,1424.0,0
668.0,1423.0,0
668.0,1423.0,0
668.0,1423.0,0
668.0,1423.0,0
668.0,1423.0,0
668.0,1423.0,0
668.0,1424.0,0
668.0,1424.0,0
668.0,1424.0,0
668.0,1424.0,0
668.0,1424.0,0
658.0,1424.0,0
658.0,1424.0,0
658.0,1424.0,0
658.0,1424.0,0
658.0,1424.0,0
658.0,1424.0,0
668.0,1424.0,0
668.0,1424.0,0
668.0,1424.0,0
668.0,1424.0,0
668.0,1424.0,0
659.0,1423.0,0
659.0,1423.0,0
659.0,1423.0,0
659.0,1423.0,0
659.0,1423.0,0
659.0,1423.0,0
658.0,1423.0,0
658.0,1423.0,0
658.0,1423.0,0
658.0,1423.0,0
658.0,1424.0,0
658.0,1424.0,0
658.0,1424.0,0
658.0,1424.0,0
658.0,1424.0,0
658.0,1424.0,0
658.0,1423.0,0
658.0,1423.0,0
658.0,1423.0,0
658.0,1423.0,0
658.0,1423.0,0
658.0,1422.0,0
658.0,1422.0,0
658.0,1422.0,0
659.0,1422.0,0
659.0,1422.0,0
659.0,1422.0,0
659.0,1423.0,0
659.0,1423.0,0
659.0,1423.0,0
658.0,1423.0,0
658.0,1423.0,0
658.0,1423.0,0
658.0,1423.0,0
658.0,1423.0,0
658.0,1423.0,0
659.0,1423.0,0
659.0,1424.0,0
659.0,1424.0,0
659.0,1424.0,0
659.0,1424.0,0
659.0,1424.0,0
658.0,1424.0,0
658.0,1423.0,0
658.0,1423.0,0
658.0,1423.0,0
658.0,1423.0,0
658.0,1423.0,0
659.0,1424.0,0
659.0,1424.0,0
659.0,1424.0,0
659.0,1424.0,0
659.0,1424.0,0
659.0,1423.0,0
659.0,1423.0,0
668.0,1423.0,0
668.0,1423.0,0
668.0,1423.0,0
668.0,1423.0,0
668.0,1423.0,0
658.0,1423.0,0
658.0,1423.0,0
658.0,1423.0,0
658.0,1423.0,0
658.0,1421.0,0
658.0,1421.0,0
668.0,1421.0,0
668.0,1421.0,0
668.0,1421.0,0
668.0,1424.0,0
668.0,1424.0,0
668.0,1424.0,0
658.0,1424.0,0
658.0,1424.0,0
658.0,1424.0,0
658.0,1419.0,0
658.0,1419.0,0
658.0,1419.0,0
659.0,1419.0,0
659.0,1419.0,0
659.0,1424.0,0
659.0,1424.0,0
659.0,1424.0,0
659.0,1424.0,0
658.0,1424.0,0
658.0,1424.0,0
658.0,1424.0,0
658.0,1424.0,0
658.0,1424.0,0
658.0,1424.0,0
658.0,1424.0,0
658.0,1423.0,0
658.0,1423.0,0
658.0,1423.0,0
658.0,1423.0,0
658.0,1423.0,0
658.0,1423.0,0
658.0,1423.0,0
658.0,1423.0,0
658.0,1423.0,0
658.0,1423.0,0
658.0,1423.0,0
658.0,1423.0,0
658.0,1423.0,0
658.0,1423.0,0
658.0,1423.0,0
658.0,1423.0,0
658.0,1423.0,0
658.0,1423.0,0
658.0,1423.0,0
658.0,1423.0,0
658.0,1423.0,0
658.0,1423.0,0
659.0,1423.0,0
659.0,1423.0,0
659.0,1423.0,0
659.0,100.0,0
659.0,100.0,0
659.0,100.0,0
658.0,100.0,0
658.0,100.0,0
658.0,100.0,0
658.0,100.0,0
658.0,100.0,0
658.0,100.0,0
658.0,100.0,0
658.0,100.0,0
658.0,100.0,0
658.0,100.0,0
658.0,100.0,0
658.0,100.0,0
658.0,100.0,0
658.0,100.0,0
658.0,100.0,0
658.0,100.0,0
658.0,100.0,0
658.0,100.0,0
669.0,100.0,0
669.0,100.0,0
669.0,100.0,0
669.0,100.0,0
669.0,100.0,0
669.0,100.0,0
669.0,100.0,0
669.0,100.0,0
669.0,100.0,0
669.0,100.0,0
669.0,100.0,0
669.0,100.0,0
658.0,100.0,0
658.0,100.0,0
658.0,100.0,0
658.0,100.0,0
658.0,100.0,0
658.0,100.0,0
658.0,1424.0,0
658.0,1424.0,0
658.0,1424.0,0
658.0,1424.0,0
658.0,1424.0,0
658.0,1424.0,0
658.0,1424.0,0
658.0,1424.0,0
658.0,1424.0,0
658.0,1424.0,0
658.0,1424.0,0
658.0,1423.0,0
658.0,1423.0,0
658.0,1423.0,0
658.0,1423.0,0
658.0,1423.0,0
658.0,1423.0,0
658.0,1423.0,0
669.0,1423.0,0
669.0,1423.0,0
669.0,1423.0,0
669.0,1423.0,0
669.0,1424.0,0
669.0,1424.0,0
659.0,1424.0,0
659.0,1424.0,0
659.0,1424.0,0
659.0,1424.0,0
659.0,1424.0,0
659.0,1424.0,0
659.0,1424.0,0
659.0,1424.0,0
659.0,1423.0,0
659.0,1423.0,0
659.0,1423.0,0
659.0,1423.0,0
659.0,1423.0,0
659.0,1423.0,0
659.0,1423.0,0
659.0,1423.0,0
659.0,1423.0,0
659.0,1423.0,0
668.0,1423.0,0
668.0,1423.0,0
668.0,1421.0,0
668.0,1421.0,0
668.0,1421.0,0
668.0,1421.0,1
658.0,4639.0,1
658.0,4639.0,1
658.0,4639.0,1
658.0,4639.0,1
658.0,4639.0,1
658.0,4639.0,1
658.0,1424.0,1
658.0,1424.0,1
658.0,1424.0,1
658.0,1424.0,1
658.0,1424.0,1
658.0,1432.0,1
669.0,1432.0,1
669.0,1432.0,1
669.0,1432.0,1
669.0,1432.0,1
669.0,1432.0,1
679.0,1435.0,1
679.0,1435.0,1
679.0,1435.0,1
679.0,1435.0,1
679.0,1435.0,1
679.0,1435.0,1
669.0,1435.0,1
669.0,1435.0,1
669.0,1435.0,1
669.0,1435.0,1
669.0,1435.0,1
669.0,1435.0,1
669.0,1435.0,1
669.0,1435.0,1
669.0,1435.0,1
669.0,1435.0,1
669.0,1447.0,1
669.0,1447.0,1
679.0,1447.0,1
679.0,1447.0,1
679.0,1447.0,1
679.0,1455.0,1
679.0,1455.0,1
679.0,1455.0,1
689.0,1455.0,1
689.0,1455.0,1
689.0,1461.0,1
689.0,1461.0,1
689.0,1461.0,1
689.0,1461.0,1
689.0,1461.0,1
689.0,1461.0,1
689.0,1471.0,1
689.0,1471.0,1
689.0,1471.0,1
710.0,1471.0,1
710.0,1471.0,1
710.0,1477.0,1
710.0,1477.0,1
710.0,1477.0,1
710.0,1477.0,1
711.0,1477.0,1
711.0,1488.0,1
711.0,1488.0,1
711.0,1488.0,1
711.0,1488.0,1
711.0,1488.0,1
721.0,1488.0,1
721.0,1495.0,1
721.0,1495.0,1
721.0,1495.0,1
721.0,1495.0,1
721.0,1495.0,1
731.0,1505.0,1
731.0,1505.0,1
731.0,1505.0,1
731.0,1505.0,1
731.0,1505.0,1
731.0,1512.0,1
740.0,1512.0,1
740.0,1512.0,1
740.0,1512.0,1
740.0,1512.0,1
740.0,1512.0,1
740.0,1520.0,1
753.0,1520.0,1
753.0,1520.0,1
753.0,1520.0,1
753.0,1520.0,1
753.0,1532.0,1
753.0,1532.0,1
765.0,1532.0,1
765.0,1532.0,1
765.0,1532.0,1
765.0,1538.0,1
765.0,1538.0,1
765.0,1538.0,1
785.0,1538.0,1
785.0,1538.0,1
785.0,1538.0,1
785.0,1549.0,1
785.0,1549.0,1
785.0,1549.0,1
797.0,1549.0,1
797.0,1549.0,1
797.0,1557.0,1
797.0,1557.0,1
797.0,1557.0,1
797.0,1557.0,1
796.0,1557.0,1
796.0,1566.0,1
796.0,1566.0,1
796.0,1566.0,1
796.0,1566.0,1
796.0,1566.0,1
804.0,1566.0,1
804.0,1577.0,1
804.0,1577.0,1
804.0,1577.0,1
804.0,1577.0,1
804.0,1577.0,1
825.0,1583.0,1
825.0,1583.0,1
825.0,1583.0,1
825.0,1583.0,1
825.0,1583.0,1
825.0,1583.0,1
825.0,1594.0,1
825.0,1594.0,1
825.0,1594.0,1
825.0,1594.0,1
825.0,1594.0,1
825.0,1602.0,1
835.0,1602.0,1
835.0,1602.0,1
835.0,1602.0,1
835.0,1602.0,1
835.0,1614.0,1
835.0,1614.0,1
845.0,1614.0,1
845.0,1614.0,1
845.0,1614.0,1
845.0,1614.0,1
845.0,1620.0,1
845.0,1620.0,1
855.0,1620.0,1
855.0,1620.0,1
855.0,1620.0,1
855.0,1627.0,1
855.0,1627.0,1
855.0,1627.0,1
874.0,1627.0,1
874.0,1627.0,1
874.0,1637.0,1
874.0,1637.0,1
874.0,1637.0,1
874.0,1637.0,1
888.0,1637.0,1
888.0,1637.0,1
888.0,1645.0,1
888.0,1645.0,1
888.0,1645.0,1
888.0,1645.0,1
898.0,1645.0,1
898.0,1654.0,1
898.0,1654.0,1
898.0,1654.0,1
898.0,1654.0,1
898.0,1654.0,1
907.0,1665.0,1
907.0,1665.0,1
907.0,1665.0,1
907.0,1665.0,1
907.0,1665.0,1
907.0,1665.0,1
916.0,1673.0,1
916.0,1673.0,1
916.0,1673.0,1
916.0,1673.0,1
916.0,1673.0,1
916.0,1686.0,1
936.0,1686.0,1
936.0,1686.0,1
936.0,1686.0,1
936.0,1686.0,1
936.0,1686.0,1
936.0,1691.0,1
938.0,1691.0,1
938.0,1691.0,1
938.0,1691.0,1
938.0,1691.0,1
938.0,1703.0,1
938.0,1703.0,1
948.0,1703.0,1
948.0,1703.0,1
948.0,1703.0,1
948.0,1709.0,1
948.0,1709.0,1
948.0,1709.0,1
959.0,1709.0,1
959.0,1709.0,1
959.0,1709.0,1
959.0,1715.0,1
959.0,1715.0,1
959.0,1715.0,1
968.0,1715.0,1
968.0,1715.0,1
968.0,1727.0,1
968.0,1727.0,1
968.0,1727.0,1
968.0,1727.0,1
968.0,1727.0,1
968.0,1737.0,1
968.0,1737.0,1
968.0,1737.0,1
968.0,1737.0,1
989.0,1737.0,1
989.0,1737.0,1
989.0,1744.0,1
989.0,1744.0,1
989.0,1744.0,1
989.0,1744.0,1
1000.0,1744.0,1
1000.0,1744.0,1
1000.0,1744.0,1
1000.0,1744.0,1
1000.0,1744.0,1
1000.0,1744.0,1
1012.0,1744.0,1
1012.0,1744.0,1
1012.0,1744.0,1
1012.0,1744.0,1
1012.0,1744.0,1
1012.0,1744.0,0
1000.0,1744.0,0
1000.0,1744.0,0
1000.0,1744.0,0
1000.0,1744.0,0
1000.0,1744.0,0
1000.0,1745.0,0
1012.0,1745.0,0
1012.0,1745.0,0
1012.0,1745.0,0
1012.0,1745.0,0
1012.0,1743.0,0
1012.0,1743.0,0
1012.0,1743.0,0
1012.0,1743.0,0
1012.0,1743.0,0
1012.0,1743.0,0
1012.0,1744.0,0
1012.0,1744.0,0
1012.0,1744.0,0
1012.0,1744.0,0
1012.0,1744.0,0
1012.0,1745.0,0
1012.0,1745.0,0
1012.0,1745.0,0
1000.0,1745.0,0
1000.0,1745.0,0
1000.0,1745.0,0
1000.0,1744.0,0
1000.0,1744.0,0
1000.0,1744.0,0
1000.0,1744.0,0
1000.0,1744.0,0
1000.0,1743.0,0
1000.0,1743.0,0
1000.0,1743.0,0
1000.0,1743.0,0
1000.0,1743.0,0
1000.0,1745.0,0
1000.0,1745.0,0
1000.0,1745.0,0
1000.0,1745.0,0
1000.0,1745.0,0
1012.0,1745.0,0
1012.0,1744.0,0
1012.0,1744.0,0
1012.0,1744.0,0
1012.0,1744.0,0
1012.0,1744.0,0
1012.0,1744.0,0
1012.0,1744.0,0
1012.0,1744.0,0
1012.0,1744.0,0
1012.0,1744.0,0
1012.0,1744.0,0
1000.0,1744.0,0
1000.0,1744.0,0
1000.0,1744.0,0
1000.0,1744.0,0
1000.0,1744.0,0
1000.0,1744.0,0
1000.0,1744.0,0
1000.0,1744.0,0
1000.0,1744.0,0
1000.0,1744.0,0
1000.0,1745.0,0
1000.0,1745.0,0
1000.0,1745.0,0
1000.0,1745.0,0
1000.0,1745.0,0
1000.0,1744.0,0
1000.0,1744.0,0
1000.0,1744.0,0
1012.0,1744.0,0
1012.0,1744.0,0
1012.0,1744.0,0
1012.0,1745.0,0
1012.0,1745.0,0
1012.0,1745.0,0
1014.0,1745.0,0
1014.0,1745.0,0
1014.0,1745.0,0
1014.0,1745.0,0
1014.0,1745.0,0
1014.0,1745.0,0
1001.0,1745.0,0
1001.0,1745.0,0
1001.0,1744.0,0
1001.0,1744.0,0
1001.0,1744.0,0
1001.0,1744.0,0
1001.0,1744.0,0
1001.0,1744.0,0
1001.0,1744.0,0
1001.0,1744.0,0
1001.0,1744.0,0
1001.0,1744.0,0
1001.0,1744.0,0
1001.0,1744.0,0
1001.0,1744.0,0
1001.0,1744.0,0
1001.0,1744.0,0
1001.0,1744.0,0
1014.0,1744.0,0
1014.0,1744.0,0
1014.0,1744.0,0
1014.0,1744.0,0
1014.0,1744.0,0
1014.0,1743.0,0
1001.0,1743.0,0
1001.0,1743.0,0
1001.0,1743.0,0
1001.0,1743.0,0
1001.0,1745.0,0
1001.0,1745.0,0
1014.0,1745.0,0
1014.0,1745.0,0
1014.0,1745.0,0
1014.0,1745.0,0
1014.0,1741.0,0
1014.0,1741.0,0
1001.0,1741.0,0
1001.0,1741.0,0
1001.0,1741.0,0
1001.0,1744.0,0
1001.0,1744.0,0
1001.0,1744.0,0
1001.0,1744.0,0
1001.0,1744.0,0
1001.0,1744.0,0
1001.0,1744.0,0
1001.0,1744.0,0
1001.0,1744.0,0
1001.0,1744.0,0
1001.0,1744.0,0
1001.0,1745.0,0
1001.0,1745.0,0
1001.0,1745.0,0
1001.0,1745.0,0
1001.0,1745.0,0
1001.0,1744.0,0
1001.0,1744.0,0
1001.0,1744.0,0
1001.0,1744.0,0
1001.0,1744.0,0
1001.0,1745.0,0
1001.0,1745.0,0
1001.0,1745.0,0
1001.0,1745.0,0
1001.0,1745.0,0
1001.0,1745.0,0
1001.0,1743.0,0
1001.0,1743.0,0
1001.0,1743.0,0
1001.0,1743.0,0
1001.0,1743.0,0
1001.0,1744.0,0
1014.0,1744.0,0
1014.0,1744.0,0
1014.0,1744.0,0
1014.0,1744.0,0
1014.0,1744.0,0
1014.0,1743.0,0
1002.0,1743.0,0
1002.0,1743.0,0
1002.0,1743.0,0
1002.0,1743.0,0
1002.0,1744.0,0
1002.0,1744.0,0
1002.0,1744.0,0
1002.0,1744.0,0
1002.0,1744.0,0
1002.0,1743.0,0
1002.0,1743.0,0
1002.0,1743.0,0
1016.0,1743.0,0
1016.0,1743.0,0
1016.0,1743.0,0
1016.0,1744.0,0
1016.0,1744.0,0
1016.0,1744.0,0
1002.0,1744.0,0
1002.0,1744.0,0
1002.0,1744.0,0
1002.0,1744.0,0
1002.0,1744.0,0
1002.0,1744.0,0
1002.0,1744.0,0
1002.0,1743.0,0
1002.0,1743.0,0
1002.0,1743.0,0
1002.0,1743.0,0
1002.0,1743.0,0
1015.0,1743.0,1
1015.0,1744.0,1
1015.0,1744.0,1
1015.0,1744.0,1
1015.0,1744.0,1
1015.0,1744.0,1
1002.0,1745.0,1
1002.0,1745.0,1
1002.0,1745.0,1
1002.0,1745.0,1
1002.0,1745.0,1
1002.0,1752.0,1
1002.0,1752.0,1
1002.0,1752.0,1
1002.0,1752.0,1
1002.0,1752.0,1
1002.0,1752.0,1
1002.0,1758.0,1
1015.0,1758.0,1
1015.0,1758.0,1
1015.0,1758.0,1
1015.0,1758.0,1
1015.0,1756.0,1
1015.0,1756.0,1
1025.0,1756.0,1
1025.0,1756.0,1
1025.0,1756.0,1
1025.0,1756.0,1
1025.0,1756.0,1
1025.0,1756.0,1
1015.0,1756.0,1
1015.0,1756.0,1
1015.0,1756.0,1
1015.0,1768.0,1
1015.0,1768.0,1
1015.0,1768.0,1
1025.0,1768.0,1
1025.0,1768.0,1
1025.0,1774.0,1
1025.0,1774.0,1
1025.0,1774.0,1
1025.0,1774.0,1
1036.0,1774.0,1
1036.0,1784.0,1
1036.0,1784.0,1
1036.0,1784.0,1
1036.0,1784.0,1
1036.0,1784.0,1
1047.0,1784.0,1
1047.0,1791.0,1
1047.0,1791.0,1
1047.0,1791.0,1
1047.0,1791.0,1
1047.0,1791.0,1
1048.0,1802.0,1
1048.0,1802.0,1
1048.0,1802.0,1
1048.0,1802.0,1
1048.0,1802.0,1
1048.0,1802.0,1
1068.0,1812.0,1
1068.0,1812.0,1
1068.0,1812.0,1
1068.0,1812.0,1
1068.0,1812.0,1
1068.0,1818.0,1
1078.0,1818.0,1
1078.0,1818.0,1
1078.0,1818.0,1
1078.0,1818.0,1
1078.0,1828.0,1
1078.0,1828.0,1
1089.0,1828.0,1
1089.0,1828.0,1
1089.0,1828.0,1
1089.0,1828.0,1
1089.0,1838.0,1
1089.0,1838.0,1
1101.0,1838.0,1
1101.0,1838.0,1
1101.0,1838.0,1
1101.0,1845.0,1
1101.0,1845.0,1
1101.0,1845.0,1
1111.0,1845.0,1
1111.0,1845.0,1
1111.0,1853.0,1
1111.0,1853.0,1
1111.0,1853.0,1
1111.0,1853.0,1
1122.0,1853.0,1
1122.0,1853.0,1
1122.0,1863.0,1
1122.0,1863.0,1
1122.0,1863.0,1
1122.0,1863.0,1
1132.0,1863.0,1
1132.0,1874.0,1
1132.0,1874.0,1
1132.0,1874.0,1
1132.0,1874.0,1
1132.0,1874.0,1
1132.0,1881.0,1
1132.0,1881.0,1
1132.0,1881.0,1
1132.0,1881.0,1
1132.0,1881.0,1
1132.0,1881.0,1
1141.0,1893.0,1
1141.0,1893.0,1
1141.0,1893.0,1
1141.0,1893.0,1
1141.0,1893.0,1
1141.0,1900.0,1
1151.0,1900.0,1
1151.0,1900.0,1
1151.0,1900.0,1
1151.0,1900.0,1
1151.0,1900.0,1
1151.0,1911.0,1
1172.0,1911.0,1
1172.0,1911.0,1
1172.0,1911.0,1
1172.0,1911.0,1
1172.0,1916.0,1
1172.0,1916.0,1
1173.0,1916.0,1
1173.0,1916.0,1
1173.0,1916.0,1
1173.0,1927.0,1
1173.0,1927.0,1
1173.0,1927.0,1
1192.0,1927.0,1
1192.0,1927.0,1
1192.0,1927.0,1
1192.0,1933.0,1
1192.0,1933.0,1
1192.0,1933.0,1
1193.0,1933.0,1
1193.0,1933.0,1
1193.0,1944.0,1
1193.0,1944.0,1
1193.0,1944.0,1
1193.0,1944.0,1
1204.0,1944.0,1
1204.0,1962.0,1
1204.0,1962.0,1
1204.0,1962.0,1
1204.0,1962.0,1
1204.0,1962.0,1
1224.0,1962.0,1
1224.0,1964.0,1
1224.0,1964.0,1
1224.0,1964.0,1
1224.0,1964.0,1
1224.0,1964.0,1
1235.0,1976.0,1
1235.0,1976.0,1
1235.0,1976.0,1
1235.0,1976.0,1
1235.0,1976.0,1
1235.0,1981.0,1
1245.0,1981.0,1
1245.0,1981.0,1
1245.0,1981.0,1
1245.0,1981.0,1
1245.0,1981.0,1
1245.0,1989.0,1
1255.0,1989.0,1
1255.0,1989.0,1
1255.0,1989.0,1
1255.0,1989.0,1
1255.0,1999.0,1
1255.0,1999.0,1
1264.0,1999.0,1
1264.0,1999.0,1
1264.0,1999.0,1
1264.0,1999.0,1
1264.0,2007.0,1
1264.0,2007.0,1
1285.0,2007.0,1
1285.0,2007.0,1
1285.0,2007.0,1
1285.0,2024.0,1
1285.0,2024.0,1
1285.0,2024.0,1
1285.0,2024.0,1
1285.0,2024.0,1
1285.0,2033.0,1
1285.0,2033.0,1
1285.0,2033.0,1
1285.0,2033.0,1
1285.0,2033.0,1
1285.0,2033.0,1
1285.0,2041.0,1
1285.0,2041.0,1
1285.0,2041.0,1
1285.0,2041.0,1
1295.0,2041.0,1
1295.0,2041.0,1
1295.0,2041.0,1
1295.0,2041.0,1
1295.0,2041.0,1
1295.0,2041.0,1
1307.0,2055.0,1
1307.0,2055.0,1
1307.0,2055.0,1
1307.0,2055.0,1
1307.0,2055.0,1
1307.0,2055.0,1
1329.0,2065.0,1
1329.0,2065.0,1
1329.0,2065.0,1
1329.0,2065.0,1
1329.0,2065.0,1
1329.0,2072.0,1
1340.0,2072.0,1
1340.0,2072.0,1
1340.0,2072.0,1
1340.0,2072.0,1
1340.0,2083.0,1
1340.0,2083.0,1
1340.0,2083.0,1
1340.0,2083.0,1
1340.0,2083.0,1
1340.0,2083.0,1
1340.0,2094.0,1
1340.0,2094.0,1
1351.0,2094.0,1
1351.0,2094.0,1
1351.0,2094.0,1
1351.0,2095.0,1
1351.0,2095.0,1
1351.0,2095.0,1
1362.0,2095.0,1
1362.0,2095.0,1
1362.0,2097.0,1
1362.0,2097.0,1
1362.0,2097.0,1
1362.0,2097.0,0
1362.0,2097.0,0
1362.0,2097.0,0
1362.0,2094.0,0
1362.0,2094.0,0
1362.0,2094.0,0
1362.0,2094.0,0
1362.0,2094.0,0
1362.0,2089.0,0
1362.0,2089.0,0
1362.0,2089.0,0
1362.0,2089.0,0
1362.0,2089.0,1
1362.0,2088.0,1
1362.0,2088.0,1
1362.0,2088.0,1
1362.0,2088.0,1
1362.0,2088.0,1
1362.0,2088.0,0
1362.0,2087.0,0
1362.0,2087.0,0
1362.0,2087.0,0
1362.0,2087.0,0
1362.0,2087.0,0
1362.0,2094.0,1
1362.0,2094.0,1
1362.0,2094.0,1
1362.0,2094.0,1
1362.0,2094.0,1
1362.0,2094.0,1
1362.0,2094.0,1
1362.0,2094.0,1
1362.0,2094.0,1
1362.0,2094.0,1
1362.0,2094.0,1
1362.0,2095.0,1
1362.0,2095.0,1
1362.0,2095.0,1
1362.0,2095.0,1
1362.0,2095.0,1
1362.0,2094.0,1
1362.0,2094.0,1
1362.0,2094.0,1
1362.0,2094.0,1
1362.0,2094.0,1
1362.0,2094.0,1
1362.0,2089.0,1
1362.0,2089.0,1
1362.0,2089.0,1
1362.0,2089.0,1
1362.0,2089.0,1
1362.0,2088.0,1
1362.0,2088.0,1
1362.0,2088.0,1
1362.0,2088.0,1
1362.0,2088.0,1
1362.0,2089.0,1
1362.0,2089.0,1
1362.0,2089.0,1
1362.0,2089.0,1
1362.0,2089.0,1
1362.0,2089.0,1
1362.0,2095.0,1
1362.0,2095.0,1
1362.0,2095.0,1
1362.0,2095.0,1
1362.0,2095.0,1
1362.0,2095.0,1
1362.0,2095.0,1
1362.0,2095.0,1
1362.0,2095.0,1
1362.0,2095.0,1
1362.0,2094.0,1
1362.0,2094.0,1
1362.0,2094.0,1
1362.0,2094.0,1
1362.0,2094.0,1
1362.0,2094.0,1
1362.0,2094.0,1
1362.0,2094.0,1
1362.0,2094.0,1
1362.0,2094.0,1
1362.0,2094.0,1
1362.0,2095.0,1
1362.0,2095.0,1
1362.0,2095.0,1
1362.0,2095.0,1
1362.0,2095.0,1
1362.0,2095.0,1
1362.0,2096.0,1
1362.0,2096.0,1
1362.0,2096.0,1
1362.0,2096.0,1
1362.0,2096.0,1
1362.0,2094.0,1
1362.0,2094.0,1
1362.0,2094.0,1
1362.0,2094.0,1
1362.0,2094.0,1
1362.0,2089.0,1
1362.0,2089.0,1
1362.0,2089.0,1
1362.0,2089.0,1
1362.0,2089.0,1
1362.0,2089.0,1
1362.0,2094.0,1
1362.0,2094.0,1
1362.0,2094.0,1
1362.0,2094.0,1
1362.0,2094.0,1
1362.0,2094.0,1
1362.0,2094.0,1
1362.0,2094.0,1
1362.0,2094.0,1
1362.0,2094.0,1
1362.0,2095.0,1
1362.0,2095.0,1
1362.0,2095.0,1
1362.0,2095.0,1
1362.0,2095.0,1
1362.0,2095.0,1
1362.0,2093.0,1
1362.0,2093.0,1
1362.0,2093.0,1
1362.0,2093.0,1
1362.0,2093.0,1
1362.0,2095.0,1
1362.0,2095.0,1
1362.0,2095.0,1
1362.0,2095.0,1
1362.0,2095.0,1
1362.0,2091.0,1
1362.0,2091.0,1
1362.0,2091.0,1
1362.0,2091.0,1
1362.0,2091.0,1
1362.0,2091.0,1
1362.0,2088.0,1
1362.0,2088.0,1
1362.0,2088.0,1
1362.0,2088.0,1
1362.0,2088.0,1
1362.0,2094.0,1
1362.0,2094.0,1
1362.0,2094.0,1
1362.0,2094.0,1
1362.0,2094.0,1
1362.0,2094.0,1
1362.0,2095.0,1
1362.0,2095.0,1
1362.0,2095.0,1
1362.0,2095.0,1
1362.0,2095.0,1
1362.0,2095.0,1
1362.0,2095.0,1
1362.0,2095.0,1
1362.0,2095.0,1
1362.0,2095.0,1
1362.0,2094.0,1
1362.0,2094.0,1
1362.0,2094.0,1
1362.0,2094.0,1
1362.0,2094.0,1
1362.0,2094.0,1
1362.0,2095.0,1
1362.0,2095.0,1
1362.0,2095.0,1
1362.0,2095.0,1
1362.0,2095.0,1
1362.0,2093.0,1
1362.0,2093.0,1
1362.0,2093.0,1
1362.0,2093.0,1
1362.0,2093.0,1
1362.0,2084.0,1
1362.0,2084.0,1
1362.0,2084.0,1
1362.0,2084.0,1
1362.0,2084.0,1
1362.0,2084.0,1
1362.0,2093.0,1
1362.0,2093.0,1
1362.0,2093.0,1
1362.0,2093.0,1
1362.0,2093.0,1
1362.0,2095.0,1
1362.0,2095.0,1
1362.0,2095.0,1
1362.0,2095.0,1
1362.0,2095.0,1
1362.0,2095.0,1
1362.0,2095.0,1
1362.0,2095.0,1
1362.0,2095.0,1
1362.0,2095.0,1
1362.0,2095.0,1
1362.0,2095.0,1
1362.0,2095.0,1
1362.0,2095.0,1
1362.0,2095.0,1
1362.0,2095.0,1
1362.0,2095.0,1
1362.0,2095.0,1
1362.0,2095.0,1
1362.0,2095.0,1
1362.0,2095.0,1
1362.0,2095.0,1
1362.0,2090.0,1
1362.0,2090.0,1
1362.0,2090.0,1
1362.0,2090.0,1
1362.0,2090.0,1
1362.0,2094.0,1
1362.0,2094.0,1
1362.0,2094.0,1
1362.0,2094.0,1
1362.0,2094.0,1
1362.0,2087.0,1
1362.0,2087.0,1
1362.0,2087.0,1
1362.0,2087.0,1
1362.0,2087.0,1
1362.0,2087.0,1
1363.0,2102.0,1
1363.0,2102.0,1
1363.0,2102.0,1
1363.0,2102.0,1
1363.0,2102.0,1
1363.0,2106.0,1
1372.0,2106.0,1
1372.0,2106.0,1
1372.0,2106.0,1
1372.0,2106.0,1
1372.0,2105.0,1
1372.0,2105.0,1
1373.0,2105.0,1
1373.0,2105.0,1
1373.0,2105.0,1
1373.0,2105.0,1
1373.0,2102.0,1
1373.0,2102.0,1
1373.0,2102.0,1
1373.0,2102.0,1
1373.0,2102.0,1
1373.0,2106.0,1
1373.0,2106.0,1
1373.0,2106.0,1
1373.0,2106.0,1
1373.0,2106.0,1
1373.0,2112.0,1
1373.0,2112.0,1
1373.0,2112.0,1
1373.0,2112.0,1
1384.0,2112.0,1
1384.0,2112.0,1
1384.0,2118.0,1
1384.0,2118.0,1
1384.0,2118.0,1
1384.0,2118.0,1
1384.0,2118.0,1
1384.0,2130.0,1
1384.0,2130.0,1
1384.0,2130.0,1
1384.0,2130.0,1
1384.0,2130.0,1
1384.0,2139.0,1
1384.0,2139.0,1
1384.0,2139.0,1
1384.0,2139.0,1
1384.0,2139.0,1
1384.0,2139.0,1
1414.0,2150.0,1
1414.0,2150.0,1
1414.0,2150.0,1
1414.0,2150.0,1
1414.0,2150.0,1
1414.0,2159.0,1
1415.0,2159.0,1
1415.0,2159.0,1
1415.0,2159.0,1
1415.0,2159.0,1
1415.0,2165.0,1
1415.0,2165.0,1
1425.0,2165.0,1
1425.0,2165.0,1
1425.0,2165.0,1
1425.0,2165.0,1
1425.0,2176.0,1
1425.0,2176.0,1
1438.0,2176.0,1
1438.0,2176.0,1
1438.0,2176.0,1
1438.0,2182.0,1
1438.0,2182.0,1
1438.0,2182.0,1
1437.0,2182.0,1
1437.0,2182.0,1
1437.0,2182.0,1
1437.0,2191.0,1
1437.0,2191.0,1
1437.0,2191.0,1
1460.0,2191.0,1
1460.0,2191.0,1
1460.0,2201.0,1
1460.0,2201.0,1
1460.0,2201.0,1
1460.0,2201.0,1
1470.0,2201.0,1
1470.0,2213.0,1
1470.0,2213.0,1
1470.0,2213.0,1
1470.0,2213.0,1
1470.0,2213.0,1
1481.0,2213.0,1
1481.0,2220.0,1
1481.0,2220.0,1
1481.0,2220.0,1
1481.0,2220.0,1
1481.0,2220.0,1
1481.0,2227.0,1
1481.0,2227.0,1
1481.0,2227.0,1
1481.0,2227.0,1
1481.0,2227.0,1
1481.0,2237.0,1
1492.0,2237.0,1
1492.0,2237.0,1
1492.0,2237.0,1
1492.0,2237.0,1
1492.0,2237.0,1
1492.0,2245.0,1
1514.0,2245.0,1
1514.0,2245.0,1
1514.0,2245.0,1
1514.0,2245.0,1
1514.0,2253.0,1
1514.0,2253.0,1
1524.0,2253.0,1
1524.0,2253.0,1
1524.0,2253.0,1
1524.0,2265.0,1
1524.0,2265.0,1
1524.0,2265.0,1
1535.0,2265.0,1
1535.0,2265.0,1
1535.0,2265.0,1
1535.0,2272.0,1
1535.0,2272.0,1
1535.0,2272.0,1
1535.0,2272.0,1
1535.0,2272.0,1
1535.0,2282.0,1
1535.0,2282.0,1
1535.0,2282.0,1
1535.0,2282.0,1
1535.0,2282.0,1
1535.0,2290.0,1
1535.0,2290.0,1
1535.0,2290.0,1
1535.0,2290.0,1
1535.0,2290.0,1
1556.0,2290.0,1
1556.0,2297.0,1
1556.0,2297.0,1
1556.0,2297.0,1
1556.0,2297.0,1
1556.0,2297.0,1
1567.0,2309.0,1
1567.0,2309.0,1
1567.0,2309.0,1
1567.0,2309.0,1
1567.0,2309.0,1
1567.0,2314.0,1
1577.0,2314.0,1
1577.0,2314.0,1
1577.0,2314.0,1
1577.0,2314.0,1
1577.0,2314.0,1
1577.0,2326.0,1
1589.0,2326.0,1
1589.0,2326.0,1
1589.0,2326.0,1
1589.0,2326.0,1
1589.0,2333.0,1
1589.0,2333.0,1
1599.0,2333.0,1
1599.0,2333.0,1
1599.0,2333.0,1
1599.0,2333.0,1
1599.0,2343.0,1
1599.0,2343.0,1
1619.0,2343.0,1
1619.0,2343.0,1
1619.0,2343.0,1
1619.0,2353.0,1
1619.0,2353.0,1
1619.0,2353.0,1
1619.0,2353.0,1
1619.0,2353.0,1
1619.0,2362.0,1
1619.0,2362.0,1
1619.0,2362.0,1
1619.0,2362.0,1
1630.0,2362.0,1
1630.0,2362.0,1
1630.0,2368.0,1
1630.0,2368.0,1
1630.0,2368.0,1
1630.0,2368.0,1
1641.0,2368.0,1
1641.0,2379.0,1
1641.0,2379.0,1
1641.0,2379.0,1
1641.0,2379.0,1
1641.0,2379.0,1
1652.0,2386.0,1
1652.0,2386.0,1
1652.0,2386.0,1
1652.0,2386.0,1
1652.0,2386.0,1
1652.0,2386.0,1
1673.0,2397.0,1
1673.0,2397.0,1
1673.0,2397.0,1
1673.0,2397.0,1
1673.0,2397.0,1
1673.0,2405.0,1
1673.0,2405.0,1
1673.0,2405.0,1
1673.0,2405.0,1
1673.0,2405.0,1
1673.0,2415.0,1
1673.0,2415.0,1
1683.0,2415.0,1
1683.0,2415.0,1
1683.0,2415.0,1
1683.0,2415.0,1
1683.0,2426.0,1
1683.0,2426.0,1
1694.0,2426.0,1
1694.0,2426.0,1
1694.0,2426.0,1
1694.0,2430.0,1
1694.0,2430.0,1
1694.0,2430.0,1
1704.0,2430.0,1
1704.0,2430.0,1
1704.0,2430.0,1
1704.0,2432.0,1
1704.0,2432.0,1
1704.0,2432.0,1
1715.0,2432.0,1
1715.0,2432.0,1
1715.0,2433.0,1
1715.0,2433.0,1
1715.0,2433.0,1
1715.0,2433.0,0
1715.0,2433.0,0
1715.0,2432.0,0
1715.0,2432.0,0
1715.0,2432.0,0
1715.0,2432.0,0
1715.0,2432.0,0
1715.0,2432.0,0
1715.0,2433.0,0
1715.0,2433.0,0
1715.0,2433.0,0
1715.0,2433.0,0
1715.0,2433.0,0
1715.0,2431.0,0
1715.0,2431.0,0
1715.0,2431.0,0
1715.0,2431.0,0
1715.0,2431.0,0
1715.0,2431.0,0
1715.0,2431.0,0
1715.0,2431.0,0
1715.0,2431.0,0
1715.0,2431.0,0
1715.0,2431.0,0
1715.0,2432.0,0
1715.0,2432.0,0
1715.0,2432.0,0
1715.0,2432.0,0
1715.0,2432.0,0
1715.0,2433.0,0
1715.0,2433.0,0
1715.0,2433.0,0
1715.0,2433.0,0
1715.0,2433.0,0
1715.0,2432.0,0
1715.0,2432.0,0
1715.0,2432.0,0
1715.0,2432.0,0
1715.0,2432.0,0
1715.0,2432.0,0
1715.0,2432.0,0
1715.0,2432.0,0
1715.0,2432.0,0
1715.0,2432.0,0
1715.0,2432.0,0
1715.0,2432.0,0
1715.0,2432.0,0
1715.0,2432.0,0
1715.0,2432.0,0
1715.0,2432.0,0
1715.0,2433.0,0
1715.0,2433.0,0
1715.0,2433.0,0
1715.0,2433.0,0
1715.0,2433.0,0
1715.0,2433.0,0
1715.0,2432.0,0
1715.0,2432.0,0
1715.0,2432.0,0
1715.0,2432.0,0
1715.0,2432.0,0
1715.0,2433.0,0
1715.0,2433.0,0
1715.0,2433.0,0
1715.0,2433.0,0
1715.0,2433.0,0
1715.0,2433.0,0
1715.0,2433.0,0
1715.0,2433.0,0
1715.0,2433.0,0
1715.0,2433.0,0
1715.0,2433.0,0
1715.0,2433.0,0
1715.0,2433.0,0
1715.0,2433.0,0
1715.0,2433.0,0
1715.0,2433.0,0
1715.0,2435.0,0
1715.0,2435.0,0
1715.0,2435.0,0
1715.0,2435.0,0
1715.0,2435.0,0
1715.0,2435.0,0
1715.0,2432.0,0
1715.0,2432.0,0
1715.0,2432.0,0
1715.0,2432.0,0
1715.0,2432.0,0
1715.0,2432.0,0
1715.0,2432.0,0
1715.0,2432.0,0
1715.0,2432.0,0
1715.0,2432.0,0
1715.0,2433.0,0
1715.0,2433.0,0
1715.0,2433.0,0
1715.0,2433.0,0
1715.0,2433.0,0
1715.0,2433.0,0
1715.0,2432.0,0
1715.0,2432.0,0
1715.0,2432.0,0
1715.0,2432.0,0
1715.0,2432.0,0
1715.0,2432.0,0
1715.0,2432.0,0
1715.0,2432.0,0
1715.0,2432.0,0
1715.0,2432.0,0
1715.0,2433.0,0
1715.0,2433.0,0
1715.0,2433.0,0
1715.0,2433.0,0
1715.0,2433.0,0
1715.0,2433.0,0
1715.0,2432.0,0
1715.0,2432.0,0
1715.0,2432.0,0
1715.0,2432.0,0
1715.0,2432.0,0
1715.0,2434.0,0
1715.0,2434.0,0
1715.0,2434.0,0
1715.0,2434.0,0
1715.0,2434.0,0
1715.0,2432.0,0
1726.0,2432.0,0
1726.0,2432.0,0
1726.0,2432.0,0
1726.0,2432.0,0
1726.0,2432.0,0
1726.0,2432.0,0
1715.0,2432.0,0
1715.0,2432.0,0
1715.0,2432.0,0
1715.0,2432.0,0
1715.0,2432.0,0
1715.0,2432.0,0
1715.0,2432.0,0
1715.0,2432.0,0
1715.0,2432.0,0
1715.0,2432.0,0
1715.0,2432.0,0
1715.0,2432.0,0
1715.0,2432.0,0
1715.0,2432.0,0
1715.0,2432.0,0
1715.0,2432.0,0
1715.0,2432.0,0
1715.0,2432.0,0
1715.0,2432.0,0
1715.0,2432.0,0
1715.0,2433.0,0
1715.0,2433.0,0
1715.0,2433.0,0
1715.0,2433.0,0
1715.0,2433.0,0
1715.0,2433.0,0
1715.0,2433.0,0
1715.0,2433.0,0
1715.0,2433.0,0
1714.0,2433.0,0
1714.0,2433.0,0
1714.0,2433.0,0
1714.0,2433.0,0
1714.0,2433.0,0
1714.0,2433.0,0
1715.0,2433.0,0
1715.0,2432.0,0
1715.0,2432.0,0
1715.0,2432.0,0
1715.0,2432.0,0
1715.0,2432.0,0
1715.0,2432.0,0
1715.0,2433.0,0
1715.0,2433.0,0
1715.0,2433.0,0
1715.0,2433.0,0
1715.0,2433.0,0
1715.0,2433.0,0
1715.0,2433.0,0
1715.0,2433.0,0
1715.0,2433.0,0
1715.0,2433.0,0
1715.0,2433.0,0
1715.0,2433.0,0
1715.0,2433.0,0
1715.0,2433.0,0
1715.0,2433.0,0
1715.0,2433.0,0
1715.0,2433.0,1
1715.0,2433.0,1
1715.0,2433.0,1
1715.0,2433.0,1
1715.0,2433.0,1
1715.0,2432.0,1
1715.0,2432.0,1
1715.0,2432.0,1
1715.0,2432.0,1
1715.0,2432.0,1
1715.0,2432.0,1
1715.0,2439.0,1
1715.0,2439.0,1
1715.0,2439.0,1
1715.0,2439.0,1
1715.0,2439.0,1
1715.0,2445.0,1
1715.0,2445.0,1
1715.0,2445.0,1
1715.0,2445.0,1
1715.0,2445.0,1
1715.0,2442.0,1
1715.0,2442.0,1
1715.0,2442.0,1
1715.0,2442.0,0
1715.0,2442.0,0
1726.0,2442.0,0
1726.0,2444.0,0
1726.0,2444.0,0
1726.0,2444.0,0
1726.0,2444.0,0
1726.0,2444.0,0
1726.0,2445.0,0
1726.0,2445.0,0
1726.0,2445.0,0
1726.0,2445.0,0
1726.0,2445.0,1
1726.0,2444.0,1
1726.0,2444.0,1
1726.0,2444.0,1
1726.0,2444.0,1
1726.0,2444.0,1
1726.0,2444.0,1
1726.0,2451.0,1
1726.0,2451.0,1
1726.0,2451.0,1
1726.0,2451.0,1
1726.0,2451.0,1
1726.0,2462.0,1
1736.0,2462.0,1
1736.0,2462.0,1
1736.0,2462.0,1
1736.0,2462.0,1
1736.0,2469.0,1
1736.0,2469.0,1
1745.0,2469.0,1
1745.0,2469.0,1
1745.0,2469.0,1
1745.0,2469.0,1
1745.0,2479.0,1
1745.0,2479.0,1
1756.0,2479.0,1
1756.0,2479.0,1
1756.0,2479.0,1
1756.0,2488.0,1
1756.0,2488.0,1
1756.0,2488.0,1
1765.0,2488.0,1
1765.0,2488.0,1
1765.0,2488.0,1
1765.0,2500.0,1
1765.0,2500.0,1
1765.0,2500.0,1
1777.0,2500.0,1
1777.0,2500.0,1
1777.0,2504.0,1
1777.0,2504.0,1
1777.0,2504.0,1
1777.0,2504.0,1
1787.0,2504.0,1
1787.0,2515.0,1
1787.0,2515.0,1
1787.0,2515.0,1
1787.0,2515.0,1
1787.0,2515.0,1
1807.0,2515.0,1
1807.0,2528.0,1
1807.0,2528.0,1
1807.0,2528.0,1
1807.0,2528.0,1
1807.0,2528.0,1
1807.0,2533.0,1
1807.0,2533.0,1
1807.0,2533.0,1
1807.0,2533.0,1
1807.0,2533.0,1
1807.0,2545.0,1
1827.0,2545.0,1
1827.0,2545.0,1
1827.0,2545.0,1
1827.0,2545.0,1
1827.0,2545.0,1
1827.0,2551.0,1
1827.0,2551.0,1
1827.0,2551.0,1
1827.0,2551.0,1
1827.0,2551.0,1
1827.0,2551.0,1
1827.0,2551.0,1
1837.0,2551.0,1
1837.0,2551.0,1
1837.0,2558.0,1
1837.0,2558.0,1
1837.0,2558.0,1
1837.0,2558.0,1
1847.0,2558.0,1
1847.0,100.0,1
1847.0,100.0,1
1847.0,100.0,1
1847.0,100.0,1
1847.0,100.0,1
1868.0,100.0,1
1868.0,100.0,1
1868.0,100.0,1
1868.0,100.0,1
1868.0,100.0,1
1868.0,100.0,1
1868.0,100.0,1
1868.0,100.0,1
1868.0,100.0,1
1868.0,100.0,1
1868.0,100.0,1
1868.0,100.0,1
1877.0,100.0,1
1877.0,100.0,1
1877.0,100.0,1
1877.0,100.0,1
1877.0,100.0,1
1877.0,100.0,1
1886.0,100.0,1
1886.0,100.0,1
1886.0,100.0,1
1886.0,100.0,1
1886.0,100.0,1
1886.0,100.0,1
1907.0,2677.0,1
1907.0,2677.0,1
1907.0,2677.0,1
1907.0,2677.0,1
1907.0,2677.0,1
1916.0,2633.0,1
1916.0,2633.0,1
1916.0,2633.0,1
1916.0,2633.0,1
1916.0,2633.0,1
1916.0,2640.0,1
1926.0,2640.0,1
1926.0,2640.0,1
1926.0,2640.0,1
1926.0,2640.0,1
1926.0,2640.0,1
1926.0,2647.0,1
1936.0,2647.0,1
1936.0,2647.0,1
1936.0,2647.0,1
1936.0,2647.0,1
1936.0,2652.0,1
1936.0,2652.0,1
1947.0,2652.0,1
1947.0,2652.0,1
1947.0,2652.0,1
1947.0,2660.0,1
1947.0,2660.0,1
1947.0,2660.0,1
1947.0,2660.0,1
1947.0,2660.0,1
1947.0,2660.0,1
1947.0,2672.0,1
1947.0,2672.0,1
1947.0,2672.0,1
1967.0,2672.0,1
1967.0,2672.0,1
1967.0,2688.0,1
1967.0,2688.0,1
1967.0,2688.0,1
1967.0,2688.0,1
1977.0,2688.0,1
1977.0,2694.0,1
1977.0,2694.0,1
1977.0,2694.0,1
1977.0,2694.0,1
1977.0,2694.0,1
1988.0,2694.0,1
1988.0,2705.0,1
1988.0,2705.0,1
1988.0,2705.0,1
1988.0,2705.0,1
1988.0,2705.0,1
1998.0,2712.0,1
1998.0,2712.0,1
1998.0,2712.0,1
1998.0,2712.0,1
1998.0,2712.0,1
1998.0,2723.0,1
2009.0,2723.0,1
2009.0,2723.0,1
2009.0,2723.0,1
2009.0,2723.0,1
2009.0,2723.0,1
2009.0,2729.0,1
2021.0,2729.0,1
2021.0,2729.0,1
2021.0,2729.0,1
2021.0,2729.0,1
2021.0,2741.0,1
2021.0,2741.0,1
2029.0,2741.0,1
2029.0,2741.0,1
2029.0,2741.0,1
2029.0,2741.0,1
2029.0,2747.0,1
2029.0,2747.0,1
2040.0,2747.0,1
2040.0,2747.0,1
2040.0,2747.0,1
2040.0,2759.0,1
2040.0,2759.0,1
2040.0,2759.0,1
2050.0,2759.0,1
2050.0,2759.0,1
2050.0,2764.0,1
2050.0,2764.0,1
2050.0,2764.0,1
2050.0,2764.0,1
2051.0,2764.0,1
2051.0,2764.0,1
2051.0,2761.0,1
2051.0,2761.0,1
2051.0,2761.0,1
2051.0,2761.0,0
2061.0,2761.0,0
2061.0,2760.0,0
2061.0,2760.0,0
2061.0,2760.0,0
2061.0,2760.0,0
2061.0,2760.0,0
2061.0,2759.0,0
2061.0,2759.0,0
2061.0,2759.0,0
2061.0,2759.0,0
2061.0,2759.0,0
2061.0,2759.0,0
2061.0,2759.0,0
2061.0,2759.0,0
2061.0,2759.0,0
2061.0,2759.0,0
2061.0,2759.0,0
2061.0,2765.0,0
2061.0,2765.0,0
2061.0,2765.0,0
2061.0,2765.0,0
2061.0,2765.0,0
2061.0,2764.0,0
2061.0,2764.0,0
2061.0,2764.0,0
2061.0,2764.0,0
2061.0,2764.0,0
2061.0,2764.0,0
2061.0,2765.0,0
2061.0,2765.0,0
2062.0,2765.0,0
2062.0,2765.0,0
2062.0,2765.0,0
2062.0,2759.0,0
2062.0,2759.0,0
2061.0,2759.0,0
2061.0,2759.0,0
2061.0,2759.0,0
2061.0,2759.0,0
2061.0,2759.0,0
2061.0,2759.0,0
2061.0,2759.0,0
2061.0,2759.0,0
2061.0,2759.0,0
2061.0,2760.0,0
2061.0,2760.0,0
2061.0,2760.0,0
2061.0,2760.0,0
2061.0,2760.0,0
2061.0,2758.0,0
2061.0,2758.0,0
2061.0,2758.0,0
2061.0,2758.0,0
2061.0,2758.0,0
2061.0,2758.0,0
2061.0,2759.0,0
2061.0,2759.0,0
2061.0,2759.0,0
2061.0,2759.0,0
2061.0,2759.0,0
2061.0,2760.0,0
2061.0,2760.0,0
2061.0,2760.0,0
2061.0,2760.0,0
2061.0,2760.0,0
2061.0,2760.0,0
2061.0,2760.0,0
2061.0,2760.0,0
2061.0,2760.0,0
2061.0,2760.0,0
2061.0,2760.0,0
2051.0,2759.0,0
2051.0,2759.0,0
2051.0,2759.0,0
2051.0,2759.0,0
2051.0,2759.0,0
2062.0,2760.0,0
2062.0,2760.0,0
2062.0,2760.0,0
2062.0,2760.0,0
2062.0,2760.0,0
2062.0,2759.0,0
2062.0,2759.0,0
2062.0,2759.0,0
2062.0,2759.0,0
2062.0,2759.0,0
2062.0,2759.0,0
2062.0,2759.0,0
2062.0,2759.0,0
2062.0,2759.0,0
2062.0,2759.0,0
2062.0,2759.0,0
2062.0,2760.0,0
2062.0,2760.0,0
2062.0,2760.0,0
2062.0,2760.0,0
2062.0,2760.0,0
2062.0,2765.0,0
2062.0,2765.0,0
2062.0,2765.0,0
2062.0,2765.0,0
2062.0,2765.0,0
2062.0,2765.0,0
2062.0,2761.0,0
2062.0,2761.0,0
2062.0,2761.0,0
2062.0,2761.0,0
2062.0,2761.0,0
2062.0,2760.0,0
2062.0,2760.0,0
2062.0,2760.0,0
2062.0,2760.0,0
2062.0,2760.0,0
2062.0,2760.0,0
2062.0,2760.0,0
2062.0,2760.0,0
2062.0,2760.0,0
2062.0,2760.0,0
2062.0,2760.0,0
2062.0,2760.0,0
2062.0,2760.0,0
2063.0,2760.0,0
2063.0,2760.0,0
2063.0,2760.0,0
2062.0,2758.0,0
2062.0,2758.0,0
2062.0,2758.0,0
2062.0,2758.0,0
2062.0,2758.0,0
2062.0,2758.0,0
2062.0,2759.0,0
2063.0,2759.0,0
2063.0,2759.0,0
2063.0,2759.0,0
2063.0,2759.0,0
2063.0,2760.0,0
2062.0,2760.0,0
2062.0,2760.0,0
2062.0,2760.0,0
2062.0,2760.0,0
2062.0,2764.0,0
2062.0,2764.0,0
2062.0,2764.0,0
2062.0,2764.0,0
2062.0,2764.0,0
2062.0,2764.0,0
2062.0,2761.0,0
2062.0,2761.0,0
2062.0,2761.0,0
2062.0,2761.0,0
2062.0,2761.0,0
2062.0,2760.0,0
2062.0,2760.0,0
2062.0,2760.0,0
2062.0,2760.0,0
2062.0,2760.0,0
2062.0,2760.0,0
2062.0,2760.0,0
2062.0,2760.0,0
2062.0,2760.0,0
2062.0,2760.0,0
2062.0,5430.0,0
2062.0,5430.0,0
2062.0,5430.0,0
2062.0,5430.0,0
2062.0,5430.0,0
2062.0,5430.0,0
2062.0,2759.0,0
2062.0,2759.0,0
2062.0,2759.0,0
2062.0,2759.0,0
2062.0,2759.0,1
2051.0,2759.0,1
2051.0,2760.0,1
2051.0,2760.0,1
2051.0,2760.0,1
2051.0,2760.0,1
2051.0,2760.0,1
2051.0,2765.0,1
2051.0,2765.0,1
2062.0,2765.0,1
2062.0,2765.0,1
2062.0,2765.0,1
2062.0,2771.0,1
2062.0,2771.0,1
2062.0,2771.0,1
2062.0,2771.0,1
2062.0,2771.0,1
2062.0,2776.0,1
2062.0,2776.0,1
2062.0,2776.0,1
2062.0,2776.0,1
2062.0,2776.0,1
2062.0,2776.0,1
2062.0,2771.0,1
2062.0,2771.0,1
2073.0,2771.0,1
2073.0,2771.0,1
2073.0,2771.0,1
2073.0,2771.0,1
2073.0,2771.0,1
2073.0,2771.0,1
2073.0,2771.0,1
2073.0,2771.0,1
2073.0,2771.0,1
2073.0,2777.0,1
2073.0,2777.0,1
2073.0,2777.0,1
2062.0,2777.0,1
2062.0,2777.0,1
2062.0,2783.0,1
2062.0,2783.0,1
2062.0,2783.0,1
2062.0,2783.0,1
2073.0,2783.0,1
2073.0,2794.0,1
2073.0,2794.0,1
2073.0,2794.0,1
2073.0,2794.0,1
2073.0,2794.0,1
2083.0,2794.0,1
2083.0,2812.0,1
2083.0,2812.0,1
2083.0,2812.0,1
2083.0,2812.0,1
2083.0,2812.0,1
2094.0,2813.0,1
2094.0,2813.0,1
2094.0,2813.0,1
2094.0,2813.0,1
2094.0,2813.0,1
2094.0,2825.0,1
2105.0,2825.0,1
2105.0,2825.0,1
2105.0,2825.0,1
2105.0,2825.0,1
2105.0,2825.0,1
2105.0,2830.0,1
2115.0,2830.0,1
2115.0,2830.0,1
2115.0,2830.0,1
2115.0,2830.0,1
2115.0,2837.0,1
2115.0,2837.0,1
2125.0,2837.0,1
2125.0,2837.0,1
2125.0,2837.0,1
2125.0,2847.0,1
2125.0,2847.0,1
2125.0,2847.0,1
2136.0,2847.0,1
2136.0,2847.0,1
2136.0,2847.0,1
2136.0,2866.0,1
2136.0,2866.0,1
2136.0,2866.0,1
2156.0,2866.0,1
2156.0,2866.0,1
2156.0,2870.0,1
2156.0,2870.0,1
2156.0,2870.0,1
2156.0,2870.0,1
2156.0,2870.0,1
2156.0,2870.0,1
2156.0,2876.0,1
2156.0,2876.0,1
2156.0,2876.0,1
2156.0,2876.0,1
2166.0,2876.0,1
2166.0,2886.0,1
2166.0,2886.0,1
2166.0,2886.0,1
2166.0,2886.0,1
2166.0,2886.0,1
2166.0,2891.0,1
2166.0,2891.0,1
2166.0,2891.0,1
2166.0,2891.0,1
2166.0,2891.0,1
2166.0,2891.0,1
2187.0,2903.0,1
2187.0,2903.0,1
2187.0,2903.0,1
2187.0,2903.0,1
2187.0,2903.0,1
2187.0,2914.0,1
2197.0,2914.0,1
2197.0,2914.0,1
2197.0,2914.0,1
2197.0,2914.0,1
2197.0,2925.0,1
2197.0,2925.0,1
2207.0,2925.0,1
2207.0,2925.0,1
2207.0,2925.0,1
2207.0,2925.0,1
2207.0,2937.0,1
2207.0,2937.0,1
2218.0,2937.0,1
2218.0,2937.0,1
2218.0,2937.0,1
2218.0,2938.0,1
2218.0,2938.0,1
2218.0,2938.0,1
2227.0,2938.0,1
2227.0,2938.0,1
2227.0,2938.0,1
2227.0,2948.0,1
2227.0,2948.0,1
2227.0,2948.0,1
2238.0,2948.0,1
2238.0,2948.0,1
2238.0,2957.0,1
2238.0,2957.0,1
2238.0,2957.0,1
2238.0,2957.0,1
2259.0,2957.0,1
2259.0,2963.0,1
2259.0,2963.0,1
2259.0,2963.0,1
2259.0,2963.0,1
2259.0,2963.0,1
2269.0,2973.0,1
2269.0,2973.0,1
2269.0,2973.0,1
2269.0,2973.0,1
2269.0,2973.0,1
2269.0,2973.0,1
2280.0,2980.0,1
2280.0,2980.0,1
2280.0,2980.0,1
2280.0,2980.0,1
2280.0,2980.0,1
2280.0,2991.0,1
2290.0,2991.0,1
2290.0,2991.0,1
2290.0,2991.0,1
2290.0,2991.0,1
2290.0,2991.0,1
2290.0,3003.0,1
2299.0,3003.0,1
2299.0,3003.0,1
2299.0,3003.0,1
2299.0,3003.0,1
2299.0,3008.0,1
2299.0,3008.0,1
2299.0,3008.0,1
2299.0,3008.0,1
2299.0,3008.0,1
2299.0,3012.0,1
2299.0,3012.0,1
2310.0,3012.0,1
2310.0,3012.0,1
2310.0,3012.0,1
2310.0,3012.0,1
2310.0,3023.0,1
2310.0,3023.0,1
2320.0,3023.0,1
2320.0,3023.0,1
2320.0,3023.0,1
2320.0,3032.0,1
2320.0,3032.0,1
2320.0,3032.0,1
2330.0,3032.0,1
2330.0,3032.0,1
2330.0,3044.0,1
2330.0,3044.0,1
2330.0,3044.0,1
2330.0,3044.0,1
2330.0,3044.0,1
2330.0,3044.0,1
2330.0,3056.0,1
2330.0,3056.0,1
2330.0,3056.0,1
2330.0,3056.0,1
2341.0,3056.0,1
2341.0,3068.0,1
2341.0,3068.0,1
2341.0,3068.0,1
2341.0,3068.0,1
2341.0,3068.0,1
2362.0,3075.0,1
2362.0,3075.0,1
2362.0,3075.0,1
2362.0,3075.0,1
2362.0,3075.0,1
2362.0,3075.0,1
2374.0,3079.0,1
2374.0,3079.0,1
2374.0,3079.0,1
2374.0,3079.0,1
2374.0,3079.0,1
2374.0,3086.0,1
2383.0,3086.0,1
2383.0,3086.0,1
2383.0,3086.0,1
2383.0,3086.0,1
2383.0,3086.0,1
2383.0,3097.0,1
2395.0,3097.0,1
2395.0,3097.0,1
2395.0,3097.0,1
2395.0,3097.0,1
2395.0,3103.0,1
2395.0,3103.0,1
2395.0,3103.0,1
2395.0,3103.0,1
2395.0,3103.0,1
2395.0,3120.0,1
2395.0,3120.0,1
2395.0,3120.0,1
2426.0,3120.0,1
2426.0,3120.0,1
2426.0,3120.0,1
2426.0,3127.0,1
2426.0,3127.0,1
2426.0,3127.0,1
2427.0,3127.0,1
2427.0,3127.0,1
2427.0,3138.0,1
2427.0,3138.0,1
2427.0,3138.0,1
2427.0,3138.0,1
2437.0,3138.0,1
2437.0,3144.0,1
2437.0,3144.0,1
2437.0,3144.0,1
2437.0,3144.0,1
2437.0,3144.0,1
2437.0,3144.0,1
2437.0,3152.0,1
2437.0,3152.0,1
2437.0,3152.0,1
2437.0,3152.0,1
2437.0,3152.0,1
2447.0,3163.0,1
2447.0,3163.0,1
2447.0,3163.0,1
2447.0,3163.0,1
2447.0,3163.0,1
2447.0,3167.0,1
2459.0,3167.0,1
2459.0,3167.0,1
2459.0,3167.0,1
2459.0,3167.0,1
2459.0,3167.0,1
2459.0,3177.0,1
2469.0,3177.0,1
2469.0,3177.0,1
2469.0,3177.0,1
2469.0,3177.0,1
2469.0,3188.0,1
2469.0,3188.0,1
2480.0,3188.0,1
2480.0,3188.0,1
2480.0,3188.0,1
2480.0,3189.0,1
2480.0,3189.0,1
2480.0,3189.0,1
2492.0,3189.0,1
2492.0,3189.0,1
2492.0,3189.0,1
2492.0,3191.0,1
2492.0,3191.0,1
2492.0,3191.0,1
2492.0,3191.0,1
2492.0,3191.0,1
2492.0,3191.0,1
2492.0,3191.0,1
2492.0,3191.0,1
2492.0,3191.0,0
2491.0,3191.0,0
2491.0,3191.0,0
2491.0,3187.0,0
2491.0,3187.0,0
2491.0,3187.0,0
2491.0,3187.0,0
2491.0,3187.0,0
2491.0,3180.0,0
2491.0,3180.0,0
2491.0,3180.0,0
2491.0,3180.0,0
2491.0,3180.0,0
2491.0,3187.0,0
2491.0,3187.0,0
2491.0,3187.0,0
2491.0,3187.0,0
2491.0,3187.0,0
2491.0,3187.0,0
2491.0,3187.0,0
2491.0,3186.0,0
2491.0,3186.0,0
2491.0,3186.0,0
2491.0,3186.0,0
2491.0,3186.0,0
2492.0,100.0,0
2492.0,100.0,0
2492.0,100.0,0
2492.0,100.0,0
2492.0,100.0,0
2492.0,54.0,0
2492.0,54.0,0
2492.0,54.0,0
2492.0,54.0,0
2492.0,54.0,0
2492.0,3186.0,0
2492.0,3186.0,0
2491.0,3186.0,0
2491.0,3186.0,0
2491.0,3186.0,0
2491.0,3186.0,0
2491.0,3186.0,0
2491.0,3186.0,0
2491.0,3186.0,0
2491.0,3186.0,0
2491.0,3180.0,0
2491.0,3180.0,0
2491.0,3180.0,0
2491.0,3180.0,0
2491.0,3180.0,0
2491.0,3180.0,0
2491.0,3179.0,0
2491.0,3179.0,0
2491.0,3179.0,0
2491.0,3179.0,0
2502.0,3179.0,0
2502.0,3191.0,0
2502.0,3191.0,0
2502.0,3191.0,0
2502.0,3191.0,0
2502.0,3191.0,0
2491.0,3191.0,0
2491.0,3191.0,0
2491.0,3191.0,0
2491.0,3191.0,0
2491.0,3191.0,0
2491.0,3191.0,0
2491.0,3188.0,0
2491.0,3188.0,0
2491.0,3188.0,0
2491.0,3188.0,0
2491.0,3188.0,0
2491.0,3187.0,0
2492.0,3187.0,0
2492.0,3187.0,0
2492.0,3187.0,0
2492.0,3187.0,0
2492.0,3187.0,0
2492.0,3187.0,0
2502.0,3187.0,0
2502.0,3187.0,0
2502.0,3187.0,0
2502.0,3187.0,0
2502.0,3186.0,0
2502.0,3186.0,0
2491.0,3186.0,0
2491.0,3186.0,0
2491.0,3186.0,0
2491.0,3179.0,0
2491.0,3179.0,0
2491.0,3179.0,0
2491.0,3179.0,0
2491.0,3179.0,0
2491.0,3179.0,0
2491.0,3186.0,0
2491.0,3186.0,0
2491.0,3186.0,0
2502.0,3186.0,0
2502.0,3186.0,0
2502.0,3191.0,0
2502.0,3191.0,0
2502.0,3191.0,0
2502.0,3191.0,0
2491.0,3191.0,0
2491.0,3186.0,0
2491.0,3186.0,0
2491.0,3186.0,0
2491.0,3186.0,0
2491.0,3186.0,0
2491.0,3186.0,0
2491.0,3187.0,0
2491.0,3187.0,0
2491.0,3187.0,0
2491.0,3187.0,0
2491.0,3187.0,0
2491.0,3188.0,0
2491.0,3188.0,0
2491.0,3188.0,0
2491.0,3188.0,0
2491.0,3188.0,0
2491.0,3179.0,0
2491.0,3179.0,0
2491.0,3179.0,0
2491.0,3179.0,0
2491.0,3179.0,0
2491.0,3179.0,0
2491.0,3179.0,0
2491.0,3179.0,0
2491.0,3179.0,0
2491.0,3179.0,0
2491.0,3179.0,0
2491.0,3186.0,0
2491.0,3186.0,0
2491.0,3186.0,0
2491.0,3186.0,0
2491.0,3186.0,0
2491.0,3186.0,0
2491.0,3188.0,0
2491.0,3188.0,0
2491.0,3188.0,0
2491.0,3188.0,0
2491.0,3188.0,0
2491.0,3187.0,0
2491.0,3187.0,0
2491.0,3187.0,0
2491.0,3187.0,0
2491.0,3187.0,0
2491.0,3186.0,0
2491.0,3186.0,0
2491.0,3186.0,0
2491.0,3186.0,0
2491.0,3186.0,0
2491.0,3186.0,0
2491.0,3188.0,0
2491.0,3188.0,0
2491.0,3188.0,0
2491.0,3188.0,0
2491.0,3188.0,0
2491.0,3183.0,0
2491.0,3183.0,0
2491.0,3183.0,0
2491.0,3183.0,0
2491.0,3183.0,0
2491.0,3182.0,0
2491.0,3182.0,0
2491.0,3182.0,0
2491.0,3182.0,0
2491.0,3182.0,0
2491.0,3182.0,0
2491.0,3179.0,0
2491.0,3179.0,0
2491.0,3179.0,0
2491.0,3179.0,0
2491.0,3179.0,0
2491.0,3186.0,0
2491.0,3186.0,0
2491.0,3186.0,0
2491.0,3186.0,0
2491.0,3186.0,0
2491.0,3185.0,0
2491.0,3185.0,0
2491.0,3185.0,0
2491.0,3185.0,0
2491.0,3185.0,0
2491.0,3185.0,0
2491.0,3186.0,0
2492.0,3186.0,0
2492.0,3186.0,0
2492.0,3186.0,0
2492.0,3186.0,0
2492.0,3186.0,0
2492.0,3186.0,0
2492.0,3186.0,0
2492.0,3186.0,0
2492.0,3186.0,0
2492.0,3186.0,0
2492.0,3186.0,0
2492.0,3186.0,1
2491.0,3186.0,1
2491.0,3186.0,1
2491.0,3186.0,1
2491.0,3182.0,1
2491.0,3182.0,1
2491.0,3182.0,1
2492.0,3182.0,1
2492.0,3182.0,1
2492.0,3193.0,1
2492.0,3193.0,1
2492.0,3193.0,1
2492.0,3193.0,1
2490.0,3193.0,1
2490.0,3193.0,1
2490.0,3203.0,1
2490.0,3203.0,1
2490.0,3203.0,1
2490.0,3203.0,0
2490.0,3203.0,0
2502.0,3198.0,0
2502.0,3198.0,0
2502.0,3198.0,0
2502.0,3198.0,0
2502.0,3198.0,1
2502.0,3198.0,1
2502.0,3198.0,1
2502.0,3198.0,1
2502.0,3198.0,1
2502.0,3198.0,1
2502.0,3198.0,1
2502.0,3204.0,1
2502.0,3204.0,1
2502.0,3204.0,1
2502.0,3204.0,1
2502.0,3204.0,1
2502.0,3208.0,1
2501.0,3208.0,1
2501.0,3208.0,1
2501.0,3208.0,1
2501.0,3208.0,1
2501.0,3217.0,1
2501.0,3217.0,1
2512.0,3217.0,1
2512.0,3217.0,1
2512.0,3217.0,1
2512.0,3217.0,1
2512.0,3229.0,1
2512.0,3229.0,1
2535.0,3229.0,1
2535.0,3229.0,1
2535.0,3229.0,1
2535.0,3235.0,1
2535.0,3235.0,1
2535.0,3235.0,1
2545.0,3235.0,1
2545.0,3235.0,1
2545.0,3247.0,1
2545.0,3247.0,1
2545.0,3247.0,1
2545.0,3247.0,1
2546.0,3247.0,1
2546.0,3247.0,1
2546.0,3254.0,1
2546.0,3254.0,1
2546.0,3254.0,1
2546.0,3254.0,1
2556.0,3254.0,1
2556.0,3262.0,1
2556.0,3262.0,1
2556.0,3262.0,1
2556.0,3262.0,1
2556.0,3262.0,1
2566.0,3262.0,1
2566.0,3274.0,1
2566.0,3274.0,1
2566.0,3274.0,1
2566.0,3274.0,1
2566.0,3274.0,1
2576.0,3279.0,1
2576.0,3279.0,1
2576.0,3279.0,1
2576.0,3279.0,1
2576.0,3279.0,1
2576.0,3287.0,1
2587.0,3287.0,1
2587.0,3287.0,1
2587.0,3287.0,1
2587.0,3287.0,1
2587.0,3287.0,1
2587.0,3299.0,1
2598.0,3299.0,1
2598.0,3299.0,1
2598.0,3299.0,1
2598.0,3299.0,1
2598.0,3307.0,1
2598.0,3307.0,1
2598.0,3307.0,1
2598.0,3307.0,1
2598.0,3307.0,1
2598.0,3318.0,1
2598.0,3318.0,1
2598.0,3318.0,1
2619.0,3318.0,1
2619.0,3318.0,1
2619.0,3318.0,1
2619.0,3325.0,1
2619.0,3325.0,1
2619.0,3325.0,1
2628.0,3325.0,1
2628.0,3325.0,1
2628.0,3336.0,1
2628.0,3336.0,1
2628.0,3336.0,1
2638.0,3336.0,1
2638.0,3336.0,1
2638.0,3342.0,1
2638.0,3342.0,1
2638.0,3342.0,1
2638.0,3342.0,1
2649.0,3342.0,1
2649.0,3342.0,1
2649.0,3352.0,1
2649.0,3352.0,1
2649.0,3352.0,1
2649.0,3352.0,1
2658.0,3352.0,1
2658.0,3357.0,1
2658.0,3357.0,1
2658.0,3357.0,1
2658.0,3357.0,1
2658.0,3357.0,1
2670.0,3357.0,1
2670.0,3357.0,1
2670.0,3369.0,1
2670.0,3369.0,1
2670.0,3369.0,1
2670.0,3369.0,1
2681.0,3369.0,1
2681.0,3369.0,1
2681.0,3369.0,1
2681.0,3369.0,1
2681.0,3369.0,1
2681.0,3388.0,1
2701.0,3388.0,1
2701.0,3388.0,1
2701.0,3388.0,1
2701.0,3388.0,1
2701.0,3388.0,1
2701.0,3395.0,1
2701.0,3395.0,1
2701.0,3395.0,1
2701.0,3395.0,1
2701.0,3395.0,1
2701.0,3402.0,1
2701.0,3402.0,1
2711.0,3402.0,1
2711.0,3402.0,1
2711.0,3402.0,1
2711.0,3411.0,1
2711.0,3411.0,1
2711.0,3411.0,1
2711.0,3411.0,1
2711.0,3411.0,1
2711.0,3411.0,1
2711.0,3418.0,1
2711.0,3418.0,1
2711.0,3418.0,1
2722.0,3418.0,1
2722.0,3418.0,1
2722.0,3424.0,1
2722.0,3424.0,1
2722.0,3424.0,1
2722.0,3424.0,1
2742.0,3424.0,1
2742.0,3436.0,1
2742.0,3436.0,1
2742.0,3436.0,1
2742.0,3436.0,1
2753.0,3436.0,1
2753.0,3436.0,1
2753.0,3446.0,1
2753.0,3446.0,1
2753.0,3446.0,1
2753.0,3446.0,1
2763.0,3446.0,1
2763.0,3454.0,1
2763.0,3454.0,1
2763.0,3454.0,1
2763.0,3454.0,1
2763.0,3454.0,1
2772.0,3454.0,1
2772.0,3464.0,1
2772.0,3464.0,1
2772.0,3464.0,1
2772.0,3464.0,1
2772.0,3464.0,1
2783.0,3472.0,1
2783.0,3472.0,1
2783.0,3472.0,1
2783.0,3472.0,1
2783.0,3472.0,1
2783.0,3482.0,1
2793.0,3482.0,1
2793.0,3482.0,1
2793.0,3482.0,1
2793.0,3482.0,1
2793.0,3482.0,1
2793.0,3489.0,1
2803.0,3489.0,1
2803.0,3489.0,1
2803.0,3489.0,1
2803.0,3489.0,1
2803.0,3500.0,1
2803.0,3500.0,1
2813.0,3500.0,1
2813.0,3500.0,1
2813.0,3500.0,1
2813.0,3508.0,1
2813.0,3508.0,1
2813.0,3508.0,1
2823.0,3508.0,1
2823.0,3508.0,1
2823.0,3508.0,1
2823.0,3521.0,1
2823.0,3521.0,1
2823.0,3521.0,1
2833.0,3521.0,1
2833.0,3521.0,1
2833.0,3526.0,1
2833.0,3526.0,1
2833.0,3526.0,1
2833.0,3526.0,1
2833.0,3526.0,1
2833.0,3537.0,1
2833.0,3537.0,1
2833.0,3537.0,1
2833.0,3537.0,1
2833.0,3537.0,1
2852.0,3537.0,1
2852.0,3547.0,1
2852.0,3547.0,1
2852.0,3547.0,1
2852.0,3547.0,1
2852.0,3547.0,1
2873.0,3554.0,1
2873.0,3554.0,1
2873.0,3554.0,1
2873.0,3554.0,1
2873.0,3554.0,1
2873.0,3565.0,1
2873.0,3565.0,1
2873.0,3565.0,1
2873.0,3565.0,1
2873.0,3565.0,1
2873.0,3565.0,1
2873.0,3577.0,1
2883.0,3577.0,1
2883.0,3577.0,1
2883.0,3577.0,1
2883.0,3577.0,1
2883.0,3582.0,1
2883.0,3582.0,1
2892.0,3582.0,1
2892.0,3582.0,1
2892.0,3582.0,1
2892.0,3582.0,1
2892.0,3592.0,1
2892.0,3592.0,1
2912.0,3592.0,1
2912.0,3592.0,1
2912.0,3592.0,1
2912.0,3603.0,1
2912.0,3603.0,1
2912.0,3603.0,1
2921.0,3603.0,1
2921.0,3603.0,1
2921.0,3613.0,1
2921.0,3613.0,1
2921.0,3613.0,1
2921.0,3613.0,1
2932.0,3613.0,1
2932.0,3620.0,1
2932.0,3620.0,1
2932.0,3620.0,1
2932.0,3620.0,1
2932.0,3620.0,1
2942.0,3620.0,1
2942.0,3628.0,1
2942.0,3628.0,1
2942.0,3628.0,1
2942.0,3628.0,1
2942.0,3628.0,1
2952.0,3638.0,1
2952.0,3638.0,1
2952.0,3638.0,1
2952.0,3638.0,1
2952.0,3638.0,1
2952.0,3638.0,1
2972.0,3648.0,1
2972.0,3648.0,1
2972.0,3648.0,1
2972.0,3648.0,1
2972.0,3648.0,1
2972.0,3654.0,1
2982.0,3654.0,1
2982.0,3654.0,1
2982.0,3654.0,1
2982.0,3654.0,1
2982.0,3659.0,1
2982.0,3659.0,1
2982.0,3659.0,1
2982.0,3659.0,1
2982.0,3659.0,1
2982.0,3659.0,1
2982.0,3656.0,1
2982.0,3656.0,1
2982.0,3656.0,1
2982.0,3656.0,1
2982.0,3656.0,1
2982.0,3656.0,1
2982.0,3656.0,1
2982.0,3656.0,1
2992.0,3656.0,1
2992.0,3656.0,1
2992.0,3655.0,1
2992.0,3655.0,1
2992.0,3655.0,1
2992.0,3655.0,0
2992.0,3655.0,0
2992.0,3655.0,0
2992.0,3656.0,0
2992.0,3656.0,0
2992.0,3656.0,0
2992.0,3656.0,0
2991.0,3656.0,0
2991.0,3657.0,0
2991.0,3657.0,0
2991.0,3657.0,0
2991.0,3657.0,0
2991.0,3657.0,0
2992.0,3660.0,0
2992.0,3660.0,0
2992.0,3660.0,0
2992.0,3660.0,0
2992.0,3660.0,0
2992.0,3660.0,0
2982.0,3655.0,0
2982.0,3655.0,0
2982.0,3655.0,0
2982.0,3655.0,0
2982.0,3655.0,0
2982.0,3660.0,0
2982.0,3660.0,0
2982.0,3660.0,0
2982.0,3660.0,0
2982.0,3660.0,0
2982.0,3655.0,0
2982.0,3655.0,0
2992.0,3655.0,0
2992.0,3655.0,0
2992.0,3655.0,0
2992.0,3655.0,0
2992.0,3655.0,0
2992.0,3655.0,0
2992.0,3655.0,0
2992.0,3655.0,0
2992.0,3655.0,0
2992.0,3656.0,0
2992.0,3656.0,0
2992.0,3656.0,0
2992.0,3656.0,0
2992.0,3656.0,0
2992.0,3656.0,0
2992.0,3657.0,0
2992.0,3657.0,0
2992.0,3657.0,0
2981.0,3657.0,0
2981.0,3657.0,0
2981.0,3656.0,0
2981.0,3656.0,0
2981.0,3656.0,0
2981.0,3656.0,0
2982.0,3656.0,0
2982.0,3657.0,0
2982.0,3657.0,0
2982.0,3657.0,0
2982.0,3657.0,0
2982.0,3657.0,0
2992.0,3657.0,0
2992.0,3655.0,0
2992.0,3655.0,0
2992.0,3655.0,0
2992.0,3655.0,0
2992.0,3655.0,0
2992.0,3656.0,0
2992.0,3656.0,0
2992.0,3656.0,0
2992.0,3656.0,0
2992.0,3656.0,0
2992.0,3656.0,0
2992.0,3656.0,0
2992.0,3656.0,0
2992.0,3656.0,0
2992.0,3656.0,0
2992.0,3656.0,0
2992.0,3656.0,0
2992.0,3656.0,0
2992.0,3656.0,0
2992.0,3656.0,0
2992.0,3656.0,0
2992.0,3656.0,0
2992.0,3656.0,0
2992.0,3656.0,0
2992.0,3656.0,0
2992.0,3656.0,0
2992.0,3656.0,0
2992.0,3661.0,0
2992.0,3661.0,0
2982.0,3661.0,0
2982.0,3661.0,0
2982.0,3661.0,0
2982.0,3656.0,0
2982.0,3656.0,0
2982.0,3656.0,0
2992.0,3656.0,0
2992.0,3656.0,0
2992.0,3656.0,0
2992.0,3656.0,0
2992.0,3656.0,0
2992.0,3656.0,0
2992.0,3656.0,0
2992.0,3656.0,0
2992.0,3656.0,0
2992.0,3656.0,0
2992.0,3656.0,0
2992.0,3656.0,0
2983.0,3656.0,0
2983.0,3659.0,0
2983.0,3659.0,0
2983.0,3659.0,0
2983.0,3659.0,0
2983.0,3659.0,0
2982.0,3659.0,0
2982.0,3659.0,0
2982.0,3656.0,0
2982.0,3656.0,0
2982.0,3656.0,0
2982.0,3656.0,0
2992.0,3656.0,0
2992.0,100.0,0
2992.0,100.0,0
2992.0,100.0,0
2992.0,100.0,0
2992.0,100.0,0
2982.0,100.0,0
2982.0,100.0,0
2982.0,100.0,0
2982.0,100.0,0
2982.0,3656.0,0
2982.0,3656.0,0
2982.0,3656.0,0
2982.0,3656.0,0
2982.0,3656.0,0
2982.0,3656.0,0
2982.0,3655.0,0
2982.0,3655.0,0
2982.0,3655.0,0
2982.0,3655.0,0
2982.0,3655.0,0
2982.0,3655.0,0
2982.0,3655.0,0
2982.0,3655.0,0
2982.0,3655.0,0
2982.0,3655.0,0
2982.0,3656.0,0
2982.0,3656.0,0
2982.0,3656.0,0
2982.0,3656.0,0
2992.0,3656.0,0
2992.0,3656.0,0
2992.0,3659.0,0
2992.0,3659.0,0
2992.0,3659.0,0
2992.0,3659.0,0
2982.0,3659.0,0
2982.0,3659.0,0
2982.0,3659.0,0
2982.0,3659.0,0
2982.0,3659.0,0
2982.0,3659.0,0
2982.0,3659.0,0
2982.0,3656.0,0
2982.0,3656.0,0
2982.0,3656.0,0
2982.0,3656.0,0
2982.0,3656.0,0
2982.0,3656.0,0
2982.0,3656.0,0
2982.0,3656.0,0
2982.0,3656.0,0
2982.0,3656.0,0
2982.0,3656.0,0
2982.0,3656.0,0
2982.0,3656.0,0
2982.0,3656.0,0
2982.0,3656.0,0
2982.0,3656.0,0
2982.0,3656.0,0
2982.0,3656.0,0
2982.0,3656.0,0
2982.0,3656.0,0
2982.0,3656.0,0
2982.0,3655.0,0
2982.0,3655.0,0
2992.0,3655.0,0
2992.0,3655.0,0
2992.0,3655.0,0
2992.0,3655.0,0
2992.0,3655.0,0
2992.0,3655.0,0
2982.0,3655.0,0
2982.0,3655.0,0
2982.0,3655.0,0
2982.0,3655.0,0
2982.0,3655.0,0
2982.0,3655.0,0
2982.0,3655.0,0
2982.0,3655.0,0
2982.0,3655.0,0
2982.0,3655.0,0
2982.0,3655.0,0
2982.0,3655.0,0
2982.0,3655.0,0
2982.0,3656.0,0
2982.0,3656.0,0
2982.0,3656.0,0
2982.0,3656.0,0
2982.0,3656.0,1
2982.0,3656.0,1
2982.0,3656.0,1
2982.0,3656.0,1
2982.0,3656.0,1
2982.0,3656.0,1
2982.0,3656.0,1
2992.0,3662.0,1
2992.0,3662.0,1
2992.0,3662.0,1
2992.0,3662.0,1
2992.0,3662.0,1
2992.0,3668.0,1
2992.0,3668.0,1
2992.0,3668.0,1
2992.0,3668.0,1
2992.0,3668.0,1
2992.0,3668.0,1
2992.0,3668.0,1
2992.0,3668.0,1
2992.0,3668.0,1
2992.0,3668.0,1
2992.0,3668.0,1
2992.0,3667.0,1
2992.0,3667.0,0
3003.0,3667.0,0
3003.0,3667.0,0
3003.0,3667.0,0
3003.0,3665.0,0
3003.0,3665.0,0
3003.0,3665.0,1
3003.0,3665.0,1
3003.0,3665.0,1
3003.0,3665.0,1
3003.0,3667.0,1
3003.0,3667.0,1
3003.0,3667.0,1
3003.0,3667.0,1
3003.0,3667.0,1
3003.0,3674.0,1
3003.0,3674.0,1
3003.0,3674.0,1
3003.0,3674.0,1
3003.0,3674.0,1
3003.0,3674.0,1
3003.0,3678.0,1
3003.0,3678.0,1
3003.0,3678.0,1
3003.0,3678.0,1
3014.0,3678.0,1
3014.0,3691.0,1
3014.0,3691.0,1
3014.0,3691.0,1
3014.0,3691.0,1
3014.0,3691.0,1
3014.0,3697.0,1
3014.0,3697.0,1
3014.0,3697.0,1
3014.0,3697.0,1
3014.0,3697.0,1
3014.0,3697.0,1
3034.0,3709.0,1
3034.0,3709.0,1
3034.0,3709.0,1
3034.0,3709.0,1
3034.0,3709.0,1
3034.0,3720.0,1
3046.0,3720.0,1
3046.0,3720.0,1
3046.0,3720.0,1
3046.0,3720.0,1
3046.0,3727.0,1
3046.0,3727.0,1
3055.0,3727.0,1
3055.0,3727.0,1
3055.0,3727.0,1
3055.0,3727.0,1
3055.0,3738.0,1
3055.0,3738.0,1
3066.0,3738.0,1
3066.0,3738.0,1
3066.0,3738.0,1
3066.0,3743.0,1
3066.0,3743.0,1
3066.0,3743.0,1
3065.0,3743.0,1
3065.0,3743.0,1
3065.0,3752.0,1
3065.0,3752.0,1
3065.0,3752.0,1
3065.0,3752.0,1
3087.0,3752.0,1
3087.0,3752.0,1
3087.0,3761.0,1
3087.0,3761.0,1
3087.0,3761.0,1
3087.0,3761.0,1
3087.0,3761.0,1
3087.0,3774.0,1
3087.0,3774.0,1
3087.0,3774.0,1
3087.0,3774.0,1
3087.0,3774.0,1
3097.0,3774.0,1
3097.0,3779.0,1
3097.0,3779.0,1
3097.0,3779.0,1
3097.0,3779.0,1
3097.0,3779.0,1
3107.0,3790.0,1
3107.0,3790.0,1
3107.0,3790.0,1
3107.0,3790.0,1
3107.0,3790.0,1
3107.0,3798.0,1
3119.0,3798.0,1
3119.0,3798.0,1
3119.0,3798.0,1
3119.0,3798.0,1
3119.0,3798.0,1
3119.0,3808.0,1
3139.0,3808.0,1
3139.0,3808.0,1
3139.0,3808.0,1
3139.0,3808.0,1
3139.0,3815.0,1
3139.0,3815.0,1
3149.0,3815.0,1
3149.0,3815.0,1
3149.0,3815.0,1
3149.0,3824.0,1
3149.0,3824.0,1
3149.0,3824.0,1
3149.0,3824.0,1
3149.0,3824.0,1
3149.0,3824.0,1
3149.0,3835.0,1
3149.0,3835.0,1
3149.0,3835.0,1
3160.0,3835.0,1
3160.0,3835.0,1
3160.0,3841.0,1
3160.0,3841.0,1
3160.0,3841.0,1
3160.0,3841.0,1
3169.0,3841.0,1
3169.0,3851.0,1
3169.0,3851.0,1
3169.0,3851.0,1
3169.0,3851.0,1
3169.0,3851.0,1
3169.0,3851.0,1
3190.0,3862.0,1
3190.0,3862.0,1
3190.0,3862.0,1
3190.0,3862.0,1
3190.0,3862.0,1
3200.0,3868.0,1
3200.0,3868.0,1
3200.0,3868.0,1
3200.0,3868.0,1
3200.0,3868.0,1
3200.0,3876.0,1
3209.0,3876.0,1
3209.0,3876.0,1
3209.0,3876.0,1
3209.0,3876.0,1
3209.0,3876.0,1
3209.0,3885.0,1
3221.0,3885.0,1
3221.0,3885.0,1
3221.0,3885.0,1
3221.0,3885.0,1
3221.0,3893.0,1
3221.0,3893.0,1
3230.0,3893.0,1
3230.0,3893.0,1
3230.0,3893.0,1
3230.0,3893.0,1
3230.0,3905.0,1
3230.0,3905.0,1
3240.0,3905.0,1
3240.0,3905.0,1
3240.0,3905.0,1
3240.0,3911.0,1
3240.0,3911.0,1
3240.0,3911.0,1
3250.0,3911.0,1
3250.0,3911.0,1
3250.0,3924.0,1
3250.0,3924.0,1
3250.0,3924.0,1
3250.0,3924.0,1
3260.0,3924.0,1
3260.0,3924.0,1
3260.0,3933.0,1
3260.0,3933.0,1
3260.0,3933.0,1
3260.0,3933.0,1
3271.0,3933.0,1
3271.0,3940.0,1
3271.0,3940.0,1
3271.0,3940.0,1
3271.0,3940.0,1
3271.0,3940.0,1
3280.0,3950.0,1
3280.0,3950.0,1
3280.0,3950.0,1
3280.0,3950.0,1
3280.0,3950.0,1
3280.0,3950.0,1
3300.0,3956.0,1
3300.0,3956.0,1
3300.0,3956.0,1
3300.0,3956.0,1
3300.0,3956.0,1
3300.0,3964.0,1
3302.0,3964.0,1
3302.0,3964.0,1
3302.0,3964.0,1
3302.0,3964.0,1
3302.0,3964.0,1
3302.0,3976.0,1
3311.0,3976.0,1
3311.0,3976.0,1
3311.0,3976.0,1
3311.0,3976.0,1
3311.0,3983.0,1
3311.0,3983.0,1
3321.0,3983.0,1
3321.0,3983.0,1
3321.0,3983.0,1
3321.0,3993.0,1
3321.0,3993.0,1
3321.0,3993.0,1
3333.0,3993.0,1
3333.0,3993.0,1
3333.0,4000.0,1
3333.0,4000.0,1
3333.0,4000.0,1
3333.0,4000.0,1
3342.0,4000.0,1
3342.0,4000.0,1
3342.0,4008.0,1
3342.0,4008.0,1
3342.0,4008.0,1
3342.0,4008.0,1
3342.0,4008.0,1
3342.0,4017.0,1
3342.0,4017.0,1
3342.0,4017.0,1
3342.0,4017.0,1
3342.0,4017.0,1
3353.0,4017.0,1
3353.0,4028.0,1
3353.0,4028.0,1
3353.0,4028.0,1
3353.0,4028.0,1
3353.0,4028.0,1
3364.0,4039.0,1
3364.0,4039.0,1
3364.0,4039.0,1
3364.0,4039.0,1
3364.0,4039.0,1
3364.0,4047.0,1
3375.0,4047.0,1
3375.0,4047.0,1
3375.0,4047.0,1
3375.0,4047.0,1
3375.0,4047.0,1
3375.0,4052.0,1
3396.0,4052.0,1
3396.0,4052.0,1
3396.0,4052.0,1
3396.0,4052.0,1
3396.0,4059.0,1
3396.0,4059.0,1
3396.0,4059.0,1
3396.0,4059.0,1
3396.0,4059.0,1
3396.0,4064.0,1
3396.0,4064.0,1
3396.0,4064.0,1
3407.0,4064.0,1
3407.0,4064.0,1
3407.0,4064.0,1
3407.0,4072.0,1
3407.0,4072.0,1
3407.0,4072.0,1
3418.0,4072.0,1
3418.0,4072.0,1
3418.0,4083.0,1
3418.0,4083.0,1
3418.0,4083.0,1
3418.0,4083.0,1
3429.0,4083.0,1
3429.0,4083.0,1
3429.0,4083.0,1
3429.0,4083.0,1
3429.0,4083.0,1
3429.0,4083.0,1
3448.0,4083.0,1
3448.0,4094.0,1
3448.0,4094.0,1
3448.0,4094.0,1
3448.0,4094.0,1
3459.0,4094.0,1
3459.0,4094.0,1
3459.0,4094.0,1
3459.0,4094.0,1
3459.0,4094.0,1
3459.0,4094.0,1
3458.0,4094.0,1
3458.0,4088.0,1
3458.0,4088.0,1
3458.0,4088.0,1
3458.0,4088.0,0
3458.0,4088.0,0
3459.0,4094.0,0
3459.0,4094.0,0
3459.0,4094.0,0
3459.0,4094.0,0
3459.0,4094.0,0
3459.0,4095.0,0
3460.0,4095.0,0
3460.0,4095.0,0
3460.0,4095.0,0
3460.0,4095.0,0
3460.0,4095.0,0
3460.0,4099.0,0
3460.0,4099.0,0
3460.0,4099.0,0
3460.0,4099.0,0
3460.0,4099.0,0
3460.0,4089.0,0
3459.0,4089.0,0
3459.0,4089.0,0
3459.0,4089.0,0
3459.0,4089.0,0
3459.0,4095.0,0
3459.0,4095.0,0
3459.0,4095.0,0
3459.0,4095.0,0
3459.0,4095.0,0
3459.0,4095.0,0
3459.0,4076.0,0
3459.0,4076.0,0
3459.0,4076.0,0
3459.0,4076.0,0
3459.0,4076.0,0
3459.0,4077.0,0
3459.0,4077.0,0
3459.0,4077.0,0
3459.0,4077.0,0
3459.0,4077.0,0
3459.0,4094.0,0
3459.0,4094.0,0
3459.0,4094.0,0
3459.0,4094.0,0
3459.0,4094.0,0
3459.0,4094.0,0
3459.0,4094.0,0
3459.0,4094.0,0
3459.0,4094.0,0
3459.0,4094.0,0
3459.0,4094.0,0
3459.0,4090.0,0
3459.0,4090.0,0
3459.0,4090.0,0
3459.0,4090.0,0
3459.0,4090.0,0
3462.0,4090.0,0
3462.0,4090.0,0
3462.0,4090.0,0
3462.0,4090.0,0
3462.0,4090.0,0
3461.0,4090.0,0
3461.0,4093.0,0
3461.0,4093.0,0
3461.0,4093.0,0
3461.0,4093.0,0
3461.0,4093.0,0
3462.0,4091.0,0
3462.0,4091.0,0
3462.0,4091.0,0
3462.0,4091.0,0
3462.0,4091.0,0
3462.0,4095.0,0
3459.0,4095.0,0
3459.0,4095.0,0
3459.0,4095.0,0
3459.0,4095.0,0
3459.0,4095.0,0
3459.0,4094.0,0
3459.0,4094.0,0
3459.0,4094.0,0
3459.0,4094.0,0
3459.0,4094.0,0
3459.0,4089.0,0
3459.0,4089.0,0
3458.0,4089.0,0
3458.0,4089.0,0
3458.0,4089.0,0
3458.0,4089.0,0
3458.0,4087.0,0
3458.0,4087.0,0
3461.0,4087.0,0
3461.0,4087.0,0
3461.0,4087.0,0
3461.0,4094.0,0
3461.0,4094.0,0
3461.0,4094.0,0
3461.0,4094.0,0
3461.0,4094.0,0
3461.0,4100.0,0
3461.0,4100.0,0
3461.0,4100.0,0
3461.0,4100.0,0
3461.0,4100.0,0
3461.0,4100.0,0
3461.0,4096.0,0
3461.0,4096.0,0
3461.0,4096.0,0
3461.0,4096.0,0
3461.0,4096.0,0
3461.0,4090.0,0
3461.0,4090.0,0
3461.0,4090.0,0
3461.0,4090.0,0
3462.0,4090.0,0
3462.0,4089.0,0
3462.0,4089.0,0
3462.0,4089.0,0
3462.0,4089.0,0
3462.0,4089.0,0
3450.0,4089.0,0
3450.0,4084.0,0
3450.0,4084.0,0
3450.0,4084.0,0
3450.0,4084.0,0
3450.0,4084.0,0
3461.0,4084.0,0
3461.0,4084.0,0
3461.0,4090.0,0
3461.0,4090.0,0
3461.0,4090.0,0
3461.0,4090.0,0
3461.0,4090.0,0
3461.0,4090.0,0
3461.0,4090.0,0
3461.0,4090.0,0
3461.0,4090.0,0
3461.0,4099.0,0
3462.0,4099.0,0
3462.0,4099.0,0
3462.0,4099.0,0
3462.0,4099.0,0
3462.0,4090.0,0
3462.0,4090.0,0
3461.0,4090.0,0
3461.0,4090.0,0
3461.0,4090.0,0
3461.0,4090.0,0
3461.0,4088.0,0
3461.0,4088.0,0
3461.0,4088.0,0
3461.0,4088.0,0
3461.0,4088.0,0
3461.0,4088.0,0
3461.0,4088.0,0
3461.0,4088.0,0
3461.0,4088.0,0
3461.0,4088.0,0
3461.0,4089.0,0
3461.0,4089.0,0
3461.0,4089.0,0
3461.0,4089.0,0
3461.0,4089.0,0
3461.0,4089.0,0
3461.0,4094.0,0
3461.0,4094.0,0
3461.0,4094.0,0
3461.0,4094.0,0
3451.0,4094.0,0
3451.0,4093.0,0
3451.0,4093.0,0
3451.0,4093.0,0
3451.0,4093.0,0
3451.0,4093.0,0
3461.0,4094.0,0
3461.0,4094.0,0
3461.0,4094.0,0
3461.0,4094.0,0
3461.0,4094.0,0
3461.0,4094.0,0
3461.0,4094.0,0
3461.0,4094.0,0
3461.0,4094.0,0
3461.0,4094.0,0
3461.0,4094.0,0
3461.0,4090.0,0
3461.0,4090.0,0
3461.0,4090.0,0
3461.0,4090.0,0
3461.0,4090.0,0
3461.0,4088.0,1
3461.0,4088.0,1
3461.0,4088.0,1
3461.0,4088.0,1
3461.0,4088.0,1
3461.0,4088.0,1
3461.0,4087.0,1
3461.0,4087.0,1
3461.0,4087.0,1
3461.0,4087.0,1
3461.0,4087.0,1
3461.0,4101.0,1
3461.0,4101.0,1
3461.0,4101.0,1
3461.0,4101.0,1
3461.0,4101.0,1
3461.0,4112.0,1
3461.0,4112.0,1
3461.0,4112.0,1
3461.0,4112.0,1
3463.0,4112.0,1
3463.0,4112.0,1
3463.0,4113.0,1
3463.0,4113.0,1
3463.0,4113.0,1
3463.0,4113.0,1
3472.0,4113.0,1
3472.0,4118.0,1
3472.0,4118.0,1
3472.0,4118.0,1
3472.0,4118.0,1
3472.0,4118.0,1
3472.0,4118.0,1
3472.0,4113.0,1
3472.0,4113.0,1
3472.0,4113.0,1
3472.0,4113.0,1
3473.0,4113.0,1
3473.0,4125.0,1
3473.0,4125.0,1
3473.0,4125.0,1
3473.0,4125.0,1
3473.0,4125.0,1
3483.0,4136.0,1
3483.0,4136.0,1
3483.0,4136.0,1
3483.0,4136.0,1
3483.0,4136.0,1
3483.0,4136.0,1
3493.0,4141.0,1
3493.0,4141.0,1
3493.0,4141.0,1
3493.0,4141.0,1
3493.0,4141.0,1
3493.0,4154.0,1
3493.0,4154.0,1
3493.0,4154.0,1
3493.0,4154.0,1
3493.0,4154.0,1
3493.0,4165.0,1
3493.0,4165.0,1
3515.0,4165.0,1
3515.0,4165.0,1
3515.0,4165.0,1
3515.0,4165.0,1
3515.0,4178.0,1
3515.0,4178.0,1
3525.0,4178.0,1
3525.0,4178.0,1
3525.0,4178.0,1
3525.0,4178.0,1
3525.0,4178.0,1
3525.0,4178.0,1
3535.0,4178.0,1
3535.0,4178.0,1
3535.0,4186.0,1
3535.0,4186.0,1
3535.0,4186.0,1
3535.0,4186.0,1
3535.0,4186.0,1
3535.0,4186.0,1
3535.0,4195.0,1
3535.0,4195.0,1
3535.0,4195.0,1
3535.0,4195.0,1
3535.0,4195.0,1
3535.0,4207.0,1
3535.0,4207.0,1
3535.0,4207.0,1
3535.0,4207.0,1
3535.0,4207.0,1
3557.0,4207.0,1
3557.0,4214.0,1
3557.0,4214.0,1
3557.0,4214.0,1
3557.0,4214.0,1
3557.0,4214.0,1
3567.0,4225.0,1
3567.0,4225.0,1
3567.0,4225.0,1
3567.0,4225.0,1
3567.0,4225.0,1
3567.0,4236.0,1
3578.0,4236.0,1
3578.0,4236.0,1
3578.0,4236.0,1
3578.0,4236.0,1
3578.0,4236.0,1
3578.0,4242.0,1
3588.0,4242.0,1
3588.0,4242.0,1
3588.0,4242.0,1
3588.0,4242.0,1
3588.0,4255.0,1
3588.0,4255.0,1
3599.0,4255.0,1
3599.0,4255.0,1
3599.0,4255.0,1
3599.0,4262.0,1
3599.0,4262.0,1
3599.0,4262.0,1
3610.0,4262.0,1
3610.0,4262.0,1
3610.0,4262.0,1
3610.0,4268.0,1
3610.0,4268.0,1
3620.0,4268.0,1
3620.0,4268.0,1
3620.0,4268.0,1
3620.0,4275.0,1
3620.0,4275.0,1
3620.0,4275.0,1
3631.0,4275.0,1
3631.0,4275.0,1
3631.0,4291.0,1
3631.0,4291.0,1
3631.0,4291.0,1
3631.0,4291.0,1
3640.0,4291.0,1
3640.0,4291.0,1
3640.0,4297.0,1
3640.0,4297.0,1
3640.0,4297.0,1
3640.0,4297.0,1
3661.0,4297.0,1
3661.0,4306.0,1
3661.0,4306.0,1
3661.0,4306.0,1
3661.0,4306.0,1
3661.0,4306.0,1
3661.0,4313.0,1
3661.0,4313.0,1
3661.0,4313.0,1
3661.0,4313.0,1
3661.0,4313.0,1
3661.0,4313.0,1
3661.0,4321.0,1
3661.0,4321.0,1
3661.0,4321.0,1
3661.0,4321.0,1
3661.0,4321.0,1
3661.0,4328.0,1
3661.0,4328.0,1
3661.0,4328.0,1
3672.0,4328.0,1
3672.0,4328.0,1
3672.0,4328.0,1
3672.0,4344.0,1
3682.0,4344.0,1
3682.0,4344.0,1
3682.0,4344.0,1
3682.0,4344.0,1
3682.0,4356.0,1
3682.0,4356.0,1
3702.0,4356.0,1
3702.0,4356.0,1
3702.0,4356.0,1
3702.0,4363.0,1
3702.0,4363.0,1
3702.0,4363.0,1
3702.0,4363.0,1
3712.0,4363.0,1
3712.0,4363.0,1
3712.0,4369.0,1
3712.0,4369.0,1
3712.0,4369.0,1
3723.0,4369.0,1
3723.0,4369.0,1
3723.0,4374.0,1
3723.0,4374.0,1
3723.0,4374.0,1
3723.0,4374.0,1
3733.0,4374.0,1
3733.0,4382.0,1
3733.0,4382.0,1
3733.0,4382.0,1
3733.0,4382.0,1
3733.0,4382.0,1
3743.0,4382.0,1
3743.0,4396.0,1
3743.0,4396.0,1
3743.0,4396.0,1
3743.0,4396.0,1
3743.0,4396.0,1
3753.0,4408.0,1
3753.0,4408.0,1
3753.0,4408.0,1
3753.0,4408.0,1
3753.0,4408.0,1
3753.0,4415.0,1
3753.0,4415.0,1
3753.0,4415.0,1
3753.0,4415.0,1
3753.0,4415.0,1
3753.0,4415.0,1
3753.0,4415.0,1
3773.0,4415.0,1
3773.0,4415.0,1
3773.0,4415.0,1
3773.0,4415.0,1
3773.0,4426.0,1
3773.0,4426.0,1
3783.0,4426.0,1
3783.0,4426.0,1
3783.0,4426.0,1
3783.0,4426.0,1
3783.0,4433.0,1
3783.0,4433.0,1
3794.0,4433.0,1
3794.0,4433.0,1
3794.0,4433.0,1
3794.0,4450.0,1
3794.0,4450.0,1
3794.0,4450.0,1
3802.0,4450.0,1
3802.0,4450.0,1
3802.0,4457.0,1
3802.0,4457.0,1
3802.0,4457.0,1
3802.0,4457.0,1
3802.0,4457.0,1
3802.0,4457.0,1
3802.0,4467.0,1
3802.0,4467.0,1
3802.0,4467.0,1
3802.0,4467.0,1
3823.0,4467.0,1
3823.0,4471.0,1
3823.0,4471.0,1
3823.0,4471.0,1
3823.0,4471.0,1
3823.0,4471.0,1
3832.0,4481.0,1
3832.0,4481.0,1
3832.0,4481.0,1
3832.0,4481.0,1
3832.0,4481.0,1
3832.0,4481.0,1
3843.0,4492.0,1
3843.0,4492.0,1
3843.0,4492.0,1
3843.0,4492.0,1
3843.0,4492.0,1
3843.0,4505.0,1
3854.0,4505.0,1
3854.0,4505.0,1
3854.0,4505.0,1
3854.0,4505.0,1
3854.0,4516.0,1
3854.0,4516.0,1
3863.0,4516.0,1
3863.0,4516.0,1
3863.0,4516.0,1
3863.0,4516.0,1
3863.0,4520.0,1
3863.0,4520.0,1
3883.0,4520.0,1
3883.0,4520.0,1
3883.0,4520.0,1
3883.0,4515.0,1
3883.0,4515.0,1
3883.0,4515.0,1
3892.0,4515.0,1
3892.0,4515.0,1
3892.0,4514.0,1
3892.0,4514.0,1
3892.0,4514.0,1
3892.0,4514.0,0
3892.0,4514.0,0
3892.0,4514.0,0
3892.0,4524.0,0
3892.0,4524.0,0
3892.0,4524.0,0
3892.0,4524.0,0
3882.0,4524.0,0
3882.0,4522.0,0
3882.0,4522.0,0
3882.0,4522.0,0
3882.0,4522.0,0
3882.0,4522.0,0
3883.0,4522.0,0
3883.0,4521.0,0
3883.0,4521.0,0
3883.0,4521.0,0
3883.0,4521.0,0
3883.0,4521.0,0
3893.0,4521.0,0
3893.0,4521.0,0
3893.0,4521.0,0
3893.0,4521.0,0
3893.0,4521.0,0
3893.0,4515.0,0
3883.0,4515.0,0
3883.0,4515.0,0
3883.0,4515.0,0
3883.0,4515.0,0
3883.0,4515.0,0
3883.0,4516.0,0
3882.0,4516.0,0
3882.0,4516.0,0
3882.0,4516.0,0
3882.0,4516.0,0
3882.0,4516.0,0
3882.0,4516.0,0
3883.0,4516.0,0
3883.0,4516.0,0
3883.0,4516.0,0
3883.0,4521.0,0
3883.0,4521.0,0
3883.0,4521.0,0
3883.0,4521.0,0
3883.0,4521.0,0
3883.0,7597.0,0
3883.0,7597.0,0
3883.0,7597.0,0
3883.0,7597.0,0
3883.0,7597.0,0
3883.0,7597.0,0
3883.0,4511.0,0
3883.0,4511.0,0
3883.0,4511.0,0
3883.0,4511.0,0
3882.0,4511.0,0
3882.0,4511.0,0
3882.0,4511.0,0
3882.0,4511.0,0
3882.0,4511.0,0
3882.0,4511.0,0
3883.0,4511.0,0
3883.0,4520.0,0
3883.0,4520.0,0
3883.0,4520.0,0
3883.0,4520.0,0
3883.0,4520.0,0
3882.0,4520.0,0
3882.0,4520.0,0
3882.0,4520.0,0
3882.0,4520.0,0
3882.0,4520.0,0
3882.0,4520.0,0
3883.0,4521.0,0
3883.0,4521.0,0
3883.0,4521.0,0
3883.0,4521.0,0
3883.0,4521.0,0
3883.0,4521.0,0
3883.0,4521.0,0
3883.0,4521.0,0
3883.0,4521.0,0
3883.0,4521.0,0
3883.0,4511.0,0
3883.0,4511.0,0
3892.0,4511.0,0
3892.0,4511.0,0
3892.0,4511.0,0
3892.0,4511.0,0
3892.0,4521.0,0
3892.0,4521.0,0
3883.0,4521.0,0
3883.0,4521.0,0
3883.0,4521.0,0
3883.0,4522.0,0
3883.0,4522.0,0
3883.0,4522.0,0
3883.0,4522.0,0
3883.0,4522.0,0
3883.0,4522.0,0
3883.0,4522.0,0
3883.0,4522.0,0
3883.0,4522.0,0
3883.0,4522.0,0
3883.0,4522.0,0
3883.0,4522.0,0
3883.0,4522.0,0
3883.0,4522.0,0
3883.0,4522.0,0
3893.0,4522.0,0
3893.0,7133.0,0
3893.0,7133.0,0
3893.0,7133.0,0
3893.0,7133.0,0
3893.0,7133.0,0
3882.0,4516.0,0
3882.0,4516.0,0
3882.0,4516.0,0
3882.0,4516.0,0
3882.0,4516.0,0
3882.0,4516.0,0
3883.0,4521.0,0
3883.0,4521.0,0
3883.0,4521.0,0
3883.0,4521.0,0
3883.0,4521.0,0
3883.0,4521.0,0
3883.0,4521.0,0
3883.0,4521.0,0
3883.0,4521.0,0
3883.0,4521.0,0
3883.0,4520.0,0
3883.0,4520.0,0
3883.0,4520.0,0
3883.0,4520.0,0
3883.0,4520.0,0
3883.0,4520.0,0
3883.0,4519.0,0
3883.0,4519.0,0
3893.0,4519.0,0
3893.0,4519.0,0
3893.0,4519.0,0
3893.0,4511.0,0
3893.0,4511.0,0
3893.0,4511.0,0
3882.0,4511.0,0
3882.0,4511.0,0
3882.0,4521.0,0
3882.0,4521.0,0
3882.0,4521.0,0
3882.0,4521.0,0
3882.0,4521.0,0
3882.0,4521.0,0
3882.0,4521.0,0
3882.0,4521.0,0
3882.0,4521.0,0
3882.0,4521.0,0
3893.0,4521.0,0
3893.0,4520.0,0
3893.0,4520.0,0
3893.0,4520.0,0
3893.0,4520.0,0
3893.0,4520.0,0
3883.0,4520.0,0
3883.0,4515.0,0
3883.0,4515.0,0
3883.0,4515.0,0
3883.0,4515.0,0
3883.0,4515.0,0
3883.0,4515.0,0
3883.0,4515.0,0
3883.0,4515.0,0
3883.0,4515.0,0
3883.0,4515.0,0
3883.0,4515.0,0
3883.0,4515.0,0
3883.0,4515.0,0
3883.0,4515.0,0
3883.0,4515.0,0
3883.0,4515.0,1
3883.0,4522.0,1
3883.0,4522.0,1
3883.0,4522.0,1
3883.0,4522.0,1
3883.0,4522.0,1
3883.0,4519.0,1
3883.0,4519.0,1
3883.0,4519.0,1
3883.0,4519.0,1
3883.0,4519.0,1
3883.0,4529.0,1
3883.0,4529.0,1
3883.0,4529.0,1
3883.0,4529.0,1
3883.0,4529.0,1
3883.0,4529.0,1
3883.0,4526.0,1
3883.0,4526.0,1
3893.0,4526.0,1
3893.0,4526.0,1
3893.0,4526.0,1
3893.0,4521.0,1
3893.0,4521.0,1
3893.0,4521.0,0
3902.0,4521.0,0
3902.0,4521.0,0
3902.0,4521.0,0
3902.0,4526.0,0
3902.0,4526.0,0
3902.0,4526.0,1
3892.0,4526.0,1
3892.0,4526.0,1
3892.0,4532.0,1
3892.0,4532.0,1
3892.0,4532.0,1
3892.0,4532.0,1
3892.0,4532.0,1
3892.0,4533.0,1
3892.0,4533.0,1
3892.0,4533.0,1
3892.0,4533.0,1
3892.0,4533.0,1
3893.0,4533.0,1
3893.0,4534.0,1
3893.0,4534.0,1
3893.0,4534.0,1
3893.0,4534.0,1
3893.0,4534.0,1
3893.0,4543.0,1
3903.0,4543.0,1
3903.0,4543.0,1
3903.0,4543.0,1
3903.0,4543.0,1
3903.0,4553.0,1
3921.0,4553.0,1
3921.0,4553.0,1
3921.0,4553.0,1
3921.0,4553.0,1
3921.0,4553.0,1
3921.0,4571.0,1
3931.0,4571.0,1
3931.0,4571.0,1
3931.0,4571.0,1
3931.0,4571.0,1
3931.0,4576.0,1
3931.0,4576.0,1
3941.0,4576.0,1
3941.0,4576.0,1
3941.0,4576.0,1
3941.0,4585.0,1
3941.0,4585.0,1
3941.0,4585.0,1
3952.0,4585.0,1
3952.0,4585.0,1
3952.0,4585.0,1
3952.0,4591.0,1
3952.0,4591.0,1
3952.0,4591.0,1
3951.0,4591.0,1
3951.0,4591.0,1
3951.0,4604.0,1
3951.0,4604.0,1
3951.0,4604.0,1
3951.0,4604.0,1
3971.0,4604.0,1
3971.0,4615.0,1
3971.0,4615.0,1
3971.0,4615.0,1
3971.0,4615.0,1
3971.0,4615.0,1
3971.0,4615.0,1
3971.0,4628.0,1
3971.0,4628.0,1
3971.0,4628.0,1
3971.0,4628.0,1
3971.0,4628.0,1
3983.0,4635.0,1
3983.0,4635.0,1
3983.0,4635.0,1
3983.0,4635.0,1
3983.0,4635.0,1
3983.0,4635.0,1
3993.0,4642.0,1
3993.0,4642.0,1
3993.0,4642.0,1
3993.0,4642.0,1
3993.0,4642.0,1
3993.0,4642.0,1
4003.0,4642.0,1
4003.0,4642.0,1
4003.0,4642.0,1
4003.0,4642.0,1
4003.0,4659.0,1
4003.0,4659.0,1
4014.0,4659.0,1
4014.0,4659.0,1
4014.0,4659.0,1
4014.0,4659.0,1
4014.0,4670.0,1
4014.0,4670.0,1
4035.0,4670.0,1
4035.0,4670.0,1
4035.0,4670.0,1
4035.0,4680.0,1
4035.0,4680.0,1
4035.0,4680.0,1
4045.0,4680.0,1
4045.0,4680.0,1
4045.0,4685.0,1
4045.0,4685.0,1
4045.0,4685.0,1
4045.0,4685.0,1
4045.0,4685.0,1
4045.0,4685.0,1
4045.0,4689.0,1
4045.0,4689.0,1
4045.0,4689.0,1
4045.0,4689.0,1
4056.0,4689.0,1
4056.0,4700.0,1
4056.0,4700.0,1
4056.0,4700.0,1
4056.0,4700.0,1
4056.0,4700.0,1
4068.0,4712.0,1
4068.0,4712.0,1
4068.0,4712.0,1
4068.0,4712.0,1
4068.0,4712.0,1
4068.0,4712.0,1
4078.0,4718.0,1
4078.0,4718.0,1
4078.0,4718.0,1
4078.0,4718.0,1
4078.0,4718.0,1
4078.0,4730.0,1
4088.0,4730.0,1
4088.0,4730.0,1
4088.0,4730.0,1
4088.0,4730.0,1
4088.0,4735.0,1
4088.0,4735.0,1
4098.0,4735.0,1
4098.0,4735.0,1
4098.0,4735.0,1
4098.0,4735.0,1
4098.0,4743.0,1
4098.0,4743.0,1
4098.0,4743.0,1
4098.0,4743.0,1
4098.0,4743.0,1
4098.0,4754.0,1
4098.0,4754.0,1
4098.0,4754.0,1
4120.0,4754.0,1
4120.0,4754.0,1
4120.0,4754.0,1
4120.0,4763.0,1
4120.0,4763.0,1
4120.0,4763.0,1
4130.0,4763.0,1
4130.0,4763.0,1
4130.0,4771.0,1
4130.0,4771.0,1
4130.0,4771.0,1
4130.0,4771.0,1
4141.0,4771.0,1
4141.0,4777.0,1
4141.0,4777.0,1
4141.0,4777.0,1
4141.0,4777.0,1
4141.0,4777.0,1
4142.0,4788.0,1
4142.0,4788.0,1
4142.0,4788.0,1
4142.0,4788.0,1
4142.0,4788.0,1
4142.0,4788.0,1
4151.0,4790.0,1
4151.0,4790.0,1
4151.0,4790.0,1
4151.0,4790.0,1
4151.0,4790.0,1
4151.0,4796.0,1
4171.0,4796.0,1
4171.0,4796.0,1
4171.0,4796.0,1
4171.0,4796.0,1
4171.0,4796.0,1
4171.0,4805.0,1
4182.0,4805.0,1
4182.0,4805.0,1
4182.0,4805.0,1
4182.0,4805.0,1
4182.0,4814.0,1
4182.0,4814.0,1
4192.0,4814.0,1
4192.0,4814.0,1
4192.0,4814.0,1
4192.0,4824.0,1
4192.0,4824.0,1
4192.0,4824.0,1
4202.0,4824.0,1
4202.0,4824.0,1
4202.0,4824.0,1
4202.0,4838.0,1
4202.0,4838.0,1
4202.0,4838.0,1
4212.0,4838.0,1
4212.0,4838.0,1
4212.0,4850.0,1
4212.0,4850.0,1
4212.0,4850.0,1
4212.0,4850.0,1
4233.0,4850.0,1
4233.0,4859.0,1
4233.0,4859.0,1
4233.0,4859.0,1
4233.0,4859.0,1
4233.0,4859.0,1
4233.0,4859.0,1
4233.0,4865.0,1
4233.0,4865.0,1
4233.0,4865.0,1
4233.0,4865.0,1
4233.0,4865.0,1
4233.0,4876.0,1
4233.0,4876.0,1
4233.0,4876.0,1
4233.0,4876.0,1
4233.0,4876.0,1
4233.0,4884.0,1
4243.0,4884.0,1
4243.0,4884.0,1
4243.0,4884.0,1
4243.0,4884.0,1
4243.0,4884.0,1
4243.0,4894.0,1
4255.0,4894.0,1
4255.0,4894.0,1
4255.0,4894.0,1
4255.0,4894.0,1
4255.0,4901.0,1
4255.0,4901.0,1
4274.0,4901.0,1
4274.0,4901.0,1
4274.0,4901.0,1
4274.0,4901.0,1
4274.0,4913.0,1
4274.0,4913.0,1
4285.0,4913.0,1
4285.0,4913.0,1
4285.0,4913.0,1
4285.0,4921.0,1
4285.0,4921.0,1
4295.0,4921.0,1
4295.0,4921.0,1
4295.0,4921.0,1
4295.0,4931.0,1
4295.0,4931.0,1
4295.0,4931.0,1
4306.0,4931.0,1
4306.0,4931.0,1
4306.0,4931.0,1
4306.0,4939.0,1
4306.0,4939.0,1
4306.0,4939.0,1
4316.0,4939.0,1
4316.0,4939.0,1
4316.0,4947.0,1
4316.0,4947.0,1
4316.0,4947.0,1
4316.0,4947.0,1
4316.0,4947.0,1
4316.0,4949.0,1
4316.0,4949.0,1
4316.0,4949.0,1
4316.0,4949.0,1
4316.0,4949.0,1
4337.0,4949.0,1
4337.0,4948.0,1
4337.0,4948.0,1
4337.0,4948.0,1
4337.0,4948.0,1
4337.0,4948.0,0
4337.0,4948.0,0
4337.0,4948.0,0
4337.0,4948.0,0
4337.0,4948.0,0
4337.0,4948.0,0
4337.0,4950.0,0
4326.0,4950.0,0
4326.0,4950.0,0
4326.0,4950.0,0
4326.0,4950.0,0
4326.0,4950.0,0
4326.0,4950.0,0
4337.0,4950.0,0
4337.0,4950.0,0
4337.0,4950.0,0
4337.0,4950.0,0
4337.0,4950.0,0
4337.0,4950.0,0
4337.0,4950.0,0
4337.0,4950.0,0
4337.0,4950.0,0
4337.0,100.0,0
4337.0,100.0,0
4337.0,100.0,0
4326.0,100.0,0
4326.0,100.0,0
4326.0,100.0,0
4326.0,4950.0,0
4326.0,4950.0,0
4326.0,4950.0,0
4328.0,4950.0,0
4328.0,4950.0,0
4328.0,4947.0,0
4328.0,4947.0,0
4328.0,4947.0,0
4328.0,4947.0,0
4328.0,4947.0,0
4328.0,4947.0,0
4328.0,4948.0,0
4328.0,4948.0,0
4328.0,4948.0,0
4328.0,4948.0,0
4328.0,4948.0,0
4328.0,4948.0,0
4328.0,4948.0,0
4328.0,4948.0,0
4328.0,4948.0,0
4328.0,4948.0,0
4338.0,4947.0,0
4338.0,4947.0,0
4338.0,4947.0,0
4338.0,4947.0,0
4338.0,4947.0,0
4338.0,4947.0,0
4326.0,4950.0,0
4326.0,4950.0,0
4326.0,4950.0,0
4326.0,4950.0,0
4326.0,4950.0,0
4326.0,4949.0,0
4337.0,4949.0,0
4337.0,4949.0,0
4337.0,4949.0,0
4337.0,4949.0,0
4337.0,4946.0,0
4337.0,4946.0,0
4337.0,4946.0,0
4337.0,4946.0,0
4337.0,4946.0,0
4337.0,4946.0,0
4337.0,4949.0,0
4337.0,4949.0,0
4326.0,4949.0,0
4326.0,4949.0,0
4326.0,4949.0,0
4326.0,4948.0,0
4326.0,4948.0,0
4326.0,4948.0,0
4337.0,4948.0,0
4337.0,4948.0,0
4337.0,4948.0,0
4337.0,4948.0,0
4337.0,4948.0,0
4337.0,4948.0,0
4326.0,4948.0,0
4326.0,4948.0,0
4326.0,4948.0,0
4326.0,4948.0,0
4326.0,4948.0,0
4326.0,4948.0,0
4326.0,4948.0,0
4326.0,4948.0,0
4326.0,4948.0,0
4326.0,4948.0,0
4326.0,4948.0,0
4326.0,4948.0,0
4326.0,4948.0,0
4326.0,4949.0,0
4326.0,4949.0,0
4326.0,4949.0,0
4326.0,4949.0,0
4326.0,4949.0,0
4326.0,4944.0,0
4326.0,4944.0,0
4326.0,4944.0,0
4326.0,4944.0,0
4326.0,4944.0,0
4326.0,4950.0,0
4326.0,4950.0,0
4326.0,4950.0,0
4326.0,4950.0,0
4326.0,4950.0,0
4326.0,4950.0,0
4326.0,4950.0,0
4337.0,4950.0,0
4337.0,4950.0,0
4337.0,4950.0,0
4337.0,4950.0,0
4337.0,4947.0,0
4337.0,4947.0,0
4326.0,4947.0,0
4326.0,4947.0,0
4326.0,4947.0,0
4326.0,4947.0,0
4326.0,4948.0,0
4326.0,4948.0,0
4326.0,4948.0,0
4326.0,4948.0,0
4326.0,4948.0,0
4326.0,4947.0,0
4326.0,4947.0,0
4326.0,4947.0,0
4337.0,4947.0,0
4337.0,4947.0,0
4337.0,4948.0,0
4337.0,4948.0,0
4337.0,4948.0,0
4337.0,4948.0,0
4326.0,4948.0,0
4326.0,4944.0,0
4326.0,4944.0,0
4326.0,4944.0,0
4326.0,4944.0,0
4326.0,4944.0,0
4337.0,4944.0,0
4337.0,4945.0,0
4337.0,4945.0,0
4337.0,4945.0,0
4337.0,4945.0,0
4337.0,4945.0,0
4326.0,4949.0,0
4326.0,4949.0,0
4326.0,4949.0,0
4326.0,4949.0,0
4326.0,4949.0,0
4326.0,4949.0,0
4326.0,4949.0,0
4326.0,4949.0,0
4326.0,4949.0,0
4326.0,4949.0,0
4326.0,4949.0,0
4326.0,4948.0,0
4326.0,4948.0,0
4326.0,4948.0,0
4326.0,4948.0,0
4326.0,4948.0,0
4326.0,4949.0,0
4326.0,4949.0,0
4337.0,4949.0,0
4337.0,4949.0,0
4337.0,4949.0,0
4337.0,4949.0,0
4337.0,4948.0,0
4337.0,4948.0,0
4326.0,4948.0,0
4326.0,4948.0,0
4326.0,4948.0,0
4326.0,4948.0,0
4326.0,4948.0,0
4326.0,4948.0,0
4326.0,4948.0,0
4326.0,4948.0,0
4326.0,4948.0,0
4326.0,4948.0,0
4326.0,4948.0,0
4326.0,4948.0,0
4326.0,4948.0,0
4326.0,4948.0,0
4326.0,4950.0,0
4326.0,4950.0,0
4337.0,4950.0,1
4337.0,4950.0,1
4337.0,4950.0,1
4326.0,4949.0,1
4326.0,4949.0,1
4326.0,4949.0,1
4326.0,4949.0,1
4326.0,4949.0,1
4326.0,4955.0,1
4326.0,4955.0,1
4326.0,4955.0,1
4326.0,4955.0,1
4326.0,4955.0,1
4326.0,4955.0,1
4337.0,4961.0,1
4337.0,4961.0,1
4337.0,4961.0,1
4337.0,4961.0,1
4337.0,4961.0,1
4337.0,4961.0,1
4337.0,4961.0,1
4336.0,4961.0,1
4336.0,4961.0,1
4336.0,4961.0,1
4336.0,4959.0,1
4346.0,4959.0,1
4346.0,4959.0,1
4346.0,4959.0,1
4346.0,4959.0,1
4346.0,4959.0,1
4346.0,4959.0,1
4347.0,4959.0,1
4347.0,4959.0,1
4347.0,4959.0,1
4347.0,4959.0,1
4347.0,4966.0,1
4347.0,4966.0,1
4338.0,4966.0,1
4338.0,4966.0,1
4338.0,4966.0,1
4338.0,4966.0,1
4338.0,4979.0,1
4338.0,4979.0,1
4347.0,4979.0,1
4347.0,4979.0,1
4347.0,4979.0,1
4347.0,4986.0,1
4347.0,4986.0,1
4347.0,4986.0,1
4368.0,4986.0,1
4368.0,4986.0,1
4368.0,4997.0,1
4368.0,4997.0,1
4368.0,4997.0,1
4368.0,4997.0,1
4369.0,4997.0,1
4369.0,4997.0,1
4369.0,5002.0,1
4369.0,5002.0,1
4369.0,5002.0,1
4369.0,5002.0,1
4391.0,5002.0,1
4391.0,5010.0,1
4391.0,5010.0,1
4391.0,5010.0,1
4391.0,5010.0,1
4391.0,5010.0,1
4391.0,5021.0,1
4391.0,5021.0,1
4391.0,5021.0,1
4391.0,5021.0,1
4391.0,5021.0,1
4391.0,5021.0,1
4389.0,5031.0,1
4389.0,5031.0,1
4389.0,5031.0,1
4389.0,5031.0,1
4389.0,5031.0,1
4389.0,5042.0,1
4413.0,5042.0,1
4413.0,5042.0,1
4413.0,5042.0,1
4413.0,5042.0,1
4413.0,5049.0,1
4413.0,5049.0,1
4423.0,5049.0,1
4423.0,5049.0,1
4423.0,5049.0,1
4423.0,5049.0,1
4423.0,5058.0,1
4423.0,5058.0,1
4433.0,5058.0,1
4433.0,5058.0,1
4433.0,5058.0,1
4433.0,5067.0,1
4433.0,5067.0,1
4433.0,5067.0,1
4445.0,5067.0,1
4445.0,5067.0,1
4445.0,5075.0,1
4445.0,5075.0,1
4445.0,5075.0,1
4445.0,5075.0,1
4455.0,5075.0,1
4455.0,5075.0,1
4455.0,5084.0,1
4455.0,5084.0,1
4455.0,5084.0,1
4455.0,5084.0,1
4466.0,5084.0,1
4466.0,5092.0,1
4466.0,5092.0,1
4466.0,5092.0,1
4466.0,5092.0,1
4466.0,5092.0,1
4477.0,5092.0,1
4477.0,5103.0,1
4477.0,5103.0,1
4477.0,5103.0,1
4477.0,5103.0,1
4477.0,5103.0,1
4477.0,5109.0,1
4487.0,5109.0,1
4487.0,5109.0,1
4487.0,5109.0,1
4487.0,5109.0,1
4487.0,5120.0,1
4498.0,5120.0,1
4498.0,5120.0,1
4498.0,5120.0,1
4498.0,5120.0,1
4498.0,5120.0,1
4498.0,5132.0,1
4509.0,5132.0,1
4509.0,5132.0,1
4509.0,5132.0,1
4509.0,5132.0,1
4509.0,5139.0,1
4509.0,5139.0,1
4520.0,5139.0,1
4520.0,5139.0,1
4520.0,5139.0,1
4520.0,5150.0,1
4520.0,5150.0,1
4520.0,5150.0,1
4520.0,5150.0,1
4520.0,5150.0,1
4520.0,5150.0,1
4520.0,5155.0,1
4520.0,5155.0,1
4520.0,5155.0,1
4530.0,5155.0,1
4530.0,5155.0,1
4530.0,5163.0,1
4530.0,5163.0,1
4530.0,5163.0,1
4530.0,5163.0,1
4541.0,5163.0,1
4541.0,5174.0,1
4541.0,5174.0,1
4541.0,5174.0,1
4541.0,5174.0,1
4541.0,5174.0,1
4551.0,5174.0,1
4551.0,5185.0,1
4551.0,5185.0,1
4551.0,5185.0,1
4551.0,5185.0,1
4551.0,5185.0,1
4572.0,5192.0,1
4572.0,5192.0,1
4572.0,5192.0,1
4572.0,5192.0,1
4572.0,5192.0,1
4572.0,5200.0,1
4572.0,5200.0,1
4581.0,5200.0,1
4581.0,5200.0,1
4581.0,5200.0,1
4581.0,5200.0,1
4581.0,5211.0,1
4591.0,5211.0,1
4591.0,5211.0,1
4591.0,5211.0,1
4591.0,5211.0,1
4591.0,5216.0,1
4591.0,5216.0,1
4602.0,5216.0,1
4602.0,5216.0,1
4602.0,5216.0,1
4602.0,5216.0,1
4602.0,5228.0,1
4602.0,5228.0,1
4602.0,5228.0,1
4602.0,5228.0,1
4602.0,5228.0,1
4602.0,5234.0,1
4602.0,5234.0,1
4602.0,5234.0,1
4622.0,5234.0,1
4622.0,5234.0,1
4622.0,5244.0,1
4622.0,5244.0,1
4622.0,5244.0,1
4622.0,5244.0,1
4633.0,5244.0,1
4633.0,5244.0,1
4633.0,5256.0,1
4633.0,5256.0,1
4633.0,5256.0,1
4633.0,5256.0,1
4642.0,5256.0,1
4642.0,5264.0,1
4642.0,5264.0,1
4642.0,5264.0,1
4642.0,5264.0,1
4642.0,5264.0,1
4653.0,5273.0,1
4653.0,5273.0,1
4653.0,5273.0,1
4653.0,5273.0,1
4653.0,5273.0,1
4653.0,5273.0,1
4663.0,5282.0,1
4663.0,5282.0,1
4663.0,5282.0,1
4663.0,5282.0,1
4663.0,5282.0,1
4663.0,5288.0,1
4674.0,5288.0,1
4674.0,5288.0,1
4674.0,5288.0,1
4674.0,5288.0,1
4674.0,5299.0,1
4674.0,5299.0,1
4684.0,5299.0,1
4684.0,5299.0,1
4684.0,5299.0,1
4684.0,5299.0,1
4684.0,5306.0,1
4684.0,5306.0,1
4694.0,5306.0,1
4694.0,5306.0,1
4694.0,5306.0,1
4694.0,5315.0,1
4694.0,5315.0,1
4694.0,5315.0,1
4704.0,5315.0,1
4704.0,5315.0,1
4704.0,5322.0,1
4704.0,5322.0,1
4704.0,5322.0,1
4704.0,5322.0,1
4704.0,5322.0,1
4704.0,5322.0,1
4704.0,5334.0,1
4704.0,5334.0,1
4704.0,5334.0,1
4704.0,5334.0,1
4726.0,5334.0,1
4726.0,5341.0,1
4726.0,5341.0,1
4726.0,5341.0,1
4726.0,5341.0,1
4726.0,5341.0,1
4737.0,5341.0,1
4737.0,5348.0,1
4737.0,5348.0,1
4737.0,5348.0,1
4737.0,5348.0,1
4737.0,5348.0,1
4746.0,5359.0,1
4746.0,5359.0,1
4746.0,5359.0,1
4746.0,5359.0,1
4746.0,5359.0,1
4746.0,5364.0,1
4757.0,5364.0,1
4757.0,5364.0,1
4757.0,5364.0,1
4757.0,5364.0,1
4757.0,5364.0,1
4757.0,5376.0,1
4758.0,5376.0,1
4758.0,5376.0,1
4758.0,5376.0,1
4758.0,5376.0,1
4758.0,5383.0,1
4758.0,5383.0,1
4775.0,5383.0,1
4775.0,5383.0,1
4775.0,5383.0,1
4775.0,5394.0,1
4775.0,5394.0,1
4775.0,5394.0,1
4786.0,5394.0,1
4786.0,5394.0,1
4786.0,5394.0,1
4786.0,5403.0,1
4786.0,5403.0,1
4786.0,5403.0,1
4797.0,5403.0,1
4797.0,5403.0,1
4797.0,5409.0,1
4797.0,5409.0,1
4797.0,5409.0,1
4797.0,5409.0,1
4807.0,5409.0,1
4807.0,5417.0,1
4807.0,5417.0,1
4807.0,5417.0,1
4807.0,5417.0,1
4807.0,5417.0,1
4807.0,5417.0,1
4807.0,5423.0,1
4807.0,5423.0,1
4807.0,5423.0,1
4807.0,5423.0,1
4807.0,5423.0,1
4826.0,5423.0,1
4826.0,5423.0,1
4826.0,5423.0,1
4826.0,5423.0,1
4826.0,5423.0,1
4826.0,5423.0,0
4827.0,5423.0,0
4827.0,5423.0,0
4827.0,5423.0,0
4827.0,5423.0,0
4827.0,5423.0,0
4827.0,5424.0,0
4826.0,5424.0,0
4826.0,5424.0,0
4826.0,5424.0,0
4826.0,5424.0,0
4826.0,5429.0,0
4826.0,5429.0,0
4827.0,5429.0,0
4827.0,5429.0,0
4827.0,5429.0,0
4827.0,5429.0,0
4827.0,5430.0,0
4827.0,5430.0,0
4826.0,5430.0,0
4826.0,5430.0,0
4826.0,5430.0,0
4826.0,5422.0,0
4826.0,5422.0,0
4826.0,5422.0,0
4828.0,5422.0,0
4828.0,5422.0,0
4828.0,5423.0,0
4828.0,5423.0,0
4828.0,5423.0,0
4828.0,5423.0,0
4827.0,5423.0,0
4827.0,5423.0,0
4827.0,5423.0,0
4827.0,5423.0,0
4827.0,5423.0,0
4827.0,5423.0,0
4827.0,5423.0,0
4827.0,5424.0,0
4827.0,5424.0,0
4827.0,5424.0,0
4827.0,5424.0,0
4827.0,5424.0,0
4827.0,5424.0,0
4827.0,5424.0,0
4827.0,5424.0,0
4827.0,5424.0,0
4827.0,5424.0,0
4827.0,5424.0,0
4828.0,5423.0,0
4828.0,5423.0,0
4828.0,5423.0,0
4828.0,5423.0,0
4828.0,5423.0,0
4828.0,5424.0,0
4827.0,5424.0,0
4827.0,5424.0,0
4827.0,5424.0,0
4827.0,5424.0,0
4827.0,5424.0,0
4827.0,5424.0,0
4827.0,5424.0,0
4827.0,5424.0,0
4827.0,5424.0,0
4827.0,5424.0,0
4827.0,5424.0,0
4827.0,5424.0,0
4828.0,5424.0,0
4828.0,5424.0,0
4828.0,5424.0,0
4828.0,5424.0,0
4828.0,5424.0,0
4828.0,5424.0,0
4827.0,5424.0,0
4827.0,5424.0,0
4827.0,5424.0,0
4827.0,5423.0,0
4827.0,5423.0,0
4827.0,5423.0,0
4827.0,5423.0,0
4827.0,5423.0,0
4827.0,5424.0,0
4827.0,5424.0,0
4827.0,5424.0,0
4827.0,5424.0,0
4827.0,5424.0,0
4827.0,5424.0,0
4827.0,5424.0,0
4827.0,5424.0,0
4827.0,5424.0,0
4827.0,5424.0,0
4827.0,5424.0,0
4828.0,5423.0,0
4828.0,5423.0,0
4828.0,5423.0,0
4828.0,5423.0,0
4828.0,5423.0,0
4827.0,5423.0,0
4827.0,5423.0,0
4827.0,5423.0,0
4827.0,5423.0,0
4827.0,5423.0,0
4827.0,5424.0,0
4828.0,5424.0,0
4828.0,5424.0,0
4828.0,5424.0,0
4828.0,5424.0,0
4828.0,5424.0,0
4828.0,5423.0,0
4827.0,5423.0,0
4827.0,5423.0,0
4827.0,5423.0,0
4827.0,5423.0,0
4827.0,5424.0,0
4827.0,5424.0,0
4827.0,5424.0,0
4827.0,5424.0,0
4827.0,5424.0,0
4827.0,5423.0,0
4827.0,5423.0,0
4827.0,5423.0,0
4827.0,5423.0,0
4827.0,5423.0,0
4827.0,5423.0,0
4827.0,5420.0,0
4827.0,5420.0,0
4827.0,5420.0,0
4827.0,5420.0,0
4827.0,5420.0,0
4827.0,5424.0,0
4827.0,5424.0,0
4827.0,5424.0,0
4827.0,5424.0,0
4828.0,5424.0,0
4828.0,5423.0,0
4828.0,5423.0,0
4828.0,5423.0,0
4828.0,5423.0,0
4828.0,5423.0,0
4827.0,5423.0,0
4827.0,5424.0,0
4827.0,5424.0,0
4827.0,5424.0,0
4827.0,5424.0,0
4827.0,5424.0,0
4827.0,5423.0,0
4827.0,5423.0,0
4827.0,5423.0,0
4827.0,5423.0,0
4827.0,5423.0,0
4827.0,5423.0,0
4827.0,5424.0,0
4827.0,5424.0,0
4827.0,5424.0,0
4827.0,5424.0,0
4827.0,5424.0,0
4827.0,5421.0,0
4828.0,5421.0,0
4828.0,5421.0,0
4828.0,5421.0,0
4828.0,5421.0,0
4828.0,5423.0,0
4828.0,5423.0,0
4827.0,5423.0,0
4827.0,5423.0,0
4827.0,5423.0,0
4827.0,5423.0,0
4827.0,5423.0,0
4827.0,5423.0,0
4827.0,5423.0,0
4826.0,5423.0,0
4826.0,5423.0,0
4826.0,5424.0,0
4826.0,5424.0,0
4826.0,5424.0,0
4827.0,5424.0,0
4827.0,5424.0,0
4827.0,5424.0,0
4827.0,5424.0,0
4827.0,5424.0,0
4827.0,5424.0,0
4828.0,5424.0,0
4828.0,5424.0,0
4828.0,5423.0,0
4828.0,5423.0,0
4828.0,5423.0,0
4828.0,5423.0,0
4827.0,5423.0,0
4827.0,5429.0,0
4827.0,5429.0,0
4827.0,5429.0,0
4827.0,5429.0,0
4827.0,5429.0,0
4828.0,5425.0,0
4828.0,5425.0,0
4828.0,5425.0,0
4828.0,5425.0,0
4828.0,5425.0,0
4828.0,5425.0,0
4828.0,5423.0,0
4827.0,5423.0,0
4827.0,5423.0,0
4827.0,5423.0,0
4827.0,5423.0,0
4827.0,5424.0,0
4827.0,5424.0,0
4827.0,5424.0,0
4827.0,5424.0,0
4827.0,5424.0,0
4827.0,5424.0,0
4827.0,5420.0,0
4828.0,5420.0,0
4828.0,5420.0,0
4828.0,5420.0,0
4828.0,5420.0,0
4828.0,5424.0,0
4828.0,5424.0,0
4828.0,5424.0,0
4828.0,5424.0,0
4828.0,5424.0,0
4828.0,5424.0,0
4828.0,5424.0,0
4828.0,5424.0,0
4827.0,5424.0,0
4827.0,5424.0,0
4827.0,5424.0,0
4827.0,5423.0,0
4827.0,5423.0,0
4827.0,5423.0,1
4827.0,5423.0,1
4827.0,5423.0,1
4827.0,5424.0,1
4827.0,5424.0,1
4827.0,5424.0,1
4827.0,5424.0,1
4827.0,5424.0,1
4827.0,5431.0,1
4827.0,5431.0,1
4827.0,5431.0,1
4827.0,5431.0,1
4827.0,5431.0,1
4828.0,5431.0,1
4828.0,5435.0,1
4828.0,5435.0,1
4828.0,5435.0,1
4828.0,5435.0,1
4828.0,5435.0,1
4836.0,5431.0,1
4836.0,5431.0,1
4836.0,5431.0,1
4836.0,5431.0,1
4836.0,5431.0,1
4836.0,5431.0,0
4836.0,5431.0,0
4836.0,5431.0,0
4836.0,5431.0,0
4836.0,5431.0,0
4836.0,5431.0,0
4836.0,5435.0,0
4836.0,5435.0,0
4836.0,5435.0,0
4836.0,5435.0,0
4836.0,5435.0,0
4836.0,5436.0,0
4836.0,5436.0,0
4836.0,5436.0,0
4836.0,5436.0,0
4836.0,5436.0,0
4836.0,5447.0,0
4836.0,5447.0,0
4836.0,5447.0,0
4836.0,5447.0,0
4836.0,5447.0,1
4836.0,5447.0,1
4836.0,5460.0,1
4836.0,5460.0,1
4836.0,5460.0,1
4846.0,5460.0,1
4846.0,5460.0,1
4846.0,5465.0,1
4846.0,5465.0,1
4846.0,5465.0,1
4846.0,5465.0,1
4856.0,5465.0,1
4856.0,5465.0,1
4856.0,5470.0,1
4856.0,5470.0,1
4856.0,5470.0,1
4856.0,5470.0,1
4856.0,5470.0,1
4866.0,5477.0,1
4866.0,5477.0,1
4866.0,5477.0,1
4866.0,5477.0,1
4866.0,5477.0,1
4886.0,5488.0,1
4886.0,5488.0,1
4886.0,5488.0,1
4886.0,5488.0,1
4886.0,5488.0,1
4886.0,5488.0,1
4896.0,5495.0,1
4896.0,5495.0,1
4896.0,5495.0,1
4896.0,5495.0,1
4896.0,5495.0,1
4896.0,5506.0,1
4896.0,5506.0,1
4896.0,5506.0,1
4896.0,5506.0,1
4896.0,5506.0,1
4896.0,5518.0,1
4896.0,5518.0,1
4906.0,5518.0,1
4906.0,5518.0,1
4906.0,5518.0,1
4906.0,5518.0,1
4906.0,5524.0,1
4906.0,5524.0,1
4906.0,5524.0,1
4906.0,5524.0,1
4906.0,5524.0,1
4906.0,5529.0,1
4906.0,5529.0,1
4906.0,5529.0,1
4926.0,5529.0,1
4926.0,5529.0,1
4926.0,5541.0,1
4926.0,5541.0,1
4926.0,5541.0,1
4937.0,5541.0,1
4937.0,5541.0,1
4937.0,5541.0,1
4937.0,5548.0,1
4937.0,5548.0,1
4937.0,5548.0,1
4947.0,5548.0,1
4947.0,5548.0,1
4947.0,5561.0,1
4947.0,5561.0,1
4947.0,5561.0,1
4947.0,5561.0,1
4957.0,5561.0,1
4957.0,5567.0,1
4957.0,5567.0,1
4957.0,5567.0,1
4957.0,5567.0,1
4957.0,5567.0,1
4967.0,5567.0,1
4967.0,5574.0,1
4967.0,5574.0,1
4967.0,5574.0,1
4967.0,5574.0,1
4967.0,5574.0,1
4967.0,5582.0,1
4977.0,5582.0,1
4977.0,5582.0,1
4977.0,5582.0,1
4977.0,5582.0,1
4977.0,5591.0,1
4999.0,5591.0,1
4999.0,5591.0,1
4999.0,5591.0,1
4999.0,5591.0,1
4999.0,5591.0,1
4999.0,5601.0,1
5009.0,5601.0,1
5009.0,5601.0,1
5009.0,5601.0,1
5009.0,5601.0,1
5009.0,5611.0,1
5009.0,5611.0,1
5009.0,5611.0,1
5009.0,5611.0,1
5009.0,5611.0,1
5009.0,5620.0,1
5009.0,5620.0,1
5009.0,5620.0,1
5020.0,5620.0,1
5020.0,5620.0,1
5020.0,5620.0,1
5020.0,5627.0,1
5020.0,5627.0,1
5020.0,5627.0,1
5020.0,5627.0,1
5030.0,5627.0,1
5030.0,5638.0,1
5030.0,5638.0,1
5030.0,5638.0,1
5030.0,5638.0,1
5041.0,5638.0,1
5041.0,5643.0,1
5041.0,5643.0,1
5041.0,5643.0,1
5041.0,5643.0,1
5041.0,5643.0,1
5051.0,5643.0,1
5051.0,5655.0,1
5051.0,5655.0,1
5051.0,5655.0,1
5051.0,5655.0,1
5051.0,5655.0,1
5061.0,5668.0,1
5061.0,5668.0,1
5061.0,5668.0,1
5061.0,5668.0,1
5061.0,5668.0,1
5061.0,5673.0,1
5062.0,5673.0,1
5062.0,5673.0,1
5062.0,5673.0,1
5062.0,5673.0,1
5062.0,5673.0,1
5062.0,5683.0,1
5062.0,5683.0,1
5083.0,5683.0,1
5083.0,5683.0,1
5083.0,5683.0,1
5083.0,5691.0,1
5083.0,5691.0,1
5094.0,5691.0,1
5094.0,5691.0,1
5094.0,5691.0,1
5094.0,5691.0,1
5094.0,5691.0,1
5094.0,5691.0,1
5104.0,5691.0,1
5104.0,5701.0,1
5104.0,5701.0,1
5104.0,5701.0,1
5104.0,5701.0,1
5104.0,5701.0,1
5114.0,5701.0,1
5114.0,5701.0,1
5114.0,5720.0,1
5114.0,5720.0,1
5114.0,5720.0,1
5114.0,5720.0,1
5114.0,5720.0,1
5114.0,5720.0,1
5114.0,5735.0,1
5114.0,5735.0,1
5114.0,5735.0,1
5114.0,5735.0,1
5114.0,5735.0,1
5135.0,5744.0,1
5135.0,5744.0,1
5135.0,5744.0,1
5135.0,5744.0,1
5135.0,5744.0,1
5146.0,5745.0,1
5146.0,5745.0,1
5146.0,5745.0,1
5146.0,5745.0,1
5146.0,5745.0,1
5146.0,5745.0,1
5156.0,5751.0,1
5156.0,5751.0,1
5156.0,5751.0,1
5156.0,5751.0,1
5156.0,5751.0,1
5156.0,5761.0,1
5167.0,5761.0,1
5167.0,5761.0,1
5167.0,5761.0,1
5167.0,5761.0,1
5167.0,5767.0,1
5167.0,5767.0,1
5177.0,5767.0,1
5177.0,5767.0,1
5177.0,5767.0,1
5177.0,5767.0,1
5177.0,5774.0,1
5177.0,5774.0,1
5177.0,5774.0,1
5177.0,5774.0,1
5177.0,5774.0,1
5177.0,5776.0,1
5177.0,5776.0,1
5177.0,5776.0,1
5196.0,5776.0,1
5196.0,5776.0,1
5196.0,5776.0,1
5196.0,5780.0,1
5196.0,5780.0,1
5196.0,5780.0,1
5197.0,5780.0,1
5197.0,5780.0,1
5197.0,5779.0,1
5197.0,5779.0,1
5197.0,5779.0,1
5197.0,5779.0,0
5197.0,5779.0,0
5197.0,5779.0,0
5197.0,5779.0,0
5197.0,5779.0,0
5197.0,5779.0,0
5197.0,5779.0,0
5197.0,5779.0,0
5197.0,5780.0,0
5197.0,5780.0,0
5197.0,5780.0,0
5197.0,5780.0,0
5197.0,5780.0,0
5197.0,5775.0,0
5196.0,5775.0,0
5196.0,5775.0,0
5196.0,5775.0,0
5196.0,5775.0,0
5196.0,5780.0,0
5197.0,5780.0,0
5197.0,5780.0,0
5197.0,5780.0,0
5197.0,5780.0,0
5197.0,5780.0,0
5197.0,5786.0,0
5197.0,5786.0,0
5197.0,5786.0,0
5197.0,5786.0,0
5197.0,5786.0,0
5197.0,5786.0,0
5197.0,5786.0,0
5197.0,5786.0,0
5197.0,5786.0,0
5197.0,5786.0,0
5197.0,5786.0,0
5197.0,5786.0,0
5197.0,5786.0,0
5197.0,5786.0,0
5197.0,5786.0,0
5197.0,5786.0,0
5197.0,5785.0,0
5197.0,5785.0,0
5197.0,5785.0,0
5197.0,5785.0,0
5197.0,5785.0,0
5197.0,5780.0,0
5197.0,5780.0,0
5197.0,5780.0,0
5197.0,5780.0,0
5197.0,5780.0,0
5197.0,5779.0,0
5197.0,5779.0,0
5197.0,5779.0,0
5197.0,5779.0,0
5197.0,5779.0,0
5197.0,5779.0,0
5197.0,5775.0,0
5197.0,5775.0,0
5197.0,5775.0,0
5197.0,5775.0,0
5197.0,5775.0,0
5197.0,5776.0,0
5197.0,5776.0,0
5197.0,5776.0,0
5197.0,5776.0,0
5197.0,5776.0,0
5197.0,5776.0,0
5197.0,5785.0,0
5197.0,5785.0,0
5197.0,5785.0,0
5197.0,5785.0,0
5197.0,5785.0,0
5197.0,5785.0,0
5197.0,5785.0,0
5197.0,5785.0,0
5197.0,5785.0,0
5197.0,5785.0,0
5197.0,5786.0,0
5197.0,5786.0,0
5197.0,5786.0,0
5197.0,5786.0,0
5197.0,5786.0,0
5197.0,5786.0,0
5197.0,5786.0,0
5197.0,5786.0,0
5197.0,5786.0,0
5197.0,5786.0,0
5197.0,5786.0,0
5197.0,5779.0,0
5197.0,5779.0,0
5197.0,5779.0,0
5197.0,5779.0,0
5197.0,5779.0,0
5197.0,5779.0,0
5197.0,5775.0,0
5197.0,5775.0,0
5197.0,5775.0,0
5197.0,5775.0,0
5197.0,5775.0,0
5197.0,5779.0,0
5197.0,5779.0,0
5197.0,5779.0,0
5197.0,5779.0,0
5197.0,5779.0,0
5197.0,5785.0,0
5197.0,5785.0,0
5197.0,5785.0,0
5197.0,5785.0,0
5197.0,5785.0,0
5197.0,5785.0,0
5197.0,5786.0,0
5197.0,5786.0,0
5197.0,5786.0,0
5197.0,5786.0,0
5197.0,5786.0,0
5197.0,5786.0,0
5197.0,5786.0,0
5197.0,5786.0,0
5197.0,5786.0,0
5197.0,5786.0,0
5197.0,5780.0,0
5197.0,5780.0,0
5197.0,5780.0,0
5197.0,5780.0,0
5197.0,5780.0,0
5197.0,5780.0,0
5197.0,5780.0,0
5197.0,5780.0,0
5197.0,5780.0,0
5197.0,5780.0,0
5197.0,5780.0,0
5197.0,5779.0,0
5197.0,5779.0,0
5197.0,5779.0,0
5197.0,5779.0,0
5197.0,5779.0,0
5197.0,5780.0,0
5197.0,5780.0,0
5197.0,5780.0,0
5197.0,5780.0,0
5197.0,5780.0,0
5197.0,5780.0,0
5197.0,5779.0,0
5197.0,5779.0,0
5197.0,5779.0,0
5197.0,5779.0,0
5197.0,5779.0,0
5197.0,5785.0,0
5197.0,5785.0,0
5197.0,5785.0,0
5197.0,5785.0,0
5198.0,5785.0,0
5198.0,5781.0,0
5198.0,5781.0,0
5198.0,5781.0,0
5198.0,5781.0,0
5198.0,5781.0,0
5197.0,5780.0,0
5197.0,5780.0,0
5197.0,5780.0,0
5197.0,5780.0,0
5197.0,5780.0,0
5197.0,5780.0,0
5197.0,5780.0,0
5197.0,5780.0,0
5197.0,5780.0,0
5197.0,5780.0,0
5197.0,5780.0,0
5197.0,5779.0,0
5197.0,5779.0,0
5197.0,5779.0,0
5197.0,5779.0,0
5197.0,5779.0,0
5197.0,5779.0,0
5197.0,5780.0,0
5197.0,5780.0,0
5197.0,5780.0,0
5197.0,5780.0,0
5197.0,5780.0,0
5197.0,5780.0,0
5197.0,5780.0,0
5197.0,5780.0,0
5197.0,5780.0,0
5197.0,5780.0,0
5197.0,5785.0,0
5197.0,5785.0,0
5197.0,5785.0,0
5197.0,5785.0,0
5197.0,5785.0,0
5197.0,5785.0,0
5197.0,5782.0,0
5197.0,5782.0,0
5197.0,5782.0,0
5197.0,5782.0,0
5197.0,5782.0,0
5197.0,5780.0,0
5197.0,5780.0,0
5197.0,5780.0,0
5197.0,5780.0,0
5197.0,5780.0,0
5197.0,5780.0,0
5197.0,5780.0,0
5197.0,5780.0,0
5197.0,5780.0,0
5197.0,5780.0,0
5197.0,5780.0,0
5197.0,5779.0,0
5197.0,5779.0,0
5197.0,5779.0,0
5197.0,5779.0,0
5198.0,5779.0,0
5198.0,5779.0,0
5198.0,5779.0,0
5198.0,5779.0,0
5198.0,5779.0,0
5198.0,5779.0,0
5198.0,5779.0,0
5198.0,5774.0,0
5198.0,5774.0,0
5198.0,5774.0,0
5198.0,5774.0,0
5198.0,5774.0,0
5197.0,5786.0,0
5197.0,5786.0,0
5197.0,5786.0,0
5197.0,5786.0,0
5197.0,5786.0,0
5197.0,5787.0,0
5197.0,5787.0,0
5197.0,5787.0,0
5197.0,5787.0,0
5197.0,5787.0,0
5197.0,5787.0,0
5197.0,5785.0,0
5187.0,5785.0,0
5187.0,5785.0,0
5187.0,5785.0,0
5187.0,5785.0,0
5187.0,5779.0,0
5187.0,5779.0,0
5188.0,5779.0,0
5188.0,5779.0,0
5188.0,5779.0,0
5188.0,5778.0,0
5188.0,5778.0,0
5188.0,5778.0,0
5197.0,5778.0,0
5197.0,5778.0,0
5197.0,5778.0,0
5197.0,5780.0,0
5197.0,5780.0,0
5197.0,5780.0,0
5197.0,5780.0,0
5197.0,5780.0,0
5197.0,5785.0,0
5197.0,5785.0,0
5197.0,5785.0,0
5197.0,5785.0,0
5197.0,5785.0,0
5197.0,5785.0,0
5197.0,5785.0,0
5197.0,5785.0,0
5197.0,5785.0,0
5197.0,5785.0,0
5187.0,5785.0,0
5187.0,5786.0,0
5187.0,5786.0,0
5187.0,5786.0,0
5187.0,5786.0,0
5187.0,5786.0,0
5197.0,5780.0,0
5197.0,5780.0,0
5197.0,5780.0,0
5197.0,5780.0,0
5197.0,5780.0,0
5197.0,5780.0,0
5198.0,5782.0,0
5198.0,5782.0,0
5198.0,5782.0,0
5198.0,5782.0,0
5198.0,5782.0,0
5198.0,5780.0,0
5198.0,5780.0,0
5198.0,5780.0,0
5198.0,5780.0,0
5198.0,5780.0,0
5198.0,5779.0,0
5198.0,5779.0,0
5198.0,5779.0,0
5197.0,5779.0,0
5197.0,5779.0,0
5197.0,5779.0,0
5197.0,5774.0,0
5197.0,5774.0,0
5198.0,5774.0,0
5198.0,5774.0,0
5198.0,5774.0,0
5198.0,5782.0,0
5198.0,5782.0,0
5198.0,5782.0,0
5198.0,5782.0,0
5198.0,5782.0,0
5198.0,5786.0,0
5198.0,5786.0,0
5198.0,5786.0,0
5198.0,5786.0,0
5198.0,5786.0,0
5198.0,5786.0,0
5198.0,5779.0,0
5198.0,5779.0,0
5198.0,5779.0,0
5197.0,5779.0,0
5197.0,5779.0,0
5197.0,5775.0,0
5197.0,5775.0,0
5197.0,5775.0,0
5197.0,5775.0,0
5188.0,5775.0,0
5188.0,5775.0,0
5188.0,5775.0,0
5188.0,5775.0,0
5188.0,5775.0,0
5188.0,5775.0,0
5188.0,5775.0,0
5198.0,5774.0,0
5198.0,5774.0,0
5198.0,5774.0,0
5198.0,5774.0,0
5198.0,5774.0,0
5198.0,5773.0,0
5198.0,5773.0,0
5198.0,5773.0,0
5198.0,5773.0,0
5198.0,5773.0,0
5198.0,5773.0,0
5188.0,5774.0,0
5188.0,5774.0,0
5188.0,5774.0,0
5188.0,5774.0,0
5188.0,5774.0,0
5188.0,5779.0,0
5198.0,5779.0,0
5198.0,5779.0,0
5198.0,5779.0,0
5198.0,5779.0,0
5198.0,5785.0,0
5198.0,5785.0,0
5198.0,5785.0,0
5198.0,5785.0,0
5198.0,5785.0,0
5198.0,5785.0,0
5198.0,5785.0,0
5198.0,5785.0,0
5198.0,5785.0,0
5198.0,5785.0,0
5198.0,5785.0,0
5198.0,5780.0,0
5198.0,5780.0,0
5198.0,5780.0,0
5198.0,5780.0,0
5198.0,5780.0,0
5198.0,5775.0,0
5198.0,5775.0,0
5198.0,5775.0,0
5198.0,5775.0,0
5198.0,5775.0,0
5198.0,5775.0,0
5198.0,5774.0,0
5198.0,5774.0,0
5198.0,5774.0,0
5198.0,5774.0,0
5198.0,5774.0,0
5198.0,5779.0,0
5198.0,5779.0,0
5198.0,5779.0,0
5198.0,5779.0,0
5198.0,5779.0,0
5198.0,5783.0,0
5198.0,5783.0,0
5198.0,5783.0,0
5198.0,5783.0,0
5198.0,5783.0,0
5198.0,5783.0,0
5198.0,5786.0,0
5198.0,5786.0,0
5198.0,5786.0,0
5198.0,5786.0,0
5198.0,5786.0,0
5198.0,5786.0,0
5198.0,5786.0,0
5198.0,5786.0,0
5198.0,5786.0,0
5198.0,5786.0,0
5198.0,5786.0,0
5198.0,5781.0,0
5198.0,5781.0,0
5198.0,5781.0,0
5198.0,5781.0,0
5198.0,5781.0,0
5198.0,5774.0,0
5198.0,5774.0,0
5198.0,5774.0,0
5198.0,5774.0,0
5198.0,5774.0,0
5198.0,5774.0,0
5198.0,5774.0,0
5197.0,5774.0,0
5197.0,5774.0,0
5197.0,5774.0,0
5197.0,5774.0,0
5197.0,5774.0,0
5197.0,5774.0,0
5199.0,5774.0,0
5199.0,5774.0,0
5199.0,5774.0,0
5199.0,5785.0,0
5199.0,5785.0,0
5199.0,5785.0,0
5199.0,5785.0,0
5198.0,5785.0,0
5198.0,5786.0,0
5198.0,5786.0,0
5198.0,5786.0,0
5198.0,5786.0,0
5199.0,5786.0,0
5199.0,5786.0,0
5199.0,5781.0,0
5199.0,5781.0,0
5199.0,5781.0,0
5199.0,5781.0,0
5199.0,5781.0,0
5199.0,5774.0,0
5199.0,5774.0,0
5199.0,5774.0,0
5199.0,5774.0,0
5199.0,5774.0,0
5198.0,5775.0,0
5198.0,5775.0,0
5198.0,5775.0,0
5198.0,5775.0,0
5198.0,5775.0,0
5198.0,5775.0,0
5199.0,5775.0,0
5199.0,5775.0,0
5199.0,5775.0,0
5199.0,5775.0,0
5199.0,5775.0,0
5199.0,5756.0,0
5199.0,5756.0,0
5199.0,5756.0,0
5199.0,5756.0,0
5199.0,5756.0,0
5199.0,5785.0,0
5199.0,5785.0,0
5199.0,5785.0,0
5199.0,5785.0,0
5199.0,5785.0,0
5199.0,5785.0,0
5199.0,5786.0,0
5199.0,5786.0,0
5199.0,5786.0,0
5199.0,5786.0,0
5199.0,5786.0,0
5199.0,5780.0,0
5199.0,5780.0,0
5199.0,5780.0,0
5199.0,5780.0,0
5199.0,5780.0,0
5199.0,5780.0,0
5199.0,5785.0,0
5199.0,5785.0,0
5189.0,5785.0,0
5189.0,5785.0,0
5189.0,5785.0,0
5189.0,5786.0,0
5189.0,5786.0,0
5189.0,5786.0,0
5199.0,5786.0,0
5199.0,5786.0,0
5199.0,5779.0,0
5199.0,5779.0,0
5199.0,5779.0,0
5199.0,5779.0,0
5199.0,5779.0,0
5199.0,5779.0,0
5199.0,5779.0,0
5199.0,5779.0,0
5199.0,5779.0,0
5199.0,5779.0,0
5199.0,5779.0,0
5199.0,5786.0,0
5199.0,5786.0,0
5199.0,5786.0,0
5199.0,5786.0,0
5199.0,5786.0,0
5199.0,5787.0,0
5199.0,5787.0,0
5199.0,5787.0,0
5199.0,5787.0,0
5199.0,5787.0,0
5199.0,5787.0,0
5199.0,5787.0,0
5199.0,5787.0,0
5199.0,5787.0,0
5199.0,5787.0,0
5199.0,5787.0,0
5199.0,5785.0,0
5199.0,5785.0,0
5199.0,5785.0,0
5199.0,5785.0,0
5199.0,5785.0,0
5199.0,5778.0,0
5199.0,5778.0,0
5199.0,5778.0,0
5189.0,5778.0,0
5189.0,5778.0,0
5189.0,5778.0,0
5189.0,5768.0,0
5189.0,5768.0,0
5199.0,5768.0,0
5199.0,5768.0,0
5199.0,5768.0,0
5199.0,5768.0,0
5199.0,5768.0,0
5199.0,5768.0,0
5199.0,5768.0,0
5199.0,5768.0,0
5199.0,5768.0,0
5199.0,5775.0,0
5199.0,5775.0,0
5199.0,5775.0,0
5199.0,5775.0,0
5199.0,5775.0,0
5199.0,5780.0,0
5199.0,5780.0,0
5199.0,5780.0,0
5199.0,5780.0,0
5199.0,5780.0,0
5199.0,5780.0,0
5199.0,5780.0,0
5199.0,5780.0,0
5199.0,5780.0,0
5199.0,5780.0,0
5199.0,5780.0,0
5199.0,5774.0,0
5199.0,5774.0,0
5199.0,5774.0,0
5199.0,5774.0,0
5199.0,5774.0,0
5189.0,5774.0,0
5189.0,5774.0,0
5189.0,5774.0,0
5189.0,5774.0,0
5189.0,5774.0,0
5189.0,5779.0,0
5200.0,5779.0,0
5200.0,5779.0,0
5200.0,5779.0,0
5200.0,5779.0,0
5200.0,5779.0,0
5200.0,5773.0,0
5199.0,5773.0,0
5199.0,5773.0,0
5199.0,5773.0,0
5199.0,5773.0,0
5199.0,5768.0,0
5199.0,5768.0,0
5199.0,5768.0,0
5189.0,5768.0,0
5189.0,5768.0,0
5189.0,5768.0,0
5189.0,5774.0,0
5189.0,5774.0,0
5189.0,5774.0,0
5199.0,5774.0,0
5199.0,5774.0,0
5199.0,5781.0,0
5199.0,5781.0,0
5199.0,5781.0,0
5199.0,5781.0,0
5199.0,5781.0,0
5199.0,5775.0,0
5199.0,5775.0,0
5199.0,5775.0,0
5199.0,5775.0,0
5200.0,5775.0,0
5200.0,5775.0,0
5200.0,5774.0,0
5200.0,5774.0,0
5200.0,5774.0,0
5200.0,5774.0,0
5200.0,5774.0,0
5200.0,5774.0,0
5200.0,5774.0,0
5200.0,5774.0,0
5200.0,5774.0,0
5200.0,5774.0,0
5200.0,5779.0,0
5200.0,5779.0,0
5200.0,5779.0,0
5200.0,5779.0,0
5200.0,5779.0,0
5200.0,5779.0,0
5200.0,5779.0,0
5199.0,5779.0,0
5199.0,5779.0,0
5199.0,5779.0,0
5199.0,5779.0,0
5199.0,5779.0,0
5199.0,5779.0,0
5189.0,5779.0,0
5189.0,5779.0,0
5189.0,5779.0,0
5189.0,5782.0,0
5189.0,5782.0,0
5199.0,5782.0,0
5199.0,5782.0,0
5199.0,5782.0,0
5199.0,5780.0,0
5199.0,5780.0,0
5199.0,5780.0,0
5199.0,5780.0,0
5199.0,5780.0,0
5199.0,5780.0,0
5199.0,5780.0,0
5199.0,5780.0,0
5199.0,5780.0,0
5199.0,5780.0,0
5199.0,5780.0,0
5199.0,5780.0,0
5199.0,5779.0,0
5199.0,5779.0,0
5199.0,5779.0,0
5199.0,5779.0,0
5199.0,5779.0,0
5199.0,5779.0,0
5199.0,5779.0,0
5199.0,5779.0,0
5199.0,5779.0,0
5199.0,5779.0,0
5199.0,5775.0,0
5199.0,5775.0,0
5199.0,5775.0,0
5199.0,5775.0,0
5199.0,5775.0,0
5199.0,5784.0,0
5199.0,5784.0,0
5199.0,5784.0,0
5199.0,5784.0,0
5199.0,5784.0,0
5189.0,5784.0,0
5189.0,5786.0,0
5189.0,5786.0,0
5189.0,5786.0,0
5189.0,5786.0,0
5189.0,5786.0,0
5189.0,5786.0,0
5189.0,5786.0,0
5189.0,5786.0,0
5189.0,5786.0,0
5189.0,5786.0,0
5189.0,5786.0,0
5189.0,5786.0,0
5190.0,5786.0,0
5190.0,5786.0,0
5190.0,5786.0,0
5190.0,5786.0,0
5190.0,5779.0,0
5190.0,5779.0,0
5189.0,5779.0,0
5189.0,5779.0,0
5189.0,5779.0,0
5189.0,5779.0,0
5189.0,5779.0,0
5189.0,5779.0,0
5199.0,5779.0,0
5199.0,5779.0,0
5199.0,5779.0,0
5199.0,5775.0,0
5199.0,5775.0,0
5199.0,5775.0,0
5189.0,5775.0,0
5189.0,5775.0,0
5189.0,5781.0,0
5189.0,5781.0,0
5189.0,5781.0,0
5189.0,5781.0,0
5199.0,5781.0,0
5199.0,5781.0,0
5199.0,5786.0,0
5199.0,5786.0,0
5199.0,5786.0,0
5199.0,5786.0,0
5199.0,5786.0,0
5199.0,5786.0,0
5199.0,5786.0,0
5199.0,5786.0,0
5199.0,5786.0,0
5199.0,5786.0,0
5199.0,5786.0,0
5199.0,5779.0,0
5199.0,5779.0,0
5199.0,5779.0,0
5199.0,5779.0,0
5199.0,5779.0,0
5200.0,5781.0,0
5200.0,5781.0,0
5200.0,5781.0,0
5200.0,5781.0,0
5200.0,5781.0,0
5189.0,5774.0,0
5189.0,5774.0,0
5189.0,5774.0,0
5189.0,5774.0,0
5189.0,5774.0,0
5189.0,5774.0,0
5199.0,5773.0,0
5199.0,5773.0,0
5199.0,5773.0,0
5199.0,5773.0,0
5199.0,5773.0,0
5199.0,5775.0,0
5199.0,5775.0,0
5199.0,5775.0,0
5199.0,5775.0,0
5199.0,5775.0,0
5199.0,5779.0,0
5199.0,5779.0,0
5199.0,5779.0,0
5199.0,5779.0,0
5199.0,5779.0,0
5199.0,5779.0,0
5199.0,5779.0,0
5199.0,5779.0,0
5199.0,5779.0,0
5199.0,5779.0,0
5199.0,5779.0,0
5199.0,5779.0,0
5199.0,5779.0,0
5199.0,5779.0,0
5199.0,5785.0,0
5199.0,5785.0,0
5199.0,5785.0,0
5199.0,5779.0,0
5199.0,5779.0,0
5199.0,5779.0,0
5199.0,5779.0,0
5199.0,5779.0,0
5199.0,5779.0,0
5199.0,5779.0,0
5199.0,5779.0,0
5199.0,5779.0,0
5199.0,5779.0,0
5189.0,5774.0,0
5189.0,5774.0,0
5189.0,5774.0,0
5189.0,5774.0,0
5189.0,5774.0,0
5189.0,5774.0,0
5199.0,5774.0,0
5199.0,5774.0,0
5199.0,5774.0,0
5199.0,5774.0,0
5199.0,5774.0,0
5198.0,5774.0,0
5198.0,5774.0,0
5198.0,5774.0,0
5198.0,5774.0,0
5198.0,5774.0,0
5198.0,5782.0,0
5198.0,5782.0,0
5198.0,5782.0,0
5198.0,5782.0,0
5198.0,5782.0,0
5198.0,5785.0,0
5198.0,5785.0,0
5198.0,5785.0,0
5198.0,5785.0,0
5198.0,5785.0,0
5198.0,5785.0,0
5198.0,5777.0,0
5198.0,5777.0,0
5198.0,5777.0,0
5188.0,5777.0,0
5188.0,5777.0,0
5188.0,5775.0,0
5188.0,5775.0,0
5188.0,5775.0,0
5188.0,5775.0,0
5189.0,5775.0,0
5189.0,5775.0,0
5189.0,5774.0,0
5189.0,5774.0,0
5189.0,5774.0,0
5189.0,5774.0,0
5188.0,5774.0,0
5188.0,5774.0,0
5188.0,5774.0,0
5188.0,5774.0,0
5188.0,5774.0,0
5188.0,5774.0,0
5198.0,5773.0,0
5198.0,5773.0,0
5198.0,5773.0,0
5198.0,5773.0,0
5198.0,5773.0,0
5198.0,5773.0,0
5198.0,5773.0,0
5198.0,5773.0,0
5198.0,5773.0,0
5198.0,5773.0,0
5198.0,5773.0,0
5198.0,5775.0,0
5198.0,5775.0,0
5198.0,5775.0,0
5198.0,5775.0,0
5198.0,5775.0,0
5198.0,5786.0,0
5198.0,5786.0,0
5198.0,5786.0,0
5198.0,5786.0,0
5198.0,5786.0,0
5198.0,5786.0,0
5198.0,5781.0,0
5198.0,5781.0,0
5199.0,5781.0,0
5199.0,5781.0,0
5199.0,5781.0,0
5199.0,5780.0,0
5199.0,5780.0,0
5199.0,5780.0,0
5198.0,5780.0,0
5198.0,5780.0,0
5198.0,5775.0,0
5198.0,5775.0,0
5198.0,5775.0,0
5198.0,5775.0,0
5199.0,5775.0,0
5199.0,5775.0,0
5199.0,5774.0,0
5199.0,5774.0,0
5199.0,5774.0,0
5188.0,5774.0,0
5188.0,5774.0,0
5188.0,5775.0,0
5188.0,5775.0,0
5188.0,5775.0,0
5188.0,5775.0,0
5188.0,5775.0,0
5198.0,5775.0,0
5198.0,5786.0,0
5198.0,5786.0,0
5198.0,5786.0,0
5198.0,5786.0,0
5198.0,5786.0,0
5199.0,5786.0,0
5199.0,5786.0,0
5199.0,5786.0,0
5199.0,5786.0,0
5198.0,5786.0,0
5198.0,5785.0,0
5198.0,5785.0,0
5198.0,5785.0,0
5198.0,5785.0,0
5198.0,5785.0,0
5198.0,5785.0,0
5199.0,5785.0,0
5199.0,5785.0,0
5199.0,5785.0,0
5199.0,5785.0,0
5199.0,5785.0,0
5199.0,5785.0,0
5188.0,5785.0,0
5188.0,5779.0,0
5188.0,5779.0,0
5188.0,5779.0,0
5188.0,5779.0,0
5188.0,5779.0,0
5188.0,5779.0,0
5188.0,5779.0,0
5188.0,5779.0,0
5188.0,5779.0,0
5188.0,5779.0,0
5188.0,5779.0,0
5198.0,5779.0,0
5198.0,5779.0,0
5198.0,5779.0,0
5198.0,5779.0,0
5198.0,5779.0,0
5198.0,5779.0,0
5198.0,5779.0,0
5198.0,5779.0,0
5198.0,5779.0,0
5198.0,5779.0,0
5198.0,5786.0,0
5198.0,5786.0,0
5198.0,5786.0,0
5198.0,5786.0,0
5198.0,5786.0,0
5198.0,5786.0,0
5198.0,5785.0,0
5188.0,5785.0,0
5188.0,5785.0,0
5188.0,5785.0,0
5188.0,5785.0,0
5188.0,5785.0,0
5188.0,5785.0,0
5188.0,5786.0,0
5198.0,5786.0,0
5198.0,5786.0,0
5198.0,5786.0,0
5198.0,5786.0,0
5198.0,5786.0,0
5198.0,5785.0,0
5189.0,5785.0,0
5189.0,5785.0,0
