Range_laser,robv,robw,IRx1,IRy1,IRx2,IRy2,IRx3,IRy3,IRx4,IRy4,US1,US2,US3,US4
0.0,0,0,0,0,0,0,0,0,0,0,0,0,0,0
0.0,0,0,0,0,0,0,0,0,0,0,0,0,0,0
0.0,0,0,669.0,41.0,664.0,298.0,407.0,293.0,412.0,35.0,0,0,0,0
0.0,0,0,669.0,41.0,664.0,298.0,407.0,293.0,412.0,35.0,0,0,0,0
0.0,0,0,669.0,41.0,663.0,297.0,406.0,293.0,412.0,35.0,0,0,0,0
0.0,0,0,669.0,41.0,663.0,297.0,406.0,293.0,412.0,35.0,0,0,0,0
0.0,0,0,669.0,41.0,664.0,298.0,407.0,293.0,412.0,35.0,0,0,0,0
0.0,0,0,669.0,41.0,664.0,298.0,407.0,293.0,412.0,35.0,0,0,0,0
0.0,0,0,669.0,41.0,664.0,298.0,407.0,293.0,412.0,35.0,0,0,0,0
0.0,0,0,669.0,41.0,663.0,297.0,406.0,293.0,412.0,35.0,0,0,0,0
0.0,0,0,669.0,41.0,664.0,298.0,407.0,293.0,412.0,35.0,0,0,0,0
0.0,0,0,669.0,41.0,664.0,298.0,407.0,293.0,412.0,35.0,0,0,0,0
0.0,0,0,669.0,42.0,664.0,298.0,407.0,293.0,412.0,35.0,0,0,0,0
0.0,0,0,669.0,41.0,663.0,297.0,406.0,293.0,412.0,35.0,0,0,0,0
0.0,0,0,669.0,41.0,663.0,298.0,407.0,293.0,412.0,35.0,0,0,0,0
0.0,0,0,669.0,41.0,664.0,298.0,407.0,293.0,412.0,35.0,0,0,0,0
0.0,0,0,669.0,41.0,664.0,298.0,407.0,293.0,412.0,35.0,0,0,0,0
0.0,0,0,669.0,41.0,664.0,298.0,407.0,293.0,412.0,35.0,0,0,0,0
0.0,0,0,669.0,41.0,663.0,297.0,406.0,293.0,412.0,35.0,0,0,0,0
0.0,0,0,669.0,41.0,664.0,298.0,407.0,293.0,412.0,35.0,0,0,0,0
0.0,0,0,669.0,41.0,664.0,298.0,407.0,293.0,412.0,35.0,0,0,0,0
0.0,0,0,669.0,41.0,664.0,298.0,407.0,293.0,412.0,35.0,0,0,0,0
0.0,0,0,669.0,42.0,664.0,298.0,407.0,293.0,412.0,35.0,0,0,0,0
0.0,0,0,669.0,41.0,663.0,297.0,406.0,293.0,412.0,35.0,0,0,0,0
0.0,0,0,669.0,41.0,664.0,298.0,407.0,293.0,412.0,35.0,0,0,0,0
0.0,0,0,669.0,42.0,664.0,298.0,407.0,293.0,412.0,35.0,0,0,0,0
0.0,0,0,669.0,42.0,664.0,298.0,407.0,293.0,412.0,35.0,0,0,0,0
0.0,0,0,669.0,41.0,663.0,297.0,406.0,293.0,412.0,35.0,0,0,0,0
0.0,0,0,669.0,41.0,664.0,298.0,407.0,293.0,412.0,35.0,0,0,0,0
0.0,0,0,669.0,41.0,664.0,298.0,406.0,293.0,412.0,35.0,0,0,0,0
0.0,0,0,669.0,41.0,664.0,298.0,407.0,293.0,412.0,35.0,0,0,0,0
0.0,0,0,669.0,41.0,663.0,297.0,406.0,293.0,412.0,35.0,0,0,0,0
0.0,0,0,669.0,41.0,663.0,297.0,406.0,293.0,412.0,35.0,0,0,0,0
0.0,0,0,669.0,41.0,664.0,298.0,406.0,293.0,412.0,35.0,0,0,0,0
0.0,0,0,669.0,41.0,664.0,298.0,407.0,293.0,412.0,35.0,0,0,0,0
0.0,0,0,669.0,41.0,663.0,297.0,406.0,293.0,412.0,35.0,0,0,0,0
0.0,0,0,669.0,41.0,663.0,297.0,406.0,293.0,412.0,35.0,0,0,0,0
0.0,0,0,669.0,41.0,663.0,297.0,406.0,293.0,412.0,35.0,0,0,0,0
0.0,0,0,669.0,41.0,664.0,297.0,406.0,293.0,412.0,35.0,0,0,0,0
0.0,0,0,669.0,41.0,664.0,298.0,407.0,294.0,412.0,35.0,0,0,0,0
0.0,0,0,669.0,41.0,664.0,297.0,406.0,293.0,412.0,35.0,0,0,0,0
0.0,0,0,669.0,41.0,664.0,298.0,406.0,293.0,412.0,35.0,0,0,0,0
0.0,0,0,669.0,41.0,664.0,298.0,406.0,293.0,412.0,35.0,0,0,0,0
0.0,0,0,669.0,41.0,664.0,298.0,407.0,293.0,412.0,35.0,0,0,0,0
0.0,0,0,669.0,41.0,664.0,298.0,407.0,293.0,412.0,35.0,0,0,0,0
0.0,0,0,669.0,41.0,664.0,297.0,406.0,293.0,412.0,35.0,0,0,0,0
0.0,0,0,669.0,41.0,664.0,297.0,406.0,293.0,412.0,35.0,0,0,0,0
0.0,0,0,669.0,41.0,664.0,297.0,406.0,293.0,412.0,35.0,0,0,0,0
0.0,0,0,669.0,41.0,664.0,298.0,407.0,293.0,412.0,35.0,0,0,0,0
0.0,0,0,670.0,40.0,664.0,296.0,407.0,291.0,413.0,33.0,0,0,0,0
0.0,0,0,669.0,43.0,665.0,297.0,410.0,292.0,415.0,36.0,0,0,0,0
0.0,0,0,666.0,56.0,659.0,304.0,411.0,299.0,416.0,49.0,0,0,0,0
0.0,0,0,666.0,55.0,659.0,303.0,411.0,298.0,416.0,47.0,0,0,0,0
0.0,0,0,666.0,55.0,659.0,303.0,411.0,298.0,416.0,47.0,0,0,0,0
0.0,0,0,667.0,52.0,659.0,300.0,410.0,295.0,416.0,45.0,0,0,0,0
0.0,0,0,666.0,53.0,659.0,301.0,411.0,296.0,416.0,46.0,0,0,0,0
0.0,0,0,667.0,56.0,661.0,301.0,415.0,296.0,420.0,48.0,0,0,0,0
0.0,0,0,660.0,68.0,655.0,307.0,415.0,303.0,421.0,62.0,0,0,0,0
0.0,0,0,660.0,68.0,655.0,307.0,415.0,303.0,421.0,62.0,0,0,0,0
0.0,0,0,653.0,82.0,648.0,312.0,417.0,308.0,421.0,76.0,0,0,0,0
0.0,0,0,651.0,87.0,645.0,312.0,419.0,308.0,423.0,81.0,0,0,0,0
0.0,0,0,645.0,99.0,640.0,317.0,420.0,313.0,424.0,92.0,0,0,0,0
0.0,0,0,642.0,106.0,636.0,318.0,421.0,315.0,427.0,99.0,0,0,0,0
0.0,0,0,642.0,106.0,636.0,318.0,421.0,315.0,427.0,99.0,0,0,0,0
0.0,0,0,636.0,113.0,632.0,320.0,422.0,318.0,427.0,107.0,0,0,0,0
0.0,0,0,636.0,114.0,632.0,320.0,423.0,317.0,428.0,108.0,0,0,0,0
0.0,0,0,636.0,112.0,632.0,320.0,423.0,316.0,427.0,107.0,0,0,0,0
0.0,0,0,636.0,113.0,631.0,320.0,422.0,316.0,427.0,107.0,0,0,0,0
0.0,0,0,636.0,113.0,631.0,320.0,422.0,316.0,427.0,107.0,0,0,0,0
0.0,0,0,636.0,112.0,631.0,319.0,422.0,316.0,427.0,106.0,0,0,0,0
0.0,0,0,636.0,113.0,632.0,320.0,423.0,316.0,428.0,107.0,0,0,0,0
0.0,0,0,636.0,112.0,632.0,320.0,422.0,316.0,427.0,107.0,0,0,0,0
0.0,0,0,636.0,112.0,631.0,319.0,422.0,316.0,427.0,106.0,0,0,0,0
0.0,0,0,636.0,112.0,631.0,319.0,422.0,316.0,427.0,106.0,0,0,0,0
0.0,0,0,636.0,112.0,631.0,320.0,422.0,316.0,428.0,107.0,0,0,0,0
0.0,0,0,636.0,112.0,632.0,320.0,423.0,316.0,427.0,107.0,0,0,0,0
0.0,0,0,636.0,112.0,631.0,319.0,422.0,316.0,427.0,107.0,0,0,0,0
0.0,0,0,636.0,112.0,631.0,319.0,422.0,316.0,427.0,107.0,0,0,0,0
0.0,0,0,636.0,112.0,632.0,319.0,423.0,316.0,427.0,107.0,0,0,0,0
0.0,0,0,636.0,112.0,632.0,319.0,423.0,316.0,427.0,107.0,0,0,0,0
0.0,0,0,636.0,112.0,631.0,319.0,423.0,316.0,427.0,107.0,0,0,0,0
0.0,0,0,636.0,112.0,631.0,319.0,422.0,316.0,427.0,106.0,0,0,0,0
0.0,0,0,636.0,111.0,631.0,319.0,422.0,316.0,427.0,106.0,0,0,0,0
0.0,0,0,636.0,112.0,632.0,319.0,423.0,316.0,427.0,107.0,0,0,0,0
0.0,0,0,636.0,112.0,632.0,319.0,423.0,316.0,427.0,107.0,0,0,0,0
0.0,0,0,636.0,112.0,631.0,319.0,423.0,316.0,427.0,107.0,0,0,0,0
0.0,0,0,636.0,111.0,631.0,319.0,422.0,316.0,427.0,106.0,0,0,0,0
0.0,0,0,636.0,112.0,632.0,319.0,423.0,316.0,427.0,107.0,0,0,0,0
0.0,0,0,636.0,112.0,632.0,319.0,423.0,316.0,427.0,107.0,0,0,0,0
0.0,0,0,636.0,112.0,632.0,319.0,423.0,316.0,427.0,107.0,0,0,0,0
0.0,0,0,636.0,112.0,632.0,319.0,423.0,316.0,427.0,106.0,0,0,0,0
0.0,0,0,636.0,111.0,631.0,319.0,422.0,316.0,427.0,106.0,0,0,0,0
0.0,0,0,636.0,112.0,632.0,319.0,423.0,316.0,427.0,107.0,0,0,0,0
0.0,0,0,636.0,112.0,632.0,319.0,423.0,316.0,427.0,107.0,0,0,0,0
0.0,0,0,636.0,112.0,632.0,319.0,423.0,316.0,427.0,107.0,0,0,0,0
0.0,0,0,636.0,111.0,632.0,319.0,423.0,316.0,427.0,106.0,0,0,0,0
0.0,0,0,637.0,110.0,633.0,318.0,426.0,314.0,429.0,105.0,0,0,0,0
0.0,0,0,634.0,116.0,630.0,320.0,425.0,316.0,428.0,111.0,0,0,0,0
0.0,0,0,634.0,121.0,628.0,323.0,427.0,319.0,430.0,116.0,0,0,0,0
0.0,0,0,634.0,121.0,628.0,323.0,427.0,319.0,430.0,116.0,0,0,0,0
0.0,0,0,634.0,116.0,629.0,320.0,425.0,316.0,428.0,111.0,0,0,0,0
0.0,0,0,635.0,116.0,630.0,320.0,426.0,316.0,429.0,111.0,0,0,0,0
0.0,0,0,634.0,117.0,629.0,319.0,426.0,315.0,431.0,112.0,0,0,0,0
0.0,0,0,631.0,122.0,626.0,320.0,428.0,317.0,432.0,116.0,0,0,0,0
0.0,0,0,626.0,130.0,622.0,323.0,428.0,320.0,434.0,125.0,0,0,0,0
0.0,0,0,626.0,130.0,622.0,323.0,428.0,320.0,434.0,125.0,0,0,0,0
0.0,0,0,624.0,136.0,620.0,324.0,430.0,323.0,434.0,131.0,0,0,0,0
0.0,0,0,624.0,140.0,619.0,324.0,434.0,322.0,436.0,135.0,0,0,0,0
0.0,0,0,620.0,145.0,616.0,326.0,434.0,323.0,438.0,140.0,0,0,0,0
0.0,0,0,619.0,150.0,614.0,327.0,437.0,325.0,441.0,146.0,0,0,0,0
0.0,0,0,619.0,150.0,614.0,327.0,437.0,325.0,441.0,146.0,0,0,0,0
0.0,0,0,617.0,156.0,613.0,330.0,439.0,327.0,443.0,152.0,0,0,0,0
0.0,0,0,616.0,156.0,612.0,328.0,439.0,326.0,443.0,152.0,0,0,0,0
0.0,0,0,615.0,155.0,612.0,328.0,438.0,325.0,443.0,151.0,0,0,0,0
0.0,0,0,616.0,155.0,612.0,328.0,438.0,326.0,443.0,151.0,0,0,0,0
0.0,0,0,616.0,155.0,612.0,328.0,438.0,326.0,443.0,151.0,0,0,0,0
0.0,0,0,616.0,155.0,612.0,328.0,438.0,325.0,443.0,151.0,0,0,0,0
0.0,0,0,615.0,155.0,612.0,328.0,438.0,325.0,442.0,151.0,0,0,0,0
0.0,0,0,616.0,155.0,612.0,328.0,438.0,326.0,443.0,151.0,0,0,0,0
0.0,0,0,616.0,155.0,612.0,328.0,438.0,325.0,443.0,151.0,0,0,0,0
0.0,0,0,616.0,155.0,612.0,328.0,438.0,325.0,443.0,151.0,0,0,0,0
0.0,0,0,615.0,155.0,612.0,328.0,438.0,325.0,442.0,151.0,0,0,0,0
0.0,0,0,616.0,155.0,612.0,327.0,438.0,325.0,443.0,151.0,0,0,0,0
0.0,0,0,616.0,155.0,612.0,328.0,438.0,325.0,443.0,151.0,0,0,0,0
0.0,0,0,616.0,155.0,612.0,328.0,438.0,325.0,443.0,151.0,0,0,0,0
0.0,0,0,616.0,155.0,612.0,327.0,438.0,325.0,442.0,150.0,0,0,0,0
0.0,0,0,616.0,155.0,612.0,327.0,438.0,325.0,442.0,150.0,0,0,0,0
0.0,0,0,616.0,155.0,612.0,328.0,438.0,325.0,443.0,151.0,0,0,0,0
0.0,0,0,616.0,155.0,612.0,328.0,438.0,325.0,443.0,151.0,0,0,0,0
0.0,0,0,616.0,155.0,612.0,327.0,438.0,325.0,442.0,150.0,0,0,0,0
0.0,0,0,616.0,155.0,612.0,327.0,438.0,325.0,443.0,151.0,0,0,0,0
0.0,0,0,616.0,155.0,612.0,327.0,438.0,325.0,443.0,151.0,0,0,0,0
0.0,0,0,616.0,155.0,612.0,328.0,438.0,325.0,443.0,151.0,0,0,0,0
0.0,0,0,617.0,155.0,612.0,328.0,438.0,325.0,443.0,151.0,0,0,0,0
0.0,0,0,616.0,155.0,612.0,327.0,438.0,325.0,442.0,150.0,0,0,0,0
0.0,0,0,616.0,155.0,612.0,328.0,438.0,325.0,442.0,151.0,0,0,0,0
0.0,0,0,616.0,155.0,612.0,328.0,438.0,325.0,442.0,151.0,0,0,0,0
0.0,0,0,617.0,155.0,612.0,328.0,439.0,325.0,443.0,151.0,0,0,0,0
0.0,0,0,617.0,155.0,612.0,327.0,438.0,325.0,442.0,150.0,0,0,0,0
0.0,0,0,616.0,155.0,612.0,327.0,438.0,325.0,442.0,150.0,0,0,0,0
0.0,0,0,616.0,155.0,612.0,327.0,438.0,325.0,442.0,151.0,0,0,0,0
0.0,0,0,616.0,155.0,612.0,327.0,438.0,325.0,442.0,151.0,0,0,0,0
0.0,0,0,617.0,155.0,612.0,328.0,439.0,325.0,443.0,151.0,0,0,0,0
0.0,0,0,616.0,155.0,612.0,327.0,438.0,325.0,442.0,150.0,0,0,0,0
0.0,0,0,616.0,155.0,612.0,327.0,438.0,325.0,442.0,150.0,0,0,0,0
0.0,0,0,617.0,155.0,612.0,328.0,439.0,325.0,443.0,151.0,0,0,0,0
0.0,0,0,617.0,155.0,612.0,328.0,439.0,325.0,443.0,151.0,0,0,0,0
0.0,0,0,618.0,155.0,613.0,327.0,440.0,324.0,444.0,150.0,0,0,0,0
0.0,0,0,615.0,157.0,612.0,328.0,440.0,326.0,444.0,154.0,0,0,0,0
0.0,0,0,613.0,160.0,610.0,330.0,441.0,327.0,444.0,157.0,0,0,0,0
0.0,0,0,614.0,157.0,611.0,328.0,440.0,325.0,444.0,154.0,0,0,0,0
0.0,0,0,614.0,157.0,611.0,328.0,440.0,325.0,444.0,154.0,0,0,0,0
0.0,0,0,614.0,157.0,611.0,327.0,440.0,325.0,444.0,153.0,0,0,0,0
0.0,0,0,615.0,157.0,612.0,327.0,441.0,325.0,445.0,154.0,0,0,0,0
0.0,0,0,613.0,162.0,610.0,329.0,442.0,327.0,447.0,159.0,0,0,0,0
0.0,0,0,612.0,167.0,609.0,331.0,445.0,328.0,448.0,163.0,0,0,0,0
0.0,0,0,609.0,171.0,606.0,332.0,445.0,329.0,449.0,168.0,0,0,0,0
0.0,0,0,609.0,171.0,606.0,332.0,445.0,329.0,449.0,168.0,0,0,0,0
0.0,0,0,607.0,175.0,604.0,334.0,446.0,330.0,450.0,172.0,0,0,0,0
0.0,0,0,606.0,180.0,602.0,335.0,447.0,334.0,451.0,177.0,0,0,0,0
0.0,0,0,603.0,184.0,599.0,337.0,448.0,335.0,451.0,181.0,0,0,0,0
0.0,0,0,600.0,188.0,597.0,338.0,448.0,336.0,452.0,186.0,0,0,0,0
0.0,0,0,600.0,188.0,597.0,338.0,448.0,336.0,452.0,186.0,0,0,0,0
0.0,0,0,600.0,192.0,596.0,338.0,448.0,336.0,453.0,189.0,0,0,0,0
0.0,0,0,599.0,195.0,595.0,340.0,451.0,337.0,456.0,192.0,0,0,0,0
0.0,0,0,597.0,199.0,592.0,340.0,450.0,337.0,454.0,196.0,0,0,0,0
0.0,0,0,597.0,202.0,592.0,342.0,453.0,341.0,456.0,200.0,0,0,0,0
0.0,0,0,597.0,202.0,592.0,342.0,453.0,341.0,456.0,200.0,0,0,0,0
0.0,0,0,597.0,201.0,592.0,340.0,452.0,338.0,456.0,199.0,0,0,0,0
0.0,0,0,596.0,200.0,592.0,340.0,451.0,337.0,455.0,199.0,0,0,0,0
0.0,0,0,596.0,200.0,592.0,340.0,451.0,337.0,455.0,199.0,0,0,0,0
0.0,0,0,596.0,200.0,592.0,340.0,452.0,337.0,455.0,199.0,0,0,0,0
0.0,0,0,596.0,200.0,592.0,340.0,452.0,337.0,456.0,199.0,0,0,0,0
0.0,0,0,597.0,200.0,592.0,340.0,452.0,337.0,456.0,199.0,0,0,0,0
0.0,0,0,597.0,200.0,592.0,340.0,451.0,337.0,455.0,199.0,0,0,0,0
0.0,0,0,596.0,200.0,592.0,340.0,452.0,337.0,455.0,199.0,0,0,0,0
0.0,0,0,597.0,200.0,592.0,340.0,452.0,337.0,456.0,199.0,0,0,0,0
0.0,0,0,597.0,200.0,592.0,340.0,452.0,337.0,455.0,198.0,0,0,0,0
0.0,0,0,597.0,200.0,592.0,340.0,452.0,337.0,455.0,198.0,0,0,0,0
0.0,0,0,597.0,200.0,592.0,340.0,452.0,337.0,455.0,199.0,0,0,0,0
0.0,0,0,596.0,200.0,592.0,340.0,451.0,337.0,455.0,198.0,0,0,0,0
0.0,0,0,597.0,200.0,592.0,340.0,452.0,337.0,456.0,199.0,0,0,0,0
0.0,0,0,597.0,200.0,592.0,340.0,452.0,337.0,455.0,199.0,0,0,0,0
0.0,0,0,597.0,200.0,592.0,340.0,452.0,337.0,455.0,199.0,0,0,0,0
0.0,0,0,596.0,200.0,592.0,340.0,452.0,337.0,455.0,198.0,0,0,0,0
0.0,0,0,597.0,200.0,592.0,340.0,452.0,337.0,456.0,199.0,0,0,0,0
0.0,0,0,597.0,200.0,592.0,340.0,452.0,337.0,455.0,198.0,0,0,0,0
0.0,0,0,597.0,200.0,592.0,340.0,452.0,337.0,455.0,199.0,0,0,0,0
0.0,0,0,597.0,200.0,592.0,340.0,452.0,337.0,455.0,199.0,0,0,0,0
0.0,0,0,596.0,200.0,592.0,340.0,451.0,337.0,455.0,198.0,0,0,0,0
0.0,0,0,597.0,200.0,592.0,340.0,452.0,337.0,456.0,199.0,0,0,0,0
0.0,0,0,597.0,200.0,592.0,340.0,452.0,337.0,455.0,198.0,0,0,0,0
0.0,0,0,598.0,199.0,592.0,339.0,453.0,337.0,456.0,197.0,0,0,0,0
0.0,0,0,598.0,199.0,592.0,339.0,453.0,337.0,456.0,197.0,0,0,0,0
0.0,0,0,596.0,200.0,592.0,339.0,454.0,337.0,456.0,199.0,0,0,0,0
0.0,0,0,593.0,206.0,591.0,343.0,454.0,341.0,456.0,201.0,0,0,0,0
0.0,0,0,593.0,203.0,591.0,340.0,452.0,337.0,456.0,200.0,0,0,0,0
0.0,0,0,593.0,201.0,591.0,340.0,452.0,337.0,456.0,200.0,0,0,0,0
0.0,0,0,593.0,202.0,591.0,340.0,453.0,337.0,456.0,200.0,0,0,0,0
0.0,0,0,593.0,202.0,591.0,340.0,453.0,337.0,456.0,200.0,0,0,0,0
0.0,0,0,593.0,202.0,591.0,340.0,452.0,337.0,456.0,200.0,0,0,0,0
0.0,0,0,593.0,202.0,591.0,340.0,452.0,337.0,456.0,200.0,0,0,0,0
0.0,0,0,593.0,201.0,591.0,339.0,455.0,336.0,456.0,200.0,0,0,0,0
0.0,0,0,593.0,201.0,591.0,339.0,455.0,336.0,456.0,200.0,0,0,0,0
0.0,0,0,592.0,207.0,591.0,342.0,455.0,340.0,458.0,204.0,0,0,0,0
0.0,0,0,593.0,205.0,589.0,340.0,454.0,337.0,456.0,201.0,0,0,0,0
0.0,0,0,592.0,203.0,588.0,339.0,453.0,337.0,456.0,200.0,0,0,0,0
0.0,0,0,593.0,204.0,590.0,339.0,454.0,337.0,456.0,200.0,0,0,0,0
0.0,0,0,593.0,205.0,589.0,338.0,455.0,336.0,456.0,201.0,0,0,0,0
0.0,0,0,593.0,205.0,589.0,338.0,455.0,336.0,456.0,201.0,0,0,0,0
0.0,0,0,592.0,208.0,587.0,339.0,455.0,337.0,457.0,204.0,0,0,0,0
0.0,0,0,591.0,208.0,586.0,340.0,455.0,339.0,457.0,208.0,0,0,0,0
0.0,0,0,589.0,213.0,584.0,342.0,456.0,339.0,458.0,210.0,0,0,0,0
0.0,0,0,589.0,216.0,584.0,343.0,457.0,342.0,461.0,214.0,0,0,0,0
0.0,0,0,589.0,216.0,584.0,343.0,457.0,342.0,461.0,214.0,0,0,0,0
0.0,0,0,589.0,216.0,584.0,342.0,459.0,340.0,463.0,215.0,0,0,0,0
0.0,0,0,588.0,220.0,584.0,344.0,462.0,342.0,464.0,216.0,0,0,0,0
0.0,0,0,587.0,222.0,584.0,343.0,463.0,341.0,465.0,219.0,0,0,0,0
0.0,0,0,586.0,224.0,584.0,344.0,463.0,342.0,465.0,223.0,0,0,0,0
0.0,0,0,586.0,224.0,584.0,344.0,463.0,342.0,465.0,223.0,0,0,0,0
0.0,0,0,585.0,225.0,584.0,344.0,464.0,342.0,465.0,224.0,0,0,0,0
0.0,0,0,584.0,227.0,583.0,344.0,465.0,342.0,466.0,224.0,0,0,0,0
0.0,0,0,583.0,229.0,581.0,344.0,465.0,342.0,467.0,227.0,0,0,0,0
0.0,0,0,582.0,230.0,578.0,343.0,465.0,342.0,467.0,228.0,0,0,0,0
0.0,0,0,580.0,232.0,577.0,344.0,466.0,343.0,468.0,232.0,0,0,0,0
0.0,0,0,580.0,232.0,577.0,344.0,466.0,343.0,468.0,232.0,0,0,0,0
0.0,0,0,580.0,234.0,576.0,344.0,467.0,344.0,469.0,232.0,0,0,0,0
0.0,0,0,579.0,235.0,576.0,344.0,466.0,344.0,468.0,232.0,0,0,0,0
0.0,0,0,578.0,235.0,576.0,344.0,467.0,344.0,469.0,232.0,0,0,0,0
0.0,0,0,579.0,234.0,576.0,344.0,467.0,343.0,469.0,232.0,0,0,0,0
0.0,0,0,579.0,234.0,576.0,344.0,467.0,343.0,469.0,232.0,0,0,0,0
0.0,0,0,579.0,234.0,576.0,344.0,467.0,343.0,469.0,232.0,0,0,0,0
0.0,0,0,579.0,234.0,576.0,344.0,466.0,343.0,469.0,232.0,0,0,0,0
0.0,0,0,579.0,234.0,576.0,344.0,467.0,343.0,469.0,232.0,0,0,0,0
0.0,0,0,579.0,234.0,576.0,344.0,467.0,343.0,469.0,232.0,0,0,0,0
0.0,0,0,579.0,234.0,576.0,344.0,467.0,343.0,469.0,232.0,0,0,0,0
0.0,0,0,579.0,234.0,576.0,344.0,467.0,343.0,469.0,232.0,0,0,0,0
0.0,0,0,579.0,234.0,576.0,344.0,466.0,342.0,469.0,232.0,0,0,0,0
0.0,0,0,579.0,234.0,576.0,344.0,467.0,343.0,469.0,232.0,0,0,0,0
0.0,0,0,579.0,234.0,576.0,344.0,467.0,343.0,469.0,232.0,0,0,0,0
0.0,0,0,579.0,234.0,576.0,344.0,467.0,343.0,469.0,232.0,0,0,0,0
0.0,0,0,579.0,233.0,576.0,344.0,466.0,342.0,469.0,232.0,0,0,0,0
0.0,0,0,579.0,234.0,576.0,344.0,467.0,343.0,469.0,232.0,0,0,0,0
0.0,0,0,579.0,234.0,576.0,344.0,467.0,343.0,469.0,232.0,0,0,0,0
0.0,0,0,580.0,234.0,576.0,344.0,467.0,343.0,469.0,232.0,0,0,0,0
0.0,0,0,580.0,234.0,576.0,344.0,467.0,343.0,469.0,232.0,0,0,0,0
0.0,0,0,579.0,233.0,576.0,344.0,466.0,342.0,469.0,232.0,0,0,0,0
0.0,0,0,579.0,234.0,576.0,344.0,467.0,343.0,469.0,232.0,0,0,0,0
0.0,0,0,579.0,234.0,576.0,344.0,467.0,343.0,469.0,232.0,0,0,0,0
0.0,0,0,579.0,233.0,576.0,344.0,466.0,342.0,469.0,232.0,0,0,0,0
0.0,0,0,579.0,233.0,576.0,344.0,467.0,343.0,469.0,232.0,0,0,0,0
0.0,0,0,579.0,233.0,576.0,344.0,467.0,343.0,469.0,232.0,0,0,0,0
0.0,0,0,579.0,233.0,576.0,344.0,467.0,343.0,469.0,232.0,0,0,0,0
0.0,0,0,579.0,234.0,576.0,344.0,467.0,343.0,469.0,232.0,0,0,0,0
0.0,0,0,579.0,233.0,576.0,344.0,466.0,342.0,469.0,232.0,0,0,0,0
0.0,0,0,579.0,233.0,576.0,344.0,467.0,342.0,469.0,232.0,0,0,0,0
0.0,0,0,579.0,233.0,576.0,344.0,467.0,342.0,469.0,232.0,0,0,0,0
0.0,0,0,579.0,234.0,576.0,344.0,467.0,343.0,469.0,232.0,0,0,0,0
0.0,0,0,580.0,234.0,576.0,344.0,467.0,343.0,469.0,232.0,0,0,0,0
0.0,0,0,578.0,236.0,576.0,344.0,467.0,344.0,469.0,233.0,0,0,0,0
0.0,0,0,579.0,233.0,576.0,343.0,467.0,341.0,469.0,232.0,0,0,0,0
0.0,0,0,579.0,233.0,576.0,343.0,467.0,341.0,469.0,232.0,0,0,0,0
0.0,0,0,579.0,234.0,576.0,343.0,468.0,342.0,469.0,233.0,0,0,0,0
0.0,0,0,577.0,237.0,576.0,344.0,468.0,343.0,471.0,235.0,0,0,0,0
0.0,0,0,577.0,238.0,575.0,344.0,468.0,343.0,470.0,237.0,0,0,0,0
0.0,0,0,576.0,239.0,574.0,344.0,468.0,343.0,470.0,238.0,0,0,0,0
0.0,0,0,576.0,239.0,574.0,344.0,468.0,343.0,470.0,238.0,0,0,0,0
0.0,0,0,575.0,242.0,572.0,344.0,468.0,343.0,469.0,240.0,0,0,0,0
0.0,0,0,573.0,242.0,571.0,344.0,468.0,343.0,470.0,240.0,0,0,0,0
0.0,0,0,572.0,244.0,569.0,344.0,468.0,343.0,470.0,242.0,0,0,0,0
0.0,0,0,571.0,246.0,569.0,345.0,468.0,345.0,470.0,244.0,0,0,0,0
0.0,0,0,571.0,246.0,569.0,345.0,468.0,345.0,470.0,244.0,0,0,0,0
0.0,0,0,571.0,246.0,569.0,345.0,468.0,344.0,471.0,244.0,0,0,0,0
0.0,0,0,570.0,245.0,568.0,344.0,468.0,344.0,470.0,244.0,0,0,0,0
0.0,0,0,570.0,245.0,568.0,344.0,468.0,343.0,470.0,244.0,0,0,0,0
0.0,0,0,571.0,244.0,568.0,344.0,468.0,342.0,470.0,243.0,0,0,0,0
0.0,0,0,570.0,246.0,568.0,344.0,469.0,343.0,471.0,245.0,0,0,0,0
0.0,0,0,570.0,246.0,568.0,344.0,469.0,343.0,471.0,245.0,0,0,0,0
0.0,0,0,570.0,250.0,568.0,346.0,470.0,345.0,472.0,248.0,0,0,0,0
0.0,0,0,570.0,251.0,568.0,346.0,472.0,346.0,474.0,250.0,0,0,0,0
0.0,0,0,569.0,252.0,567.0,346.0,472.0,346.0,474.0,251.0,0,0,0,0
0.0,0,0,569.0,253.0,567.0,346.0,472.0,346.0,474.0,251.0,0,0,0,0
0.0,0,0,569.0,253.0,567.0,346.0,472.0,346.0,474.0,251.0,0,0,0,0
0.0,0,0,569.0,252.0,567.0,346.0,472.0,345.0,475.0,251.0,0,0,0,0
0.0,0,0,569.0,252.0,567.0,346.0,472.0,345.0,474.0,251.0,0,0,0,0
0.0,0,0,569.0,252.0,567.0,346.0,472.0,345.0,474.0,251.0,0,0,0,0
0.0,0,0,569.0,251.0,567.0,346.0,472.0,345.0,475.0,251.0,0,0,0,0
0.0,0,0,569.0,251.0,567.0,346.0,472.0,345.0,475.0,251.0,0,0,0,0
0.0,0,0,570.0,252.0,567.0,346.0,472.0,345.0,475.0,251.0,0,0,0,0
0.0,0,0,569.0,251.0,567.0,346.0,472.0,345.0,475.0,251.0,0,0,0,0
0.0,0,0,569.0,251.0,567.0,346.0,472.0,345.0,474.0,251.0,0,0,0,0
0.0,0,0,569.0,252.0,567.0,346.0,472.0,345.0,475.0,251.0,0,0,0,0
0.0,0,0,569.0,252.0,567.0,346.0,472.0,345.0,475.0,251.0,0,0,0,0
0.0,0,0,569.0,252.0,567.0,346.0,472.0,345.0,475.0,251.0,0,0,0,0
0.0,0,0,569.0,251.0,567.0,346.0,472.0,345.0,475.0,251.0,0,0,0,0
0.0,0,0,569.0,251.0,567.0,346.0,472.0,345.0,474.0,251.0,0,0,0,0
0.0,0,0,570.0,252.0,567.0,346.0,472.0,345.0,475.0,251.0,0,0,0,0
0.0,0,0,570.0,252.0,567.0,346.0,472.0,345.0,475.0,251.0,0,0,0,0
0.0,0,0,569.0,251.0,567.0,346.0,472.0,345.0,475.0,251.0,0,0,0,0
0.0,0,0,569.0,251.0,567.0,346.0,472.0,345.0,474.0,250.0,0,0,0,0
0.0,0,0,569.0,251.0,567.0,346.0,472.0,345.0,475.0,251.0,0,0,0,0
0.0,0,0,570.0,251.0,567.0,346.0,472.0,345.0,475.0,251.0,0,0,0,0
0.0,0,0,569.0,251.0,567.0,346.0,472.0,345.0,475.0,251.0,0,0,0,0
0.0,0,0,569.0,251.0,567.0,346.0,472.0,345.0,475.0,251.0,0,0,0,0
0.0,0,0,569.0,251.0,567.0,346.0,472.0,345.0,474.0,250.0,0,0,0,0
0.0,0,0,570.0,251.0,567.0,346.0,472.0,345.0,475.0,251.0,0,0,0,0
0.0,0,0,569.0,251.0,567.0,346.0,472.0,345.0,475.0,251.0,0,0,0,0
0.0,0,0,569.0,251.0,567.0,346.0,472.0,345.0,474.0,250.0,0,0,0,0
0.0,0,0,569.0,251.0,567.0,346.0,472.0,345.0,474.0,250.0,0,0,0,0
0.0,0,0,569.0,250.0,567.0,344.0,472.0,343.0,474.0,248.0,0,0,0,0
0.0,0,0,569.0,254.0,567.0,347.0,473.0,347.0,475.0,252.0,0,0,0,0
0.0,0,0,569.0,254.0,567.0,347.0,473.0,347.0,475.0,252.0,0,0,0,0
0.0,0,0,569.0,253.0,567.0,346.0,473.0,345.0,474.0,251.0,0,0,0,0
0.0,0,0,569.0,253.0,567.0,346.0,473.0,345.0,474.0,251.0,0,0,0,0
0.0,0,0,569.0,250.0,567.0,343.0,473.0,342.0,475.0,248.0,0,0,0,0
0.0,0,0,569.0,254.0,567.0,346.0,473.0,345.0,475.0,252.0,0,0,0,0
0.0,0,0,568.0,254.0,566.0,345.0,474.0,344.0,476.0,252.0,0,0,0,0
0.0,0,0,568.0,255.0,565.0,345.0,475.0,345.0,476.0,252.0,0,0,0,0
0.0,0,0,568.0,255.0,565.0,345.0,475.0,345.0,476.0,252.0,0,0,0,0
0.0,0,0,568.0,254.0,565.0,344.0,475.0,341.0,476.0,252.0,0,0,0,0
0.0,0,0,567.0,254.0,564.0,344.0,475.0,341.0,477.0,253.0,0,0,0,0
0.0,0,0,566.0,257.0,564.0,344.0,475.0,342.0,477.0,254.0,0,0,0,0
0.0,0,0,565.0,259.0,563.0,345.0,475.0,346.0,477.0,257.0,0,0,0,0
0.0,0,0,565.0,259.0,563.0,345.0,475.0,346.0,477.0,257.0,0,0,0,0
0.0,0,0,564.0,260.0,562.0,347.0,475.0,347.0,476.0,259.0,0,0,0,0
0.0,0,0,562.0,263.0,561.0,347.0,475.0,347.0,476.0,260.0,0,0,0,0
0.0,0,0,561.0,263.0,559.0,347.0,475.0,347.0,476.0,260.0,0,0,0,0
0.0,0,0,561.0,264.0,557.0,347.0,475.0,347.0,476.0,261.0,0,0,0,0
0.0,0,0,559.0,265.0,557.0,348.0,474.0,347.0,476.0,263.0,0,0,0,0
0.0,0,0,559.0,265.0,557.0,348.0,474.0,347.0,476.0,263.0,0,0,0,0
0.0,0,0,558.0,265.0,556.0,347.0,474.0,346.0,475.0,263.0,0,0,0,0
0.0,0,0,558.0,266.0,556.0,348.0,474.0,347.0,475.0,265.0,0,0,0,0
0.0,0,0,557.0,268.0,555.0,348.0,475.0,347.0,476.0,267.0,0,0,0,0
0.0,0,0,557.0,269.0,555.0,348.0,475.0,348.0,476.0,268.0,0,0,0,0
0.0,0,0,557.0,269.0,555.0,348.0,475.0,348.0,476.0,268.0,0,0,0,0
0.0,0,0,556.0,270.0,554.0,348.0,475.0,348.0,476.0,268.0,0,0,0,0
0.0,0,0,554.0,272.0,554.0,349.0,475.0,348.0,476.0,270.0,0,0,0,0
0.0,0,0,555.0,273.0,553.0,351.0,475.0,349.0,478.0,272.0,0,0,0,0
0.0,0,0,554.0,273.0,553.0,350.0,475.0,349.0,478.0,272.0,0,0,0,0
0.0,0,0,554.0,273.0,553.0,350.0,475.0,349.0,478.0,272.0,0,0,0,0
0.0,0,0,553.0,272.0,554.0,349.0,475.0,348.0,478.0,271.0,0,0,0,0
0.0,0,0,554.0,272.0,554.0,349.0,475.0,348.0,478.0,271.0,0,0,0,0
0.0,0,0,554.0,272.0,554.0,349.0,475.0,348.0,478.0,271.0,0,0,0,0
0.0,0,0,553.0,272.0,554.0,349.0,475.0,348.0,477.0,271.0,0,0,0,0
0.0,0,0,553.0,272.0,554.0,349.0,475.0,348.0,477.0,271.0,0,0,0,0
0.0,0,0,554.0,272.0,554.0,349.0,475.0,348.0,478.0,271.0,0,0,0,0
0.0,0,0,554.0,272.0,554.0,349.0,475.0,348.0,478.0,271.0,0,0,0,0
0.0,0,0,553.0,272.0,554.0,349.0,475.0,348.0,477.0,271.0,0,0,0,0
0.0,0,0,553.0,272.0,554.0,349.0,475.0,348.0,478.0,271.0,0,0,0,0
0.0,0,0,553.0,272.0,554.0,349.0,475.0,348.0,478.0,271.0,0,0,0,0
0.0,0,0,554.0,272.0,554.0,349.0,475.0,348.0,478.0,271.0,0,0,0,0
0.0,0,0,554.0,272.0,554.0,349.0,475.0,348.0,478.0,271.0,0,0,0,0
0.0,0,0,553.0,272.0,554.0,348.0,475.0,348.0,477.0,271.0,0,0,0,0
0.0,0,0,554.0,272.0,554.0,349.0,476.0,348.0,478.0,271.0,0,0,0,0
0.0,0,0,554.0,272.0,554.0,349.0,476.0,348.0,478.0,271.0,0,0,0,0
0.0,0,0,554.0,272.0,554.0,349.0,476.0,348.0,478.0,271.0,0,0,0,0
0.0,0,0,554.0,272.0,554.0,348.0,475.0,348.0,477.0,271.0,0,0,0,0
0.0,0,0,553.0,272.0,554.0,348.0,476.0,348.0,478.0,271.0,0,0,0,0
0.0,0,0,554.0,272.0,554.0,349.0,476.0,348.0,478.0,271.0,0,0,0,0
0.0,0,0,554.0,272.0,554.0,349.0,476.0,348.0,478.0,271.0,0,0,0,0
0.0,0,0,554.0,272.0,554.0,349.0,476.0,348.0,478.0,271.0,0,0,0,0
0.0,0,0,553.0,272.0,553.0,348.0,476.0,348.0,477.0,271.0,0,0,0,0
0.0,0,0,554.0,272.0,554.0,349.0,476.0,348.0,478.0,271.0,0,0,0,0
0.0,0,0,554.0,272.0,554.0,349.0,476.0,348.0,478.0,271.0,0,0,0,0
0.0,0,0,554.0,272.0,554.0,348.0,476.0,348.0,477.0,271.0,0,0,0,0
0.0,0,0,554.0,272.0,554.0,348.0,476.0,348.0,477.0,271.0,0,0,0,0
0.0,0,0,554.0,271.0,553.0,347.0,476.0,348.0,476.0,268.0,0,0,0,0
0.0,0,0,554.0,273.0,553.0,351.0,475.0,349.0,478.0,272.0,0,0,0,0
0.0,0,0,554.0,275.0,552.0,352.0,476.0,351.0,478.0,273.0,0,0,0,0
0.0,0,0,553.0,273.0,553.0,350.0,475.0,348.0,478.0,272.0,0,0,0,0
0.0,0,0,553.0,273.0,553.0,350.0,475.0,348.0,478.0,272.0,0,0,0,0
0.0,0,0,553.0,272.0,552.0,348.0,475.0,347.0,477.0,270.0,0,0,0,0
0.0,0,0,552.0,275.0,551.0,352.0,475.0,350.0,477.0,273.0,0,0,0,0
0.0,0,0,552.0,278.0,551.0,352.0,474.0,351.0,476.0,275.0,0,0,0,0
0.0,0,0,552.0,279.0,550.0,353.0,475.0,352.0,477.0,278.0,0,0,0,0
0.0,0,0,552.0,280.0,550.0,353.0,477.0,352.0,478.0,279.0,0,0,0,0
0.0,0,0,552.0,280.0,550.0,353.0,477.0,352.0,478.0,279.0,0,0,0,0
0.0,0,0,552.0,281.0,549.0,354.0,478.0,353.0,478.0,280.0,0,0,0,0
0.0,0,0,551.0,282.0,549.0,355.0,477.0,354.0,478.0,280.0,0,0,0,0
0.0,0,0,551.0,284.0,548.0,356.0,476.0,355.0,479.0,282.0,0,0,0,0
0.0,0,0,550.0,286.0,548.0,356.0,478.0,357.0,479.0,285.0,0,0,0,0
0.0,0,0,550.0,286.0,548.0,356.0,478.0,357.0,479.0,285.0,0,0,0,0
0.0,0,0,550.0,288.0,548.0,358.0,478.0,358.0,479.0,286.0,0,0,0,0
0.0,0,0,549.0,288.0,547.0,359.0,478.0,359.0,479.0,288.0,0,0,0,0
0.0,0,0,551.0,292.0,547.0,361.0,478.0,361.0,480.0,289.0,0,0,0,0
0.0,0,0,551.0,294.0,547.0,362.0,479.0,361.0,479.0,290.0,0,0,0,0
0.0,0,0,551.0,294.0,547.0,362.0,479.0,361.0,479.0,290.0,0,0,0,0
0.0,0,0,551.0,292.0,547.0,361.0,479.0,361.0,480.0,289.0,0,0,0,0
0.0,0,0,551.0,292.0,546.0,361.0,478.0,360.0,480.0,289.0,0,0,0,0
0.0,0,0,551.0,292.0,547.0,361.0,478.0,360.0,480.0,289.0,0,0,0,0
0.0,0,0,551.0,292.0,548.0,361.0,479.0,361.0,480.0,289.0,0,0,0,0
0.0,0,0,551.0,292.0,548.0,361.0,479.0,361.0,480.0,289.0,0,0,0,0
0.0,0,0,551.0,292.0,547.0,361.0,478.0,360.0,480.0,289.0,0,0,0,0
0.0,0,0,551.0,292.0,547.0,360.0,478.0,360.0,480.0,289.0,0,0,0,0
0.0,0,0,551.0,292.0,548.0,361.0,479.0,361.0,480.0,289.0,0,0,0,0
0.0,0,0,551.0,292.0,547.0,360.0,478.0,360.0,480.0,289.0,0,0,0,0
0.0,0,0,551.0,292.0,547.0,360.0,478.0,360.0,480.0,289.0,0,0,0,0
0.0,0,0,551.0,292.0,547.0,360.0,478.0,360.0,480.0,289.0,0,0,0,0
0.0,0,0,551.0,292.0,547.0,360.0,478.0,360.0,480.0,289.0,0,0,0,0
0.0,0,0,551.0,292.0,548.0,361.0,479.0,361.0,480.0,289.0,0,0,0,0
0.0,0,0,551.0,292.0,547.0,360.0,479.0,360.0,480.0,289.0,0,0,0,0
0.0,0,0,551.0,292.0,547.0,360.0,478.0,360.0,480.0,289.0,0,0,0,0
0.0,0,0,551.0,292.0,547.0,360.0,478.0,360.0,480.0,289.0,0,0,0,0
0.0,0,0,551.0,292.0,548.0,361.0,479.0,361.0,480.0,289.0,0,0,0,0
0.0,0,0,551.0,292.0,547.0,360.0,478.0,360.0,480.0,289.0,0,0,0,0
0.0,0,0,551.0,292.0,547.0,360.0,479.0,360.0,480.0,289.0,0,0,0,0
0.0,0,0,551.0,291.0,547.0,360.0,478.0,360.0,480.0,289.0,0,0,0,0
0.0,0,0,551.0,291.0,547.0,360.0,478.0,360.0,480.0,289.0,0,0,0,0
0.0,0,0,551.0,292.0,548.0,361.0,479.0,361.0,480.0,289.0,0,0,0,0
0.0,0,0,551.0,292.0,547.0,360.0,479.0,360.0,480.0,289.0,0,0,0,0
0.0,0,0,551.0,291.0,547.0,360.0,478.0,360.0,480.0,289.0,0,0,0,0
0.0,0,0,551.0,292.0,548.0,361.0,479.0,361.0,480.0,289.0,0,0,0,0
0.0,0,0,551.0,292.0,548.0,361.0,479.0,361.0,480.0,289.0,0,0,0,0
0.0,0,0,550.0,289.0,547.0,359.0,479.0,358.0,480.0,288.0,0,0,0,0
0.0,0,0,550.0,295.0,546.0,362.0,479.0,361.0,479.0,290.0,0,0,0,0
0.0,0,0,550.0,295.0,547.0,362.0,479.0,361.0,480.0,292.0,0,0,0,0
0.0,0,0,550.0,295.0,547.0,362.0,479.0,361.0,480.0,291.0,0,0,0,0
0.0,0,0,550.0,295.0,547.0,362.0,479.0,361.0,480.0,291.0,0,0,0,0
0.0,0,0,549.0,288.0,545.0,359.0,479.0,358.0,480.0,289.0,0,0,0,0
0.0,0,0,548.0,295.0,546.0,362.0,480.0,361.0,480.0,294.0,0,0,0,0
0.0,0,0,548.0,296.0,545.0,361.0,480.0,361.0,480.0,294.0,0,0,0,0
0.0,0,0,548.0,296.0,547.0,364.0,479.0,362.0,480.0,296.0,0,0,0,0
0.0,0,0,549.0,296.0,546.0,365.0,479.0,362.0,480.0,296.0,0,0,0,0
0.0,0,0,549.0,296.0,546.0,365.0,480.0,365.0,480.0,297.0,0,0,0,0
0.0,0,0,547.0,302.0,545.0,366.0,480.0,366.0,480.0,298.0,0,0,0,0
0.0,0,0,548.0,304.0,545.0,367.0,480.0,366.0,480.0,301.0,0,0,0,0
0.0,0,0,548.0,304.0,545.0,368.0,480.0,367.0,483.0,303.0,0,0,0,0
0.0,0,0,548.0,304.0,545.0,368.0,480.0,367.0,482.0,303.0,0,0,0,0
0.0,0,0,548.0,304.0,545.0,368.0,480.0,367.0,482.0,303.0,0,0,0,0
0.0,0,0,548.0,304.0,545.0,369.0,481.0,368.0,484.0,304.0,0,0,0,0
0.0,0,0,546.0,305.0,544.0,369.0,481.0,368.0,483.0,304.0,0,0,0,0
0.0,0,0,545.0,310.0,544.0,369.0,481.0,368.0,484.0,304.0,0,0,0,0
0.0,0,0,544.0,309.0,544.0,369.0,480.0,369.0,481.0,305.0,0,0,0,0
0.0,0,0,544.0,309.0,544.0,369.0,480.0,369.0,481.0,305.0,0,0,0,0
0.0,0,0,544.0,310.0,544.0,369.0,481.0,368.0,482.0,307.0,0,0,0,0
0.0,0,0,545.0,311.0,544.0,369.0,481.0,369.0,483.0,312.0,0,0,0,0
0.0,0,0,544.0,311.0,543.0,370.0,480.0,369.0,483.0,312.0,0,0,0,0
0.0,0,0,544.0,312.0,543.0,373.0,480.0,372.0,484.0,312.0,0,0,0,0
0.0,0,0,544.0,312.0,543.0,373.0,480.0,372.0,484.0,312.0,0,0,0,0
0.0,0,0,544.0,312.0,544.0,374.0,480.0,373.0,484.0,312.0,0,0,0,0
0.0,0,0,544.0,316.0,543.0,376.0,482.0,375.0,483.0,312.0,0,0,0,0
0.0,0,0,544.0,316.0,543.0,376.0,482.0,375.0,484.0,312.0,0,0,0,0
0.0,0,0,544.0,316.0,543.0,374.0,482.0,375.0,484.0,312.0,0,0,0,0
0.0,0,0,544.0,316.0,543.0,374.0,482.0,375.0,484.0,312.0,0,0,0,0
0.0,0,0,544.0,316.0,543.0,374.0,482.0,375.0,484.0,312.0,0,0,0,0
0.0,0,0,544.0,315.0,543.0,374.0,481.0,375.0,484.0,312.0,0,0,0,0
0.0,0,0,544.0,315.0,543.0,374.0,481.0,375.0,484.0,312.0,0,0,0,0
0.0,0,0,544.0,315.0,543.0,374.0,482.0,375.0,484.0,312.0,0,0,0,0
0.0,0,0,544.0,316.0,543.0,374.0,482.0,375.0,484.0,312.0,0,0,0,0
0.0,0,0,544.0,316.0,543.0,374.0,482.0,375.0,484.0,312.0,0,0,0,0
0.0,0,0,544.0,315.0,543.0,374.0,481.0,375.0,484.0,312.0,0,0,0,0
0.0,0,0,544.0,315.0,543.0,374.0,482.0,375.0,484.0,312.0,0,0,0,0
0.0,0,0,544.0,315.0,543.0,374.0,482.0,375.0,484.0,312.0,0,0,0,0
0.0,0,0,544.0,315.0,543.0,374.0,481.0,375.0,484.0,312.0,0,0,0,0
0.0,0,0,544.0,315.0,543.0,374.0,481.0,375.0,484.0,312.0,0,0,0,0
0.0,0,0,544.0,315.0,543.0,374.0,481.0,375.0,484.0,312.0,0,0,0,0
0.0,0,0,544.0,315.0,543.0,374.0,482.0,375.0,484.0,312.0,0,0,0,0
0.0,0,0,544.0,315.0,543.0,374.0,482.0,375.0,484.0,312.0,0,0,0,0
0.0,0,0,544.0,315.0,543.0,374.0,481.0,375.0,484.0,312.0,0,0,0,0
0.0,0,0,544.0,315.0,543.0,374.0,481.0,375.0,484.0,312.0,0,0,0,0
0.0,0,0,544.0,315.0,543.0,374.0,482.0,375.0,484.0,312.0,0,0,0,0
0.0,0,0,544.0,315.0,544.0,374.0,482.0,375.0,484.0,312.0,0,0,0,0
0.0,0,0,544.0,315.0,544.0,374.0,482.0,375.0,484.0,312.0,0,0,0,0
0.0,0,0,544.0,315.0,543.0,374.0,481.0,375.0,484.0,312.0,0,0,0,0
0.0,0,0,544.0,315.0,543.0,374.0,481.0,375.0,484.0,312.0,0,0,0,0
0.0,0,0,544.0,313.0,543.0,374.0,480.0,372.0,484.0,312.0,0,0,0,0
0.0,0,0,544.0,316.0,543.0,376.0,482.0,375.0,483.0,313.0,0,0,0,0
0.0,0,0,543.0,317.0,542.0,376.0,482.0,375.0,483.0,316.0,0,0,0,0
0.0,0,0,544.0,316.0,543.0,375.0,481.0,375.0,483.0,312.0,0,0,0,0
0.0,0,0,544.0,316.0,543.0,375.0,481.0,375.0,483.0,312.0,0,0,0,0
0.0,0,0,543.0,314.0,543.0,373.0,480.0,372.0,484.0,312.0,0,0,0,0
0.0,0,0,544.0,316.0,543.0,375.0,482.0,375.0,484.0,312.0,0,0,0,0
0.0,0,0,544.0,317.0,542.0,375.0,481.0,375.0,483.0,314.0,0,0,0,0
0.0,0,0,543.0,318.0,541.0,376.0,482.0,375.0,482.0,319.0,0,0,0,0
0.0,0,0,541.0,319.0,540.0,376.0,482.0,376.0,484.0,320.0,0,0,0,0
0.0,0,0,541.0,319.0,540.0,376.0,482.0,376.0,484.0,320.0,0,0,0,0
0.0,0,0,541.0,320.0,539.0,376.0,481.0,376.0,484.0,320.0,0,0,0,0
0.0,0,0,541.0,320.0,539.0,376.0,482.0,376.0,484.0,320.0,0,0,0,0
0.0,0,0,542.0,321.0,539.0,376.0,482.0,376.0,484.0,320.0,0,0,0,0
0.0,0,0,542.0,321.0,539.0,376.0,483.0,376.0,485.0,320.0,0,0,0,0
0.0,0,0,542.0,321.0,539.0,376.0,483.0,376.0,485.0,320.0,0,0,0,0
0.0,0,0,542.0,321.0,538.0,376.0,483.0,376.0,485.0,320.0,0,0,0,0
0.0,0,0,542.0,321.0,539.0,376.0,484.0,376.0,485.0,320.0,0,0,0,0
0.0,0,0,542.0,321.0,539.0,376.0,485.0,376.0,486.0,320.0,0,0,0,0
0.0,0,0,542.0,321.0,539.0,376.0,484.0,376.0,486.0,320.0,0,0,0,0
0.0,0,0,542.0,321.0,539.0,376.0,484.0,376.0,486.0,320.0,0,0,0,0
0.0,0,0,542.0,320.0,539.0,375.0,485.0,376.0,486.0,319.0,0,0,0,0
0.0,0,0,541.0,320.0,538.0,375.0,486.0,374.0,486.0,319.0,0,0,0,0
0.0,0,0,541.0,320.0,537.0,374.0,487.0,373.0,487.0,318.0,0,0,0,0
0.0,0,0,539.0,320.0,536.0,372.0,486.0,369.0,487.0,318.0,0,0,0,0
0.0,0,0,539.0,320.0,536.0,372.0,486.0,369.0,487.0,318.0,0,0,0,0
0.0,0,0,538.0,320.0,536.0,372.0,486.0,370.0,486.0,319.0,0,0,0,0
0.0,0,0,538.0,320.0,536.0,373.0,487.0,373.0,486.0,319.0,0,0,0,0
0.0,0,0,538.0,320.0,536.0,373.0,485.0,372.0,486.0,319.0,0,0,0,0
0.0,0,0,538.0,320.0,536.0,372.0,486.0,369.0,486.0,319.0,0,0,0,0
0.0,0,0,538.0,320.0,536.0,371.0,486.0,369.0,486.0,319.0,0,0,0,0
0.0,0,0,538.0,320.0,536.0,371.0,486.0,369.0,486.0,319.0,0,0,0,0
0.0,0,0,538.0,320.0,536.0,372.0,486.0,369.0,486.0,319.0,0,0,0,0
0.0,0,0,537.0,320.0,536.0,372.0,486.0,369.0,486.0,319.0,0,0,0,0
0.0,0,0,538.0,319.0,536.0,370.0,486.0,368.0,486.0,319.0,0,0,0,0
0.0,0,0,537.0,319.0,536.0,370.0,486.0,368.0,487.0,318.0,0,0,0,0
0.0,0,0,537.0,319.0,536.0,370.0,486.0,368.0,487.0,318.0,0,0,0,0
0.0,0,0,538.0,319.0,536.0,370.0,486.0,368.0,487.0,318.0,0,0,0,0
0.0,0,0,537.0,319.0,536.0,369.0,485.0,368.0,487.0,318.0,0,0,0,0
0.0,0,0,537.0,319.0,536.0,369.0,485.0,368.0,487.0,318.0,0,0,0,0
0.0,0,0,538.0,319.0,536.0,370.0,486.0,368.0,487.0,318.0,0,0,0,0
0.0,0,0,538.0,319.0,536.0,370.0,486.0,368.0,487.0,318.0,0,0,0,0
0.0,0,0,537.0,319.0,536.0,369.0,485.0,368.0,487.0,318.0,0,0,0,0
0.0,0,0,537.0,319.0,536.0,369.0,485.0,368.0,487.0,318.0,0,0,0,0
0.0,0,0,537.0,319.0,536.0,370.0,486.0,368.0,487.0,318.0,0,0,0,0
0.0,0,0,538.0,319.0,536.0,370.0,486.0,368.0,487.0,318.0,0,0,0,0
0.0,0,0,538.0,319.0,536.0,370.0,486.0,368.0,487.0,318.0,0,0,0,0
0.0,0,0,537.0,319.0,536.0,369.0,485.0,368.0,487.0,318.0,0,0,0,0
0.0,0,0,537.0,319.0,536.0,369.0,485.0,368.0,487.0,318.0,0,0,0,0
0.0,0,0,538.0,319.0,536.0,370.0,486.0,368.0,487.0,318.0,0,0,0,0
0.0,0,0,537.0,319.0,536.0,369.0,485.0,368.0,487.0,318.0,0,0,0,0
0.0,0,0,537.0,319.0,536.0,369.0,485.0,368.0,487.0,318.0,0,0,0,0
0.0,0,0,537.0,319.0,536.0,369.0,485.0,368.0,487.0,318.0,0,0,0,0
0.0,0,0,537.0,319.0,536.0,369.0,486.0,368.0,487.0,318.0,0,0,0,0
0.0,0,0,538.0,319.0,536.0,369.0,486.0,368.0,487.0,318.0,0,0,0,0
0.0,0,0,537.0,319.0,536.0,369.0,485.0,368.0,487.0,318.0,0,0,0,0
0.0,0,0,536.0,318.0,536.0,368.0,484.0,368.0,486.0,316.0,0,0,0,0
0.0,0,0,536.0,318.0,536.0,368.0,484.0,368.0,486.0,316.0,0,0,0,0
0.0,0,0,537.0,319.0,536.0,368.0,485.0,368.0,487.0,318.0,0,0,0,0
0.0,0,0,537.0,319.0,536.0,369.0,485.0,368.0,486.0,319.0,0,0,0,0
0.0,0,0,536.0,313.0,535.0,366.0,486.0,366.0,486.0,312.0,0,0,0,0
0.0,0,0,537.0,318.0,536.0,368.0,485.0,367.0,488.0,317.0,0,0,0,0
0.0,0,0,537.0,318.0,536.0,368.0,485.0,367.0,488.0,317.0,0,0,0,0
0.0,0,0,537.0,319.0,536.0,368.0,485.0,368.0,487.0,318.0,0,0,0,0
0.0,0,0,536.0,317.0,535.0,367.0,486.0,367.0,487.0,313.0,0,0,0,0
0.0,0,0,536.0,318.0,536.0,368.0,485.0,367.0,488.0,316.0,0,0,0,0
0.0,0,0,536.0,318.0,535.0,367.0,486.0,367.0,488.0,316.0,0,0,0,0
0.0,0,0,536.0,318.0,535.0,367.0,486.0,367.0,488.0,316.0,0,0,0,0
0.0,0,0,536.0,314.0,536.0,364.0,486.0,364.0,487.0,314.0,0,0,0,0
0.0,0,0,535.0,317.0,535.0,364.0,485.0,366.0,487.0,313.0,0,0,0,0
0.0,0,0,535.0,314.0,536.0,364.0,486.0,361.0,487.0,314.0,0,0,0,0
0.0,0,0,535.0,314.0,535.0,362.0,487.0,361.0,487.0,313.0,0,0,0,0
0.0,0,0,535.0,314.0,535.0,362.0,487.0,361.0,487.0,313.0,0,0,0,0
0.0,0,0,536.0,315.0,536.0,364.0,487.0,362.0,488.0,314.0,0,0,0,0
0.0,0,0,535.0,314.0,536.0,363.0,487.0,361.0,487.0,314.0,0,0,0,0
0.0,0,0,534.0,317.0,536.0,364.0,487.0,361.0,487.0,314.0,0,0,0,0
0.0,0,0,534.0,318.0,536.0,364.0,487.0,361.0,488.0,315.0,0,0,0,0
0.0,0,0,534.0,318.0,536.0,364.0,487.0,361.0,488.0,315.0,0,0,0,0
0.0,0,0,534.0,318.0,535.0,363.0,486.0,361.0,487.0,314.0,0,0,0,0
0.0,0,0,533.0,317.0,533.0,362.0,486.0,361.0,487.0,315.0,0,0,0,0
0.0,0,0,534.0,318.0,534.0,366.0,487.0,366.0,487.0,318.0,0,0,0,0
0.0,0,0,534.0,320.0,533.0,368.0,486.0,366.0,486.0,319.0,0,0,0,0
0.0,0,0,534.0,318.0,534.0,367.0,487.0,366.0,487.0,318.0,0,0,0,0
0.0,0,0,534.0,318.0,534.0,367.0,487.0,366.0,487.0,318.0,0,0,0,0
0.0,0,0,534.0,318.0,534.0,366.0,487.0,366.0,487.0,318.0,0,0,0,0
0.0,0,0,534.0,318.0,534.0,366.0,487.0,365.0,487.0,318.0,0,0,0,0
0.0,0,0,534.0,318.0,534.0,366.0,487.0,366.0,487.0,318.0,0,0,0,0
0.0,0,0,534.0,318.0,533.0,365.0,486.0,363.0,487.0,318.0,0,0,0,0
0.0,0,0,534.0,318.0,533.0,365.0,486.0,363.0,487.0,318.0,0,0,0,0
0.0,0,0,534.0,318.0,534.0,366.0,487.0,366.0,487.0,318.0,0,0,0,0
0.0,0,0,534.0,318.0,534.0,366.0,487.0,365.0,487.0,318.0,0,0,0,0
0.0,0,0,534.0,318.0,533.0,365.0,486.0,363.0,487.0,318.0,0,0,0,0
0.0,0,0,534.0,318.0,534.0,366.0,487.0,365.0,487.0,318.0,0,0,0,0
0.0,0,0,534.0,318.0,534.0,366.0,487.0,365.0,487.0,318.0,0,0,0,0
0.0,0,0,534.0,318.0,534.0,366.0,487.0,365.0,487.0,318.0,0,0,0,0
0.0,0,0,534.0,318.0,534.0,366.0,487.0,365.0,487.0,318.0,0,0,0,0
0.0,0,0,534.0,318.0,533.0,365.0,486.0,363.0,487.0,318.0,0,0,0,0
0.0,0,0,534.0,318.0,534.0,366.0,487.0,364.0,487.0,318.0,0,0,0,0
0.0,0,0,534.0,318.0,534.0,366.0,487.0,364.0,487.0,318.0,0,0,0,0
0.0,0,0,534.0,318.0,534.0,366.0,487.0,365.0,487.0,318.0,0,0,0,0
0.0,0,0,534.0,318.0,533.0,365.0,486.0,363.0,487.0,318.0,0,0,0,0
0.0,0,0,534.0,318.0,533.0,365.0,487.0,365.0,487.0,318.0,0,0,0,0
0.0,0,0,534.0,318.0,534.0,366.0,487.0,364.0,487.0,318.0,0,0,0,0
0.0,0,0,534.0,318.0,534.0,366.0,487.0,364.0,487.0,318.0,0,0,0,0
0.0,0,0,534.0,318.0,534.0,366.0,487.0,365.0,487.0,318.0,0,0,0,0
0.0,0,0,534.0,318.0,533.0,365.0,486.0,363.0,487.0,318.0,0,0,0,0
0.0,0,0,534.0,318.0,534.0,366.0,487.0,364.0,487.0,318.0,0,0,0,0
0.0,0,0,534.0,318.0,534.0,366.0,487.0,365.0,487.0,317.0,0,0,0,0
0.0,0,0,534.0,318.0,534.0,366.0,487.0,365.0,487.0,317.0,0,0,0,0
0.0,0,0,534.0,318.0,533.0,365.0,486.0,363.0,487.0,318.0,0,0,0,0
0.0,0,0,533.0,317.0,534.0,361.0,486.0,361.0,487.0,317.0,0,0,0,0
0.0,0,0,534.0,319.0,534.0,367.0,486.0,366.0,487.0,318.0,0,0,0,0
0.0,0,0,534.0,321.0,533.0,368.0,486.0,367.0,485.0,320.0,0,0,0,0
0.0,0,0,534.0,319.0,534.0,366.0,487.0,366.0,487.0,318.0,0,0,0,0
0.0,0,0,534.0,319.0,534.0,366.0,487.0,366.0,487.0,318.0,0,0,0,0
0.0,0,0,534.0,318.0,534.0,366.0,487.0,366.0,487.0,317.0,0,0,0,0
0.0,0,0,534.0,318.0,532.0,364.0,486.0,362.0,487.0,318.0,0,0,0,0
0.0,0,0,534.0,318.0,532.0,364.0,485.0,363.0,486.0,318.0,0,0,0,0
0.0,0,0,534.0,318.0,532.0,364.0,486.0,362.0,487.0,318.0,0,0,0,0
0.0,0,0,534.0,318.0,532.0,364.0,486.0,362.0,487.0,318.0,0,0,0,0
0.0,0,0,534.0,318.0,532.0,364.0,487.0,363.0,487.0,318.0,0,0,0,0
0.0,0,0,535.0,319.0,532.0,365.0,487.0,365.0,487.0,318.0,0,0,0,0
0.0,0,0,534.0,320.0,533.0,366.0,487.0,365.0,488.0,318.0,0,0,0,0
0.0,0,0,534.0,321.0,533.0,367.0,487.0,366.0,488.0,320.0,0,0,0,0
0.0,0,0,534.0,321.0,533.0,367.0,487.0,366.0,488.0,320.0,0,0,0,0
0.0,0,0,534.0,321.0,534.0,367.0,488.0,366.0,489.0,321.0,0,0,0,0
0.0,0,0,534.0,321.0,534.0,367.0,488.0,366.0,489.0,320.0,0,0,0,0
0.0,0,0,532.0,323.0,533.0,368.0,489.0,366.0,489.0,321.0,0,0,0,0
0.0,0,0,532.0,323.0,533.0,367.0,489.0,366.0,489.0,321.0,0,0,0,0
0.0,0,0,532.0,323.0,533.0,367.0,489.0,366.0,489.0,321.0,0,0,0,0
0.0,0,0,532.0,324.0,533.0,368.0,489.0,366.0,489.0,321.0,0,0,0,0
0.0,0,0,532.0,324.0,533.0,368.0,489.0,366.0,489.0,321.0,0,0,0,0
0.0,0,0,532.0,324.0,533.0,368.0,489.0,366.0,489.0,321.0,0,0,0,0
0.0,0,0,532.0,324.0,531.0,368.0,489.0,366.0,491.0,324.0,0,0,0,0
0.0,0,0,532.0,324.0,531.0,368.0,489.0,366.0,491.0,324.0,0,0,0,0
0.0,0,0,532.0,324.0,530.0,368.0,488.0,367.0,491.0,324.0,0,0,0,0
0.0,0,0,532.0,324.0,530.0,368.0,488.0,367.0,490.0,325.0,0,0,0,0
0.0,0,0,532.0,324.0,530.0,368.0,488.0,367.0,491.0,324.0,0,0,0,0
0.0,0,0,532.0,324.0,530.0,368.0,488.0,367.0,489.0,326.0,0,0,0,0
0.0,0,0,531.0,324.0,530.0,368.0,488.0,368.0,489.0,326.0,0,0,0,0
0.0,0,0,531.0,324.0,530.0,368.0,488.0,368.0,489.0,326.0,0,0,0,0
0.0,0,0,529.0,328.0,528.0,369.0,488.0,369.0,488.0,327.0,0,0,0,0
0.0,0,0,530.0,328.0,529.0,368.0,489.0,369.0,489.0,326.0,0,0,0,0
0.0,0,0,530.0,327.0,530.0,368.0,488.0,368.0,489.0,326.0,0,0,0,0
0.0,0,0,530.0,327.0,530.0,368.0,488.0,368.0,489.0,326.0,0,0,0,0
0.0,0,0,530.0,327.0,530.0,368.0,488.0,368.0,489.0,326.0,0,0,0,0
0.0,0,0,530.0,327.0,530.0,368.0,488.0,368.0,489.0,326.0,0,0,0,0
0.0,0,0,530.0,327.0,530.0,368.0,489.0,369.0,489.0,326.0,0,0,0,0
0.0,0,0,530.0,327.0,530.0,368.0,488.0,368.0,489.0,326.0,0,0,0,0
0.0,0,0,530.0,327.0,530.0,368.0,488.0,368.0,489.0,326.0,0,0,0,0
0.0,0,0,530.0,327.0,530.0,368.0,488.0,368.0,489.0,326.0,0,0,0,0
0.0,0,0,530.0,327.0,530.0,368.0,488.0,368.0,489.0,326.0,0,0,0,0
0.0,0,0,530.0,327.0,530.0,368.0,488.0,368.0,489.0,326.0,0,0,0,0
0.0,0,0,530.0,327.0,530.0,368.0,488.0,368.0,489.0,326.0,0,0,0,0
0.0,0,0,530.0,326.0,530.0,368.0,488.0,368.0,489.0,326.0,0,0,0,0
0.0,0,0,530.0,326.0,530.0,368.0,488.0,368.0,489.0,326.0,0,0,0,0
0.0,0,0,530.0,327.0,530.0,368.0,488.0,368.0,489.0,326.0,0,0,0,0
0.0,0,0,530.0,326.0,530.0,368.0,488.0,368.0,489.0,326.0,0,0,0,0
0.0,0,0,530.0,326.0,530.0,368.0,488.0,368.0,489.0,326.0,0,0,0,0
0.0,0,0,530.0,326.0,530.0,368.0,488.0,368.0,489.0,326.0,0,0,0,0
0.0,0,0,530.0,326.0,530.0,368.0,488.0,368.0,489.0,326.0,0,0,0,0
0.0,0,0,530.0,326.0,530.0,368.0,488.0,368.0,489.0,326.0,0,0,0,0
0.0,0,0,530.0,326.0,530.0,368.0,488.0,368.0,489.0,326.0,0,0,0,0
0.0,0,0,530.0,326.0,530.0,368.0,488.0,368.0,489.0,326.0,0,0,0,0
0.0,0,0,530.0,326.0,530.0,368.0,488.0,368.0,489.0,326.0,0,0,0,0
0.0,0,0,531.0,324.0,530.0,368.0,488.0,367.0,489.0,326.0,0,0,0,0
0.0,0,0,531.0,324.0,530.0,368.0,488.0,367.0,489.0,326.0,0,0,0,0
0.0,0,0,531.0,330.0,528.0,369.0,488.0,369.0,488.0,328.0,0,0,0,0
0.0,0,0,528.0,328.0,528.0,369.0,487.0,369.0,488.0,328.0,0,0,0,0
0.0,0,0,528.0,327.0,529.0,368.0,488.0,368.0,488.0,327.0,0,0,0,0
0.0,0,0,528.0,327.0,529.0,368.0,488.0,368.0,488.0,327.0,0,0,0,0
0.0,0,0,528.0,327.0,529.0,368.0,488.0,368.0,488.0,327.0,0,0,0,0
0.0,0,0,528.0,327.0,529.0,368.0,487.0,368.0,488.0,327.0,0,0,0,0
0.0,0,0,529.0,328.0,528.0,369.0,488.0,369.0,488.0,328.0,0,0,0,0
0.0,0,0,530.0,330.0,528.0,369.0,488.0,369.0,488.0,328.0,0,0,0,0
0.0,0,0,528.0,328.0,528.0,370.0,486.0,369.0,488.0,328.0,0,0,0,0
0.0,0,0,528.0,328.0,528.0,370.0,486.0,369.0,488.0,328.0,0,0,0,0
0.0,0,0,528.0,328.0,528.0,370.0,486.0,369.0,488.0,328.0,0,0,0,0
0.0,0,0,528.0,329.0,528.0,370.0,487.0,369.0,488.0,328.0,0,0,0,0
0.0,0,0,528.0,329.0,528.0,370.0,487.0,369.0,488.0,328.0,0,0,0,0
0.0,0,0,530.0,331.0,528.0,370.0,487.0,369.0,488.0,328.0,0,0,0,0
0.0,0,0,529.0,329.0,528.0,370.0,488.0,369.0,488.0,329.0,0,0,0,0
0.0,0,0,529.0,329.0,528.0,370.0,488.0,369.0,488.0,329.0,0,0,0,0
0.0,0,0,531.0,332.0,528.0,370.0,488.0,369.0,490.0,330.0,0,0,0,0
0.0,0,0,531.0,331.0,528.0,370.0,488.0,368.0,489.0,329.0,0,0,0,0
0.0,0,0,528.0,329.0,527.0,370.0,488.0,368.0,488.0,328.0,0,0,0,0
0.0,0,0,528.0,328.0,528.0,370.0,488.0,368.0,488.0,328.0,0,0,0,0
0.0,0,0,528.0,328.0,528.0,370.0,488.0,368.0,488.0,328.0,0,0,0,0
0.0,0,0,528.0,328.0,527.0,368.0,488.0,368.0,488.0,328.0,0,0,0,0
0.0,0,0,528.0,328.0,527.0,366.0,488.0,367.0,488.0,328.0,0,0,0,0
0.0,0,0,528.0,328.0,526.0,366.0,488.0,367.0,488.0,327.0,0,0,0,0
0.0,0,0,528.0,328.0,526.0,366.0,488.0,367.0,488.0,327.0,0,0,0,0
0.0,0,0,528.0,328.0,526.0,366.0,488.0,367.0,488.0,327.0,0,0,0,0
0.0,0,0,528.0,328.0,526.0,366.0,488.0,367.0,488.0,328.0,0,0,0,0
0.0,0,0,528.0,328.0,526.0,366.0,488.0,367.0,488.0,328.0,0,0,0,0
0.0,0,0,528.0,328.0,526.0,366.0,488.0,368.0,488.0,328.0,0,0,0,0
0.0,0,0,528.0,328.0,526.0,366.0,488.0,367.0,488.0,328.0,0,0,0,0
0.0,0,0,528.0,328.0,526.0,366.0,488.0,367.0,488.0,328.0,0,0,0,0
0.0,0,0,528.0,328.0,526.0,366.0,488.0,367.0,488.0,328.0,0,0,0,0
0.0,0,0,528.0,328.0,526.0,366.0,488.0,367.0,488.0,328.0,0,0,0,0
0.0,0,0,528.0,328.0,526.0,366.0,488.0,367.0,488.0,327.0,0,0,0,0
0.0,0,0,528.0,328.0,526.0,366.0,488.0,367.0,488.0,327.0,0,0,0,0
0.0,0,0,528.0,328.0,526.0,366.0,488.0,367.0,488.0,327.0,0,0,0,0
0.0,0,0,528.0,328.0,526.0,366.0,488.0,367.0,488.0,327.0,0,0,0,0
0.0,0,0,528.0,328.0,526.0,366.0,488.0,367.0,488.0,327.0,0,0,0,0
0.0,0,0,528.0,328.0,526.0,366.0,488.0,367.0,488.0,327.0,0,0,0,0
0.0,0,0,528.0,328.0,526.0,366.0,488.0,367.0,488.0,327.0,0,0,0,0
0.0,0,0,528.0,328.0,526.0,366.0,488.0,367.0,488.0,327.0,0,0,0,0
0.0,0,0,528.0,328.0,526.0,366.0,488.0,367.0,488.0,327.0,0,0,0,0
0.0,0,0,528.0,328.0,526.0,366.0,488.0,367.0,488.0,327.0,0,0,0,0
0.0,0,0,528.0,328.0,526.0,366.0,488.0,367.0,488.0,327.0,0,0,0,0
0.0,0,0,528.0,328.0,526.0,366.0,488.0,367.0,488.0,327.0,0,0,0,0
0.0,0,0,528.0,328.0,526.0,366.0,488.0,367.0,488.0,327.0,0,0,0,0
0.0,0,0,528.0,328.0,526.0,366.0,488.0,367.0,488.0,327.0,0,0,0,0
0.0,0,0,528.0,328.0,526.0,366.0,488.0,367.0,488.0,327.0,0,0,0,0
0.0,0,0,528.0,328.0,526.0,366.0,488.0,367.0,488.0,327.0,0,0,0,0
0.0,0,0,528.0,328.0,526.0,366.0,488.0,367.0,488.0,327.0,0,0,0,0
0.0,0,0,528.0,328.0,526.0,366.0,488.0,367.0,488.0,327.0,0,0,0,0
0.0,0,0,528.0,328.0,526.0,366.0,488.0,367.0,488.0,327.0,0,0,0,0
0.0,0,0,528.0,328.0,526.0,366.0,488.0,367.0,488.0,327.0,0,0,0,0
0.0,0,0,528.0,328.0,526.0,366.0,488.0,367.0,488.0,327.0,0,0,0,0
0.0,0,0,528.0,328.0,526.0,366.0,488.0,367.0,488.0,328.0,0,0,0,0
0.0,0,0,528.0,328.0,524.0,364.0,486.0,364.0,488.0,328.0,0,0,0,0
0.0,0,0,528.0,328.0,524.0,364.0,486.0,364.0,488.0,328.0,0,0,0,0
0.0,0,0,528.0,328.0,526.0,366.0,488.0,368.0,488.0,328.0,0,0,0,0
0.0,0,0,527.0,328.0,525.0,365.0,487.0,366.0,488.0,328.0,0,0,0,0
0.0,0,0,525.0,326.0,525.0,362.0,487.0,360.0,487.0,325.0,0,0,0,0
0.0,0,0,527.0,328.0,524.0,364.0,484.0,364.0,488.0,328.0,0,0,0,0
0.0,0,0,527.0,328.0,524.0,364.0,484.0,364.0,488.0,328.0,0,0,0,0
0.0,0,0,527.0,328.0,524.0,364.0,485.0,363.0,488.0,328.0,0,0,0,0
0.0,0,0,525.0,325.0,524.0,364.0,485.0,362.0,487.0,327.0,0,0,0,0
0.0,0,0,525.0,325.0,524.0,364.0,487.0,360.0,488.0,327.0,0,0,0,0
0.0,0,0,525.0,325.0,524.0,362.0,488.0,360.0,488.0,325.0,0,0,0,0
0.0,0,0,524.0,324.0,523.0,362.0,488.0,360.0,485.0,322.0,0,0,0,0
0.0,0,0,524.0,324.0,523.0,362.0,488.0,360.0,485.0,322.0,0,0,0,0
0.0,0,0,524.0,324.0,522.0,362.0,487.0,360.0,485.0,324.0,0,0,0,0
0.0,0,0,525.0,325.0,524.0,364.0,487.0,360.0,487.0,326.0,0,0,0,0
0.0,0,0,523.0,324.0,522.0,361.0,487.0,360.0,485.0,325.0,0,0,0,0
0.0,0,0,523.0,324.0,521.0,361.0,487.0,360.0,485.0,325.0,0,0,0,0
0.0,0,0,523.0,324.0,521.0,361.0,487.0,360.0,485.0,325.0,0,0,0,0
0.0,0,0,523.0,325.0,521.0,361.0,487.0,360.0,487.0,327.0,0,0,0,0
0.0,0,0,522.0,325.0,521.0,361.0,487.0,360.0,487.0,327.0,0,0,0,0
0.0,0,0,522.0,325.0,521.0,361.0,487.0,360.0,487.0,327.0,0,0,0,0
0.0,0,0,522.0,325.0,522.0,361.0,487.0,360.0,488.0,328.0,0,0,0,0
0.0,0,0,522.0,325.0,522.0,361.0,487.0,360.0,488.0,328.0,0,0,0,0
0.0,0,0,522.0,328.0,524.0,364.0,486.0,361.0,488.0,328.0,0,0,0,0
0.0,0,0,522.0,329.0,524.0,364.0,484.0,363.0,488.0,328.0,0,0,0,0
0.0,0,0,521.0,329.0,523.0,364.0,484.0,364.0,487.0,328.0,0,0,0,0
0.0,0,0,522.0,330.0,521.0,366.0,485.0,365.0,487.0,328.0,0,0,0,0
0.0,0,0,522.0,330.0,521.0,366.0,485.0,365.0,487.0,328.0,0,0,0,0
0.0,0,0,522.0,330.0,521.0,366.0,487.0,368.0,486.0,330.0,0,0,0,0
0.0,0,0,522.0,332.0,520.0,367.0,487.0,368.0,485.0,330.0,0,0,0,0
0.0,0,0,521.0,335.0,520.0,368.0,488.0,368.0,486.0,334.0,0,0,0,0
0.0,0,0,521.0,335.0,520.0,368.0,488.0,368.0,487.0,335.0,0,0,0,0
0.0,0,0,521.0,336.0,521.0,368.0,488.0,368.0,487.0,336.0,0,0,0,0
0.0,0,0,521.0,336.0,521.0,368.0,488.0,368.0,487.0,336.0,0,0,0,0
0.0,0,0,521.0,335.0,520.0,368.0,488.0,368.0,486.0,334.0,0,0,0,0
0.0,0,0,521.0,335.0,520.0,368.0,488.0,368.0,485.0,333.0,0,0,0,0
0.0,0,0,521.0,335.0,520.0,368.0,488.0,368.0,487.0,335.0,0,0,0,0
0.0,0,0,521.0,335.0,520.0,368.0,488.0,368.0,486.0,334.0,0,0,0,0
0.0,0,0,521.0,335.0,520.0,368.0,488.0,368.0,486.0,334.0,0,0,0,0
0.0,0,0,521.0,334.0,520.0,368.0,488.0,368.0,485.0,333.0,0,0,0,0
0.0,0,0,521.0,335.0,520.0,368.0,488.0,368.0,487.0,334.0,0,0,0,0
0.0,0,0,521.0,335.0,520.0,368.0,488.0,368.0,485.0,334.0,0,0,0,0
0.0,0,0,521.0,335.0,520.0,368.0,488.0,368.0,486.0,334.0,0,0,0,0
0.0,0,0,521.0,335.0,520.0,368.0,488.0,368.0,486.0,334.0,0,0,0,0
0.0,0,0,521.0,335.0,520.0,368.0,488.0,368.0,485.0,333.0,0,0,0,0
0.0,0,0,521.0,335.0,520.0,368.0,488.0,368.0,486.0,334.0,0,0,0,0
0.0,0,0,521.0,335.0,520.0,368.0,488.0,368.0,486.0,334.0,0,0,0,0
0.0,0,0,521.0,335.0,520.0,368.0,488.0,368.0,485.0,333.0,0,0,0,0
0.0,0,0,521.0,335.0,520.0,368.0,488.0,368.0,485.0,333.0,0,0,0,0
0.0,0,0,521.0,334.0,520.0,368.0,488.0,368.0,486.0,334.0,0,0,0,0
0.0,0,0,521.0,335.0,520.0,368.0,488.0,368.0,486.0,334.0,0,0,0,0
0.0,0,0,521.0,335.0,520.0,368.0,488.0,368.0,486.0,334.0,0,0,0,0
0.0,0,0,522.0,333.0,520.0,367.0,487.0,368.0,487.0,332.0,0,0,0,0
0.0,0,0,522.0,333.0,520.0,367.0,487.0,368.0,487.0,332.0,0,0,0,0
0.0,0,0,522.0,334.0,520.0,368.0,488.0,368.0,486.0,333.0,0,0,0,0
0.0,0,0,520.0,336.0,520.0,368.0,488.0,368.0,488.0,336.0,0,0,0,0
0.0,0,0,520.0,335.0,520.0,368.0,487.0,368.0,486.0,335.0,0,0,0,0
0.0,0,0,521.0,333.0,520.0,368.0,487.0,368.0,485.0,333.0,0,0,0,0
0.0,0,0,521.0,333.0,520.0,368.0,487.0,368.0,485.0,333.0,0,0,0,0
0.0,0,0,520.0,336.0,520.0,368.0,487.0,368.0,487.0,335.0,0,0,0,0
0.0,0,0,520.0,336.0,520.0,368.0,487.0,368.0,487.0,336.0,0,0,0,0
0.0,0,0,520.0,336.0,520.0,368.0,487.0,368.0,487.0,336.0,0,0,0,0
0.0,0,0,520.0,336.0,520.0,368.0,487.0,368.0,487.0,336.0,0,0,0,0
0.0,0,0,522.0,338.0,523.0,371.0,485.0,370.0,488.0,336.0,0,0,0,0
0.0,0,0,522.0,338.0,523.0,371.0,485.0,370.0,488.0,336.0,0,0,0,0
0.0,0,0,521.0,337.0,521.0,370.0,485.0,370.0,488.0,336.0,0,0,0,0
0.0,0,0,520.0,339.0,520.0,375.0,486.0,374.0,488.0,339.0,0,0,0,0
0.0,0,0,521.0,340.0,521.0,375.0,487.0,373.0,489.0,339.0,0,0,0,0
0.0,0,0,522.0,341.0,520.0,375.0,487.0,374.0,488.0,340.0,0,0,0,0
0.0,0,0,522.0,341.0,520.0,375.0,487.0,374.0,488.0,340.0,0,0,0,0
0.0,0,0,520.0,340.0,520.0,376.0,485.0,373.0,488.0,340.0,0,0,0,0
0.0,0,0,522.0,341.0,520.0,375.0,486.0,374.0,488.0,340.0,0,0,0,0
0.0,0,0,521.0,342.0,520.0,376.0,487.0,375.0,486.0,340.0,0,0,0,0
0.0,0,0,521.0,342.0,520.0,376.0,487.0,375.0,486.0,340.0,0,0,0,0
0.0,0,0,521.0,342.0,520.0,376.0,487.0,375.0,486.0,340.0,0,0,0,0
0.0,0,0,520.0,343.0,519.0,375.0,487.0,375.0,486.0,341.0,0,0,0,0
0.0,0,0,519.0,343.0,520.0,376.0,487.0,376.0,486.0,342.0,0,0,0,0
0.0,0,0,519.0,344.0,520.0,376.0,487.0,376.0,487.0,343.0,0,0,0,0
0.0,0,0,519.0,344.0,520.0,376.0,487.0,376.0,486.0,343.0,0,0,0,0
0.0,0,0,519.0,344.0,520.0,376.0,487.0,376.0,486.0,343.0,0,0,0,0
0.0,0,0,518.0,344.0,519.0,376.0,487.0,376.0,487.0,344.0,0,0,0,0
0.0,0,0,517.0,346.0,518.0,376.0,486.0,376.0,486.0,344.0,0,0,0,0
0.0,0,0,518.0,347.0,517.0,377.0,486.0,377.0,485.0,346.0,0,0,0,0
0.0,0,0,520.0,348.0,518.0,377.0,486.0,377.0,486.0,346.0,0,0,0,0
0.0,0,0,519.0,348.0,516.0,379.0,485.0,378.0,488.0,348.0,0,0,0,0
0.0,0,0,519.0,348.0,516.0,379.0,485.0,378.0,488.0,348.0,0,0,0,0
0.0,0,0,520.0,348.0,516.0,379.0,485.0,378.0,487.0,347.0,0,0,0,0
0.0,0,0,518.0,347.0,517.0,377.0,486.0,377.0,485.0,346.0,0,0,0,0
0.0,0,0,520.0,348.0,517.0,378.0,485.0,378.0,486.0,347.0,0,0,0,0
0.0,0,0,519.0,347.0,517.0,377.0,486.0,377.0,485.0,346.0,0,0,0,0
0.0,0,0,519.0,347.0,517.0,377.0,486.0,377.0,485.0,346.0,0,0,0,0
0.0,0,0,520.0,348.0,517.0,378.0,485.0,378.0,485.0,346.0,0,0,0,0
0.0,0,0,518.0,347.0,518.0,377.0,486.0,377.0,485.0,346.0,0,0,0,0
0.0,0,0,520.0,348.0,517.0,378.0,486.0,377.0,485.0,346.0,0,0,0,0
0.0,0,0,520.0,348.0,517.0,377.0,486.0,377.0,486.0,346.0,0,0,0,0
0.0,0,0,520.0,348.0,517.0,377.0,486.0,377.0,486.0,346.0,0,0,0,0
0.0,0,0,518.0,347.0,517.0,377.0,486.0,377.0,485.0,346.0,0,0,0,0
0.0,0,0,519.0,347.0,517.0,377.0,486.0,377.0,485.0,346.0,0,0,0,0
0.0,0,0,519.0,347.0,517.0,377.0,486.0,377.0,486.0,346.0,0,0,0,0
0.0,0,0,520.0,348.0,517.0,377.0,486.0,377.0,486.0,346.0,0,0,0,0
0.0,0,0,520.0,348.0,517.0,377.0,486.0,377.0,486.0,346.0,0,0,0,0
0.0,0,0,518.0,347.0,518.0,377.0,486.0,377.0,485.0,346.0,0,0,0,0
0.0,0,0,519.0,347.0,518.0,377.0,486.0,377.0,486.0,346.0,0,0,0,0
0.0,0,0,520.0,348.0,518.0,377.0,486.0,377.0,486.0,346.0,0,0,0,0
0.0,0,0,518.0,347.0,518.0,377.0,486.0,377.0,485.0,346.0,0,0,0,0
0.0,0,0,518.0,347.0,518.0,377.0,486.0,377.0,485.0,346.0,0,0,0,0
0.0,0,0,517.0,346.0,518.0,376.0,487.0,376.0,486.0,345.0,0,0,0,0
0.0,0,0,517.0,346.0,518.0,376.0,486.0,376.0,486.0,345.0,0,0,0,0
0.0,0,0,520.0,348.0,516.0,379.0,485.0,378.0,488.0,348.0,0,0,0,0
0.0,0,0,520.0,348.0,516.0,379.0,485.0,378.0,485.0,346.0,0,0,0,0
0.0,0,0,517.0,346.0,518.0,377.0,486.0,376.0,485.0,346.0,0,0,0,0
0.0,0,0,517.0,346.0,518.0,377.0,486.0,376.0,485.0,346.0,0,0,0,0
0.0,0,0,518.0,347.0,516.0,378.0,485.0,377.0,485.0,346.0,0,0,0,0
0.0,0,0,517.0,346.0,517.0,377.0,486.0,376.0,485.0,346.0,0,0,0,0
0.0,0,0,520.0,348.0,516.0,379.0,485.0,378.0,486.0,348.0,0,0,0,0
0.0,0,0,517.0,349.0,516.0,380.0,488.0,380.0,488.0,348.0,0,0,0,0
0.0,0,0,517.0,349.0,516.0,380.0,488.0,380.0,488.0,348.0,0,0,0,0
0.0,0,0,517.0,349.0,516.0,380.0,488.0,380.0,486.0,348.0,0,0,0,0
0.0,0,0,517.0,349.0,516.0,380.0,487.0,380.0,486.0,348.0,0,0,0,0
0.0,0,0,517.0,349.0,516.0,380.0,488.0,380.0,486.0,348.0,0,0,0,0
0.0,0,0,517.0,349.0,516.0,380.0,488.0,380.0,488.0,349.0,0,0,0,0
0.0,0,0,517.0,349.0,516.0,380.0,488.0,380.0,488.0,349.0,0,0,0,0
0.0,0,0,518.0,348.0,516.0,379.0,488.0,379.0,488.0,348.0,0,0,0,0
0.0,0,0,520.0,348.0,518.0,377.0,487.0,377.0,488.0,348.0,0,0,0,0
0.0,0,0,520.0,348.0,519.0,376.0,488.0,376.0,490.0,346.0,0,0,0,0
0.0,0,0,520.0,348.0,519.0,376.0,488.0,376.0,489.0,347.0,0,0,0,0
0.0,0,0,520.0,348.0,519.0,376.0,488.0,376.0,489.0,347.0,0,0,0,0
0.0,0,0,520.0,348.0,518.0,376.0,487.0,376.0,488.0,347.0,0,0,0,0
0.0,0,0,520.0,348.0,517.0,378.0,487.0,376.0,488.0,348.0,0,0,0,0
0.0,0,0,518.0,348.0,516.0,379.0,486.0,378.0,488.0,348.0,0,0,0,0
0.0,0,0,517.0,349.0,516.0,379.0,487.0,379.0,488.0,348.0,0,0,0,0
0.0,0,0,517.0,349.0,516.0,379.0,487.0,379.0,488.0,348.0,0,0,0,0
0.0,0,0,517.0,349.0,517.0,378.0,487.0,377.0,488.0,348.0,0,0,0,0
0.0,0,0,520.0,348.0,517.0,378.0,486.0,376.0,488.0,348.0,0,0,0,0
0.0,0,0,520.0,348.0,517.0,378.0,487.0,376.0,488.0,348.0,0,0,0,0
0.0,0,0,520.0,348.0,517.0,378.0,487.0,376.0,488.0,348.0,0,0,0,0
0.0,0,0,518.0,347.0,516.0,376.0,487.0,376.0,487.0,347.0,0,0,0,0
0.0,0,0,518.0,347.0,516.0,376.0,487.0,376.0,487.0,347.0,0,0,0,0
0.0,0,0,517.0,346.0,516.0,376.0,487.0,376.0,488.0,347.0,0,0,0,0
0.0,0,0,517.0,346.0,517.0,375.0,487.0,375.0,488.0,347.0,0,0,0,0
0.0,0,0,517.0,346.0,517.0,374.0,487.0,375.0,489.0,346.0,0,0,0,0
0.0,0,0,520.0,348.0,516.0,376.0,487.0,376.0,488.0,348.0,0,0,0,0
0.0,0,0,520.0,348.0,516.0,376.0,487.0,376.0,488.0,348.0,0,0,0,0
0.0,0,0,518.0,347.0,517.0,375.0,487.0,375.0,490.0,346.0,0,0,0,0
0.0,0,0,517.0,346.0,517.0,373.0,487.0,374.0,489.0,346.0,0,0,0,0
0.0,0,0,517.0,346.0,517.0,373.0,487.0,374.0,489.0,346.0,0,0,0,0
0.0,0,0,517.0,346.0,517.0,373.0,488.0,374.0,490.0,346.0,0,0,0,0
0.0,0,0,517.0,346.0,517.0,373.0,488.0,374.0,490.0,346.0,0,0,0,0
0.0,0,0,517.0,346.0,517.0,373.0,488.0,374.0,490.0,346.0,0,0,0,0
0.0,0,0,517.0,346.0,517.0,373.0,487.0,374.0,490.0,346.0,0,0,0,0
0.0,0,0,517.0,346.0,517.0,373.0,487.0,374.0,489.0,346.0,0,0,0,0
0.0,0,0,517.0,346.0,517.0,373.0,488.0,374.0,490.0,346.0,0,0,0,0
0.0,0,0,517.0,346.0,517.0,373.0,488.0,374.0,490.0,346.0,0,0,0,0
0.0,0,0,517.0,346.0,517.0,373.0,487.0,374.0,490.0,346.0,0,0,0,0
0.0,0,0,517.0,346.0,517.0,373.0,487.0,374.0,489.0,345.0,0,0,0,0
0.0,0,0,517.0,346.0,517.0,373.0,488.0,374.0,490.0,346.0,0,0,0,0
0.0,0,0,517.0,346.0,517.0,373.0,488.0,374.0,490.0,346.0,0,0,0,0
0.0,0,0,517.0,346.0,517.0,373.0,488.0,374.0,490.0,346.0,0,0,0,0
0.0,0,0,517.0,346.0,517.0,373.0,488.0,374.0,490.0,346.0,0,0,0,0
0.0,0,0,517.0,346.0,517.0,373.0,487.0,374.0,489.0,345.0,0,0,0,0
0.0,0,0,517.0,346.0,517.0,373.0,488.0,374.0,490.0,346.0,0,0,0,0
0.0,0,0,517.0,346.0,517.0,373.0,488.0,374.0,490.0,346.0,0,0,0,0
0.0,0,0,517.0,346.0,517.0,373.0,487.0,373.0,489.0,345.0,0,0,0,0
0.0,0,0,517.0,346.0,517.0,373.0,487.0,373.0,489.0,345.0,0,0,0,0
0.0,0,0,517.0,346.0,517.0,373.0,487.0,373.0,490.0,346.0,0,0,0,0
0.0,0,0,516.0,344.0,517.0,373.0,488.0,372.0,488.0,343.0,0,0,0,0
0.0,0,0,517.0,346.0,517.0,373.0,487.0,375.0,490.0,346.0,0,0,0,0
0.0,0,0,518.0,347.0,516.0,375.0,487.0,375.0,489.0,347.0,0,0,0,0
0.0,0,0,518.0,347.0,516.0,375.0,487.0,375.0,489.0,347.0,0,0,0,0
0.0,0,0,517.0,346.0,517.0,373.0,487.0,372.0,489.0,345.0,0,0,0,0
0.0,0,0,517.0,346.0,517.0,373.0,488.0,372.0,489.0,344.0,0,0,0,0
0.0,0,0,516.0,344.0,517.0,373.0,488.0,372.0,487.0,342.0,0,0,0,0
0.0,0,0,516.0,344.0,516.0,373.0,488.0,372.0,487.0,343.0,0,0,0,0
0.0,0,0,516.0,344.0,516.0,373.0,488.0,372.0,487.0,343.0,0,0,0,0
0.0,0,0,516.0,344.0,517.0,373.0,488.0,372.0,488.0,343.0,0,0,0,0
0.0,0,0,516.0,344.0,516.0,373.0,488.0,372.0,488.0,343.0,0,0,0,0
0.0,0,0,516.0,344.0,515.0,371.0,488.0,372.0,487.0,341.0,0,0,0,0
0.0,0,0,516.0,344.0,516.0,372.0,488.0,372.0,489.0,341.0,0,0,0,0
0.0,0,0,516.0,344.0,516.0,372.0,488.0,372.0,489.0,341.0,0,0,0,0
0.0,0,0,516.0,344.0,515.0,371.0,488.0,372.0,488.0,341.0,0,0,0,0
0.0,0,0,516.0,344.0,516.0,372.0,488.0,372.0,489.0,341.0,0,0,0,0
0.0,0,0,516.0,344.0,514.0,371.0,488.0,372.0,486.0,341.0,0,0,0,0
0.0,0,0,516.0,344.0,514.0,372.0,488.0,372.0,487.0,342.0,0,0,0,0
0.0,0,0,516.0,344.0,514.0,372.0,488.0,372.0,487.0,342.0,0,0,0,0
0.0,0,0,516.0,344.0,514.0,371.0,488.0,372.0,487.0,342.0,0,0,0,0
0.0,0,0,516.0,344.0,514.0,370.0,486.0,371.0,485.0,341.0,0,0,0,0
0.0,0,0,516.0,344.0,514.0,370.0,487.0,371.0,487.0,341.0,0,0,0,0
0.0,0,0,516.0,344.0,514.0,370.0,487.0,371.0,486.0,341.0,0,0,0,0
0.0,0,0,516.0,344.0,514.0,370.0,487.0,371.0,486.0,341.0,0,0,0,0
0.0,0,0,516.0,344.0,514.0,370.0,487.0,371.0,486.0,341.0,0,0,0,0
0.0,0,0,516.0,344.0,514.0,370.0,485.0,370.0,486.0,340.0,0,0,0,0
0.0,0,0,516.0,344.0,514.0,370.0,485.0,370.0,486.0,340.0,0,0,0,0
0.0,0,0,516.0,344.0,514.0,370.0,486.0,371.0,487.0,340.0,0,0,0,0
0.0,0,0,516.0,344.0,514.0,370.0,486.0,371.0,487.0,340.0,0,0,0,0
0.0,0,0,516.0,344.0,514.0,370.0,486.0,371.0,487.0,340.0,0,0,0,0
0.0,0,0,516.0,344.0,514.0,370.0,488.0,372.0,488.0,344.0,0,0,0,0
0.0,0,0,516.0,344.0,514.0,370.0,488.0,372.0,490.0,344.0,0,0,0,0
0.0,0,0,516.0,344.0,514.0,370.0,488.0,371.0,490.0,342.0,0,0,0,0
0.0,0,0,516.0,344.0,514.0,370.0,488.0,372.0,490.0,345.0,0,0,0,0
0.0,0,0,516.0,344.0,514.0,370.0,488.0,372.0,490.0,345.0,0,0,0,0
0.0,0,0,516.0,344.0,513.0,371.0,488.0,372.0,490.0,345.0,0,0,0,0
0.0,0,0,516.0,344.0,514.0,373.0,488.0,372.0,490.0,346.0,0,0,0,0
0.0,0,0,516.0,344.0,514.0,373.0,488.0,372.0,489.0,347.0,0,0,0,0
0.0,0,0,516.0,344.0,514.0,373.0,488.0,372.0,489.0,347.0,0,0,0,0
0.0,0,0,516.0,344.0,514.0,373.0,488.0,372.0,489.0,347.0,0,0,0,0
0.0,0,0,516.0,344.0,514.0,373.0,488.0,372.0,490.0,346.0,0,0,0,0
0.0,0,0,516.0,344.0,513.0,372.0,488.0,372.0,490.0,346.0,0,0,0,0
0.0,0,0,516.0,344.0,513.0,372.0,488.0,372.0,490.0,346.0,0,0,0,0
0.0,0,0,516.0,344.0,513.0,372.0,488.0,372.0,490.0,346.0,0,0,0,0
0.0,0,0,516.0,344.0,514.0,373.0,488.0,372.0,490.0,346.0,0,0,0,0
0.0,0,0,516.0,344.0,514.0,373.0,488.0,372.0,490.0,346.0,0,0,0,0
0.0,0,0,516.0,344.0,514.0,373.0,488.0,372.0,490.0,346.0,0,0,0,0
0.0,0,0,516.0,344.0,512.0,372.0,488.0,372.0,490.0,346.0,0,0,0,0
0.0,0,0,516.0,344.0,513.0,372.0,488.0,372.0,490.0,346.0,0,0,0,0
0.0,0,0,516.0,344.0,514.0,373.0,488.0,372.0,490.0,346.0,0,0,0,0
0.0,0,0,516.0,344.0,514.0,373.0,488.0,372.0,490.0,346.0,0,0,0,0
0.0,0,0,516.0,344.0,512.0,372.0,488.0,372.0,490.0,346.0,0,0,0,0
0.0,0,0,516.0,344.0,513.0,372.0,488.0,372.0,490.0,346.0,0,0,0,0
0.0,0,0,516.0,344.0,513.0,372.0,488.0,372.0,490.0,346.0,0,0,0,0
0.0,0,0,516.0,344.0,513.0,372.0,488.0,372.0,490.0,346.0,0,0,0,0
0.0,0,0,516.0,344.0,513.0,372.0,488.0,372.0,490.0,346.0,0,0,0,0
0.0,0,0,516.0,344.0,512.0,371.0,488.0,372.0,490.0,346.0,0,0,0,0
0.0,0,0,516.0,344.0,513.0,372.0,488.0,372.0,490.0,346.0,0,0,0,0
0.0,0,0,516.0,344.0,513.0,372.0,488.0,372.0,490.0,346.0,0,0,0,0
0.0,0,0,516.0,344.0,512.0,371.0,488.0,372.0,490.0,346.0,0,0,0,0
0.0,0,0,516.0,344.0,512.0,371.0,488.0,372.0,490.0,346.0,0,0,0,0
0.0,0,0,516.0,344.0,514.0,370.0,489.0,371.0,490.0,342.0,0,0,0,0
0.0,0,0,516.0,344.0,514.0,370.0,488.0,372.0,490.0,346.0,0,0,0,0
0.0,0,0,516.0,344.0,514.0,373.0,488.0,372.0,489.0,347.0,0,0,0,0
0.0,0,0,516.0,344.0,513.0,372.0,488.0,372.0,490.0,346.0,0,0,0,0
0.0,0,0,516.0,344.0,513.0,372.0,488.0,372.0,490.0,346.0,0,0,0,0
0.0,0,0,516.0,344.0,514.0,370.0,486.0,371.0,487.0,340.0,0,0,0,0
0.0,0,0,516.0,344.0,512.0,372.0,488.0,372.0,489.0,347.0,0,0,0,0
0.0,0,0,515.0,345.0,513.0,371.0,488.0,372.0,488.0,347.0,0,0,0,0
0.0,0,0,514.0,346.0,513.0,371.0,488.0,372.0,487.0,347.0,0,0,0,0
0.0,0,0,514.0,346.0,512.0,372.0,488.0,372.0,488.0,347.0,0,0,0,0
0.0,0,0,514.0,346.0,512.0,372.0,488.0,372.0,488.0,347.0,0,0,0,0
0.0,0,0,513.0,347.0,512.0,372.0,488.0,372.0,487.0,347.0,0,0,0,0
0.0,0,0,512.0,348.0,512.0,372.0,488.0,372.0,488.0,348.0,0,0,0,0
0.0,0,0,512.0,348.0,514.0,373.0,486.0,372.0,488.0,348.0,0,0,0,0
0.0,0,0,512.0,348.0,514.0,374.0,486.0,372.0,488.0,348.0,0,0,0,0
0.0,0,0,512.0,348.0,514.0,374.0,486.0,372.0,488.0,348.0,0,0,0,0
0.0,0,0,513.0,348.0,514.0,374.0,486.0,372.0,488.0,348.0,0,0,0,0
0.0,0,0,514.0,349.0,514.0,375.0,485.0,373.0,488.0,348.0,0,0,0,0
0.0,0,0,512.0,348.0,767.0,373.0,485.0,373.0,488.0,348.0,0,0,0,0
0.0,0,0,512.0,348.0,512.0,375.0,485.0,373.0,488.0,348.0,0,0,0,0
0.0,0,0,512.0,348.0,512.0,375.0,485.0,373.0,488.0,348.0,0,0,0,0
0.0,0,0,512.0,348.0,512.0,374.0,485.0,373.0,488.0,348.0,0,0,0,0
0.0,0,0,512.0,348.0,511.0,374.0,485.0,373.0,488.0,348.0,0,0,0,0
0.0,0,0,513.0,349.0,512.0,376.0,485.0,375.0,487.0,348.0,0,0,0,0
0.0,0,0,512.0,348.0,512.0,375.0,485.0,373.0,488.0,348.0,0,0,0,0
0.0,0,0,512.0,348.0,512.0,375.0,485.0,373.0,488.0,348.0,0,0,0,0
0.0,0,0,514.0,351.0,512.0,376.0,485.0,376.0,487.0,348.0,0,0,0,0
0.0,0,0,512.0,348.0,512.0,374.0,486.0,372.0,488.0,348.0,0,0,0,0
0.0,0,0,514.0,350.0,513.0,375.0,486.0,373.0,488.0,348.0,0,0,0,0
0.0,0,0,512.0,348.0,513.0,372.0,488.0,372.0,488.0,348.0,0,0,0,0
0.0,0,0,512.0,348.0,512.0,372.0,488.0,372.0,488.0,348.0,0,0,0,0
0.0,0,0,512.0,348.0,512.0,372.0,488.0,372.0,488.0,348.0,0,0,0,0
0.0,0,0,512.0,348.0,512.0,372.0,488.0,372.0,488.0,348.0,0,0,0,0
0.0,0,0,512.0,348.0,510.0,370.0,486.0,371.0,488.0,346.0,0,0,0,0
0.0,0,0,512.0,348.0,511.0,371.0,486.0,371.0,487.0,347.0,0,0,0,0
0.0,0,0,512.0,348.0,512.0,372.0,488.0,372.0,488.0,348.0,0,0,0,0
0.0,0,0,512.0,348.0,512.0,372.0,488.0,372.0,488.0,348.0,0,0,0,0
0.0,0,0,512.0,348.0,512.0,372.0,488.0,372.0,488.0,348.0,0,0,0,0
0.0,0,0,512.0,348.0,512.0,372.0,488.0,372.0,488.0,348.0,0,0,0,0
0.0,0,0,512.0,348.0,511.0,371.0,487.0,371.0,488.0,348.0,0,0,0,0
0.0,0,0,512.0,348.0,512.0,372.0,488.0,372.0,488.0,348.0,0,0,0,0
0.0,0,0,512.0,348.0,512.0,372.0,488.0,372.0,488.0,348.0,0,0,0,0
0.0,0,0,512.0,348.0,512.0,372.0,488.0,372.0,488.0,348.0,0,0,0,0
0.0,0,0,512.0,348.0,512.0,372.0,488.0,372.0,488.0,348.0,0,0,0,0
0.0,0,0,512.0,348.0,512.0,372.0,488.0,372.0,488.0,348.0,0,0,0,0
0.0,0,0,512.0,348.0,512.0,372.0,488.0,372.0,488.0,348.0,0,0,0,0
0.0,0,0,512.0,348.0,512.0,372.0,488.0,372.0,488.0,348.0,0,0,0,0
0.0,0,0,512.0,348.0,512.0,372.0,488.0,372.0,488.0,348.0,0,0,0,0
0.0,0,0,512.0,348.0,511.0,371.0,487.0,371.0,488.0,348.0,0,0,0,0
0.0,0,0,512.0,348.0,512.0,372.0,488.0,372.0,488.0,348.0,0,0,0,0
0.0,0,0,512.0,348.0,512.0,372.0,488.0,372.0,488.0,348.0,0,0,0,0
0.0,0,0,512.0,348.0,512.0,372.0,488.0,372.0,488.0,348.0,0,0,0,0
0.0,0,0,512.0,348.0,512.0,372.0,488.0,372.0,488.0,348.0,0,0,0,0
0.0,0,0,512.0,348.0,511.0,371.0,487.0,371.0,488.0,348.0,0,0,0,0
0.0,0,0,512.0,348.0,512.0,372.0,488.0,372.0,488.0,348.0,0,0,0,0
0.0,0,0,512.0,348.0,512.0,372.0,488.0,372.0,488.0,348.0,0,0,0,0
0.0,0,0,512.0,348.0,512.0,372.0,488.0,372.0,488.0,348.0,0,0,0,0
0.0,0,0,512.0,348.0,509.0,370.0,485.0,370.0,486.0,346.0,0,0,0,0
0.0,0,0,512.0,348.0,512.0,372.0,488.0,372.0,488.0,348.0,0,0,0,0
0.0,0,0,512.0,348.0,512.0,372.0,488.0,372.0,488.0,348.0,0,0,0,0
0.0,0,0,512.0,348.0,511.0,371.0,488.0,372.0,488.0,348.0,0,0,0,0
0.0,0,0,512.0,348.0,509.0,370.0,485.0,370.0,487.0,346.0,0,0,0,0
0.0,0,0,512.0,348.0,509.0,370.0,485.0,370.0,487.0,346.0,0,0,0,0
0.0,0,0,512.0,348.0,509.0,370.0,485.0,370.0,487.0,346.0,0,0,0,0
0.0,0,0,512.0,348.0,509.0,370.0,485.0,370.0,486.0,346.0,0,0,0,0
0.0,0,0,256.0,348.0,509.0,370.0,484.0,369.0,484.0,344.0,0,0,0,0
0.0,0,0,1023.0,1023.0,1023.0,1023.0,1023.0,1023.0,1023.0,1023.0,0,0,0,0
0.0,0,0,1023.0,1023.0,1023.0,1023.0,1023.0,1023.0,1023.0,1023.0,0,0,0,0
0.0,0,0,1023.0,1023.0,1023.0,1023.0,1023.0,1023.0,1023.0,1023.0,0,0,0,0
0.0,0,0,510.0,343.0,509.0,366.0,484.0,366.0,486.0,341.0,0,0,0,0
0.0,0,0,510.0,342.0,509.0,365.0,485.0,365.0,486.0,340.0,0,0,0,0
0.0,0,0,511.0,342.0,509.0,365.0,485.0,365.0,487.0,340.0,0,0,0,0
0.0,0,0,511.0,342.0,509.0,365.0,485.0,365.0,487.0,340.0,0,0,0,0
0.0,0,0,510.0,343.0,509.0,365.0,485.0,365.0,486.0,341.0,0,0,0,0
0.0,0,0,510.0,341.0,509.0,365.0,486.0,364.0,487.0,340.0,0,0,0,0
0.0,0,0,510.0,342.0,509.0,365.0,486.0,364.0,487.0,340.0,0,0,0,0
0.0,0,0,510.0,341.0,509.0,365.0,486.0,364.0,488.0,340.0,0,0,0,0
0.0,0,0,510.0,341.0,509.0,365.0,486.0,364.0,488.0,340.0,0,0,0,0
0.0,0,0,510.0,342.0,509.0,365.0,486.0,364.0,487.0,340.0,0,0,0,0
0.0,0,0,509.0,342.0,509.0,365.0,486.0,364.0,487.0,340.0,0,0,0,0
0.0,0,0,509.0,343.0,509.0,365.0,486.0,364.0,487.0,340.0,0,0,0,0
0.0,0,0,509.0,344.0,509.0,365.0,486.0,365.0,486.0,341.0,0,0,0,0
0.0,0,0,508.0,344.0,508.0,366.0,485.0,366.0,485.0,343.0,0,0,0,0
0.0,0,0,508.0,344.0,508.0,366.0,485.0,366.0,485.0,343.0,0,0,0,0
0.0,0,0,508.0,344.0,508.0,367.0,484.0,368.0,485.0,344.0,0,0,0,0
0.0,0,0,509.0,344.0,508.0,368.0,484.0,368.0,484.0,344.0,0,0,0,0
0.0,0,0,511.0,346.0,508.0,368.0,484.0,368.0,486.0,346.0,0,0,0,0
0.0,0,0,512.0,344.0,508.0,368.0,484.0,368.0,486.0,346.0,0,0,0,0
0.0,0,0,512.0,344.0,508.0,368.0,484.0,368.0,486.0,346.0,0,0,0,0
0.0,0,0,512.0,350.0,512.0,369.0,488.0,371.0,488.0,348.0,0,0,0,0
0.0,0,0,509.0,351.0,509.0,373.0,488.0,372.0,488.0,348.0,0,0,0,0
0.0,0,0,509.0,352.0,508.0,376.0,488.0,372.0,487.0,348.0,0,0,0,0
0.0,0,0,511.0,350.0,512.0,372.0,488.0,372.0,488.0,348.0,0,0,0,0
0.0,0,0,511.0,350.0,512.0,372.0,488.0,372.0,488.0,348.0,0,0,0,0
0.0,0,0,512.0,350.0,512.0,372.0,488.0,372.0,488.0,348.0,0,0,0,0
0.0,0,0,510.0,350.0,511.0,372.0,488.0,372.0,488.0,348.0,0,0,0,0
0.0,0,0,512.0,350.0,1023.0,1023.0,488.0,372.0,488.0,348.0,0,0,0,0
0.0,0,0,1023.0,1023.0,1023.0,1023.0,1023.0,1023.0,1023.0,1023.0,0,0,0,0
0.0,0,0,1023.0,1023.0,1023.0,1023.0,1023.0,1023.0,1023.0,1023.0,0,0,0,0
0.0,0,0,511.0,349.0,512.0,372.0,488.0,348.0,488.0,372.0,0,0,0,0
0.0,0,0,767.0,350.0,512.0,372.0,488.0,348.0,488.0,372.0,0,0,0,0
0.0,0,0,512.0,350.0,512.0,372.0,488.0,348.0,488.0,372.0,0,0,0,0
0.0,0,0,512.0,350.0,512.0,372.0,488.0,348.0,488.0,372.0,0,0,0,0
0.0,0,0,512.0,350.0,512.0,372.0,488.0,348.0,488.0,372.0,0,0,0,0
0.0,0,0,511.0,349.0,512.0,372.0,488.0,348.0,488.0,372.0,0,0,0,0
0.0,0,0,512.0,350.0,512.0,372.0,488.0,348.0,488.0,372.0,0,0,0,0
0.0,0,0,512.0,350.0,512.0,372.0,488.0,348.0,488.0,372.0,0,0,0,0
0.0,0,0,511.0,349.0,512.0,372.0,488.0,348.0,488.0,372.0,0,0,0,0
0.0,0,0,511.0,349.0,512.0,372.0,488.0,348.0,488.0,372.0,0,0,0,0
0.0,0,0,511.0,349.0,512.0,372.0,488.0,348.0,488.0,372.0,0,0,0,0
0.0,0,0,512.0,350.0,512.0,372.0,488.0,348.0,488.0,372.0,0,0,0,0
0.0,0,0,512.0,350.0,512.0,372.0,488.0,348.0,488.0,372.0,0,0,0,0
0.0,0,0,511.0,349.0,512.0,372.0,488.0,348.0,488.0,372.0,0,0,0,0
0.0,0,0,512.0,350.0,512.0,372.0,488.0,348.0,488.0,372.0,0,0,0,0
0.0,0,0,512.0,350.0,512.0,372.0,488.0,348.0,488.0,372.0,0,0,0,0
0.0,0,0,512.0,350.0,512.0,372.0,488.0,348.0,488.0,372.0,0,0,0,0
0.0,0,0,512.0,350.0,512.0,372.0,488.0,348.0,488.0,372.0,0,0,0,0
0.0,0,0,511.0,349.0,512.0,372.0,488.0,348.0,488.0,372.0,0,0,0,0
0.0,0,0,512.0,350.0,512.0,372.0,488.0,348.0,488.0,372.0,0,0,0,0
0.0,0,0,512.0,350.0,512.0,372.0,488.0,348.0,488.0,372.0,0,0,0,0
0.0,0,0,512.0,348.0,512.0,370.0,488.0,348.0,488.0,371.0,0,0,0,0
0.0,0,0,512.0,352.0,512.0,372.0,488.0,348.0,488.0,371.0,0,0,0,0
0.0,0,0,509.0,352.0,509.0,375.0,488.0,348.0,488.0,372.0,0,0,0,0
0.0,0,0,512.0,351.0,512.0,372.0,488.0,348.0,488.0,372.0,0,0,0,0
0.0,0,0,512.0,351.0,512.0,372.0,488.0,348.0,488.0,372.0,0,0,0,0
0.0,0,0,512.0,349.0,512.0,371.0,488.0,348.0,488.0,372.0,0,0,0,0
0.0,0,0,512.0,350.0,512.0,371.0,488.0,348.0,488.0,371.0,0,0,0,0
0.0,0,0,512.0,351.0,508.0,368.0,488.0,347.0,488.0,370.0,0,0,0,0
0.0,0,0,512.0,352.0,512.0,369.0,488.0,348.0,488.0,371.0,0,0,0,0
0.0,0,0,512.0,352.0,512.0,369.0,488.0,348.0,488.0,371.0,0,0,0,0
0.0,0,0,510.0,351.0,512.0,372.0,488.0,348.0,488.0,372.0,0,0,0,0
0.0,0,0,509.0,352.0,510.0,375.0,488.0,348.0,488.0,372.0,0,0,0,0
0.0,0,0,508.0,352.0,508.0,374.0,486.0,351.0,487.0,372.0,0,0,0,0
0.0,0,0,509.0,352.0,508.0,376.0,488.0,352.0,486.0,373.0,0,0,0,0
0.0,0,0,512.0,355.0,508.0,376.0,488.0,354.0,487.0,376.0,0,0,0,0
0.0,0,0,512.0,355.0,508.0,376.0,488.0,354.0,487.0,376.0,0,0,0,0
0.0,0,0,512.0,355.0,508.0,377.0,488.0,355.0,488.0,376.0,0,0,0,0
0.0,0,0,512.0,355.0,508.0,376.0,488.0,355.0,488.0,376.0,0,0,0,0
0.0,0,0,512.0,356.0,509.0,378.0,488.0,356.0,488.0,379.0,0,0,0,0
0.0,0,0,512.0,356.0,509.0,378.0,488.0,356.0,488.0,379.0,0,0,0,0
0.0,0,0,512.0,356.0,509.0,378.0,488.0,356.0,488.0,379.0,0,0,0,0
0.0,0,0,512.0,356.0,509.0,378.0,488.0,356.0,488.0,379.0,0,0,0,0
0.0,0,0,512.0,356.0,509.0,378.0,488.0,356.0,488.0,379.0,0,0,0,0
0.0,0,0,512.0,356.0,509.0,378.0,488.0,356.0,488.0,379.0,0,0,0,0
0.0,0,0,512.0,356.0,510.0,378.0,488.0,356.0,488.0,380.0,0,0,0,0
0.0,0,0,512.0,356.0,510.0,378.0,488.0,356.0,488.0,380.0,0,0,0,0
0.0,0,0,512.0,356.0,509.0,377.0,488.0,356.0,488.0,379.0,0,0,0,0
0.0,0,0,512.0,358.0,511.0,378.0,488.0,356.0,488.0,380.0,0,0,0,0
0.0,0,0,512.0,358.0,512.0,378.0,488.0,356.0,488.0,380.0,0,0,0,0
0.0,0,0,512.0,360.0,512.0,379.0,488.0,356.0,488.0,380.0,0,0,0,0
0.0,0,0,512.0,360.0,512.0,379.0,488.0,356.0,488.0,380.0,0,0,0,0
0.0,0,0,511.0,360.0,512.0,380.0,488.0,356.0,488.0,380.0,0,0,0,0
0.0,0,0,511.0,360.0,512.0,380.0,488.0,357.0,488.0,380.0,0,0,0,0
0.0,0,0,511.0,360.0,512.0,380.0,488.0,356.0,488.0,380.0,0,0,0,0
0.0,0,0,512.0,360.0,511.0,376.0,488.0,356.0,488.0,380.0,0,0,0,0
0.0,0,0,512.0,360.0,511.0,376.0,488.0,356.0,488.0,380.0,0,0,0,0
0.0,0,0,511.0,360.0,512.0,377.0,488.0,356.0,488.0,380.0,0,0,0,0
0.0,0,0,510.0,360.0,512.0,379.0,488.0,357.0,488.0,380.0,0,0,0,0
0.0,0,0,510.0,360.0,512.0,381.0,488.0,358.0,488.0,380.0,0,0,0,0
0.0,0,0,510.0,360.0,510.0,383.0,488.0,360.0,488.0,380.0,0,0,0,0
0.0,0,0,512.0,360.0,508.0,382.0,488.0,360.0,488.0,380.0,0,0,0,0
0.0,0,0,512.0,360.0,508.0,382.0,488.0,360.0,488.0,380.0,0,0,0,0
0.0,0,0,511.0,360.0,509.0,382.0,488.0,360.0,488.0,380.0,0,0,0,0
0.0,0,0,510.0,360.0,510.0,381.0,488.0,360.0,488.0,380.0,0,0,0,0
0.0,0,0,511.0,360.0,510.0,381.0,488.0,360.0,488.0,380.0,0,0,0,0
0.0,0,0,512.0,360.0,509.0,381.0,488.0,360.0,488.0,380.0,0,0,0,0
0.0,0,0,512.0,360.0,509.0,381.0,488.0,360.0,488.0,380.0,0,0,0,0
0.0,0,0,511.0,360.0,510.0,381.0,488.0,360.0,488.0,380.0,0,0,0,0
0.0,0,0,511.0,360.0,510.0,381.0,488.0,360.0,488.0,380.0,0,0,0,0
0.0,0,0,512.0,360.0,509.0,381.0,488.0,360.0,488.0,380.0,0,0,0,0
0.0,0,0,511.0,360.0,510.0,381.0,488.0,360.0,488.0,380.0,0,0,0,0
0.0,0,0,511.0,360.0,510.0,381.0,488.0,360.0,488.0,380.0,0,0,0,0
0.0,0,0,510.0,360.0,510.0,381.0,488.0,360.0,488.0,380.0,0,0,0,0
0.0,0,0,511.0,360.0,510.0,381.0,488.0,360.0,488.0,380.0,0,0,0,0
0.0,0,0,511.0,360.0,510.0,381.0,488.0,360.0,488.0,380.0,0,0,0,0
0.0,0,0,511.0,360.0,510.0,380.0,488.0,360.0,488.0,380.0,0,0,0,0
0.0,0,0,511.0,360.0,510.0,380.0,488.0,360.0,488.0,380.0,0,0,0,0
0.0,0,0,510.0,360.0,511.0,381.0,488.0,360.0,488.0,380.0,0,0,0,0
0.0,0,0,511.0,360.0,510.0,381.0,488.0,360.0,488.0,380.0,0,0,0,0
0.0,0,0,511.0,360.0,510.0,380.0,488.0,360.0,488.0,380.0,0,0,0,0
0.0,0,0,510.0,360.0,511.0,381.0,488.0,360.0,488.0,380.0,0,0,0,0
0.0,0,0,510.0,360.0,511.0,380.0,488.0,360.0,488.0,380.0,0,0,0,0
0.0,0,0,510.0,360.0,511.0,380.0,488.0,360.0,488.0,380.0,0,0,0,0
0.0,0,0,511.0,360.0,510.0,380.0,488.0,360.0,488.0,380.0,0,0,0,0
0.0,0,0,511.0,360.0,510.0,380.0,488.0,360.0,488.0,380.0,0,0,0,0
0.0,0,0,510.0,360.0,511.0,380.0,488.0,360.0,488.0,380.0,0,0,0,0
0.0,0,0,511.0,360.0,510.0,380.0,488.0,360.0,488.0,380.0,0,0,0,0
0.0,0,0,511.0,360.0,510.0,380.0,488.0,360.0,488.0,380.0,0,0,0,0
0.0,0,0,511.0,360.0,510.0,380.0,488.0,360.0,488.0,380.0,0,0,0,0
0.0,0,0,511.0,360.0,511.0,380.0,488.0,360.0,488.0,380.0,0,0,0,0
0.0,0,0,510.0,360.0,512.0,382.0,488.0,360.0,488.0,380.0,0,0,0,0
0.0,0,0,510.0,360.0,512.0,380.0,488.0,358.0,488.0,380.0,0,0,0,0
0.0,0,0,510.0,360.0,512.0,380.0,488.0,358.0,488.0,380.0,0,0,0,0
0.0,0,0,512.0,360.0,510.0,380.0,488.0,360.0,488.0,380.0,0,0,0,0
0.0,0,0,512.0,360.0,508.0,384.0,488.0,360.0,488.0,380.0,0,0,0,0
0.0,0,0,511.0,360.0,512.0,380.0,488.0,360.0,488.0,380.0,0,0,0,0
0.0,0,0,512.0,360.0,512.0,376.0,488.0,356.0,488.0,380.0,0,0,0,0
0.0,0,0,512.0,360.0,512.0,376.0,488.0,356.0,488.0,380.0,0,0,0,0
0.0,0,0,511.0,360.0,512.0,380.0,488.0,357.0,488.0,380.0,0,0,0,0
0.0,0,0,510.0,360.0,512.0,382.0,488.0,359.0,488.0,380.0,0,0,0,0
0.0,0,0,512.0,360.0,512.0,380.0,488.0,360.0,488.0,380.0,0,0,0,0
0.0,0,0,512.0,360.0,512.0,376.0,488.0,357.0,488.0,380.0,0,0,0,0
0.0,0,0,512.0,360.0,512.0,376.0,488.0,357.0,488.0,380.0,0,0,0,0
0.0,0,0,512.0,360.0,510.0,376.0,488.0,356.0,488.0,379.0,0,0,0,0
0.0,0,0,512.0,360.0,508.0,376.0,488.0,356.0,488.0,378.0,0,0,0,0
0.0,0,0,512.0,360.0,508.0,376.0,488.0,356.0,488.0,378.0,0,0,0,0
0.0,0,0,511.0,360.0,512.0,376.0,488.0,357.0,488.0,379.0,0,0,0,0
0.0,0,0,511.0,360.0,512.0,376.0,488.0,358.0,488.0,379.0,0,0,0,0
0.0,0,0,511.0,360.0,512.0,376.0,488.0,358.0,488.0,379.0,0,0,0,0
0.0,0,0,508.0,360.0,504.0,378.0,488.0,359.0,488.0,379.0,0,0,0,0
0.0,0,0,507.0,360.0,504.0,379.0,488.0,359.0,488.0,379.0,0,0,0,0
0.0,0,0,506.0,360.0,504.0,379.0,488.0,358.0,488.0,378.0,0,0,0,0
0.0,0,0,504.0,360.0,504.0,379.0,488.0,358.0,488.0,377.0,0,0,0,0
0.0,0,0,504.0,360.0,504.0,379.0,488.0,358.0,488.0,377.0,0,0,0,0
0.0,0,0,504.0,360.0,505.0,379.0,488.0,358.0,488.0,376.0,0,0,0,0
0.0,0,0,504.0,360.0,506.0,378.0,488.0,357.0,487.0,376.0,0,0,0,0
0.0,0,0,504.0,360.0,506.0,378.0,488.0,357.0,486.0,376.0,0,0,0,0
0.0,0,0,504.0,360.0,506.0,378.0,488.0,358.0,487.0,376.0,0,0,0,0
0.0,0,0,504.0,360.0,506.0,378.0,488.0,358.0,487.0,376.0,0,0,0,0
0.0,0,0,504.0,360.0,505.0,379.0,488.0,359.0,487.0,376.0,0,0,0,0
0.0,0,0,504.0,360.0,505.0,378.0,488.0,359.0,487.0,376.0,0,0,0,0
0.0,0,0,504.0,360.0,505.0,378.0,488.0,358.0,487.0,376.0,0,0,0,0
0.0,0,0,504.0,360.0,505.0,379.0,488.0,360.0,487.0,376.0,0,0,0,0
0.0,0,0,504.0,360.0,505.0,379.0,488.0,360.0,487.0,376.0,0,0,0,0
0.0,0,0,504.0,360.0,505.0,378.0,488.0,357.0,486.0,376.0,0,0,0,0
0.0,0,0,504.0,360.0,505.0,378.0,488.0,359.0,487.0,376.0,0,0,0,0
0.0,0,0,504.0,360.0,505.0,378.0,488.0,359.0,487.0,376.0,0,0,0,0
0.0,0,0,504.0,360.0,506.0,377.0,488.0,357.0,487.0,376.0,0,0,0,0
0.0,0,0,504.0,360.0,506.0,377.0,488.0,357.0,487.0,376.0,0,0,0,0
0.0,0,0,504.0,356.0,504.0,376.0,488.0,352.0,486.0,376.0,0,0,0,0
0.0,0,0,504.0,360.0,506.0,377.0,488.0,356.0,486.0,376.0,0,0,0,0
0.0,0,0,504.0,357.0,505.0,376.0,488.0,352.0,486.0,376.0,0,0,0,0
0.0,0,0,504.0,360.0,506.0,377.0,488.0,356.0,486.0,376.0,0,0,0,0
0.0,0,0,504.0,357.0,506.0,376.0,488.0,354.0,486.0,376.0,0,0,0,0
0.0,0,0,504.0,357.0,506.0,376.0,488.0,354.0,486.0,376.0,0,0,0,0
0.0,0,0,504.0,358.0,506.0,376.0,488.0,354.0,486.0,376.0,0,0,0,0
0.0,0,0,504.0,360.0,506.0,376.0,488.0,355.0,486.0,376.0,0,0,0,0
0.0,0,0,504.0,357.0,506.0,376.0,488.0,354.0,486.0,376.0,0,0,0,0
0.0,0,0,504.0,358.0,506.0,376.0,488.0,354.0,486.0,376.0,0,0,0,0
0.0,0,0,504.0,358.0,506.0,376.0,488.0,354.0,486.0,376.0,0,0,0,0
0.0,0,0,504.0,357.0,506.0,376.0,488.0,353.0,486.0,376.0,0,0,0,0
0.0,0,0,504.0,360.0,506.0,377.0,488.0,355.0,486.0,376.0,0,0,0,0
0.0,0,0,504.0,357.0,506.0,376.0,488.0,354.0,486.0,376.0,0,0,0,0
0.0,0,0,504.0,357.0,506.0,376.0,488.0,353.0,486.0,376.0,0,0,0,0
0.0,0,0,504.0,357.0,506.0,376.0,488.0,353.0,486.0,376.0,0,0,0,0
0.0,0,0,504.0,360.0,506.0,376.0,488.0,355.0,486.0,376.0,0,0,0,0
0.0,0,0,504.0,357.0,506.0,376.0,488.0,354.0,486.0,376.0,0,0,0,0
0.0,0,0,504.0,357.0,505.0,376.0,488.0,352.0,486.0,376.0,0,0,0,0
0.0,0,0,504.0,364.0,1023.0,1023.0,488.0,352.0,487.0,376.0,0,0,0,0
0.0,0,0,504.0,364.0,1023.0,1023.0,488.0,352.0,487.0,376.0,0,0,0,0
0.0,0,0,504.0,360.0,507.0,376.0,488.0,357.0,487.0,376.0,0,0,0,0
0.0,0,0,504.0,360.0,506.0,377.0,488.0,357.0,487.0,376.0,0,0,0,0
0.0,0,0,504.0,372.0,504.0,352.0,488.0,352.0,488.0,376.0,0,0,0,0
0.0,0,0,504.0,356.0,504.0,376.0,488.0,352.0,484.0,376.0,0,0,0,0
0.0,0,0,504.0,356.0,504.0,376.0,488.0,352.0,484.0,376.0,0,0,0,0
0.0,0,0,504.0,360.0,504.0,378.0,488.0,360.0,487.0,376.0,0,0,0,0
0.0,0,0,504.0,358.0,504.0,377.0,488.0,360.0,486.0,376.0,0,0,0,0
0.0,0,0,504.0,358.0,504.0,377.0,1023.0,1023.0,485.0,376.0,0,0,0,0
0.0,0,0,504.0,359.0,504.0,378.0,488.0,360.0,487.0,376.0,0,0,0,0
0.0,0,0,504.0,359.0,504.0,377.0,488.0,360.0,485.0,376.0,0,0,0,0
0.0,0,0,504.0,359.0,504.0,377.0,488.0,360.0,485.0,376.0,0,0,0,0
0.0,0,0,504.0,358.0,504.0,376.0,1023.0,1023.0,484.0,376.0,0,0,0,0
0.0,0,0,504.0,360.0,504.0,378.0,488.0,360.0,488.0,376.0,0,0,0,0
0.0,0,0,504.0,359.0,504.0,377.0,488.0,360.0,486.0,376.0,0,0,0,0
0.0,0,0,504.0,358.0,504.0,376.0,1023.0,1023.0,486.0,376.0,0,0,0,0
0.0,0,0,504.0,358.0,504.0,376.0,1023.0,1023.0,486.0,376.0,0,0,0,0
0.0,0,0,504.0,363.0,488.0,352.0,1023.0,1023.0,486.0,376.0,0,0,0,0
0.0,0,0,504.0,363.0,488.0,352.0,1023.0,1023.0,488.0,376.0,0,0,0,0
0.0,0,0,504.0,359.0,488.0,356.0,504.0,376.0,487.0,376.0,0,0,0,0
0.0,0,0,504.0,360.0,488.0,357.0,504.0,376.0,487.0,376.0,0,0,0,0
0.0,0,0,504.0,360.0,488.0,357.0,504.0,376.0,487.0,376.0,0,0,0,0
0.0,0,0,504.0,360.0,488.0,359.0,505.0,377.0,488.0,376.0,0,0,0,0
0.0,0,0,504.0,360.0,488.0,360.0,504.0,379.0,488.0,376.0,0,0,0,0
0.0,0,0,504.0,360.0,488.0,359.0,505.0,377.0,488.0,376.0,0,0,0,0
0.0,0,0,504.0,360.0,488.0,358.0,505.0,376.0,488.0,376.0,0,0,0,0
0.0,0,0,504.0,360.0,488.0,358.0,505.0,376.0,488.0,376.0,0,0,0,0
0.0,0,0,504.0,360.0,488.0,359.0,506.0,376.0,488.0,376.0,0,0,0,0
0.0,0,0,504.0,360.0,488.0,359.0,505.0,377.0,488.0,376.0,0,0,0,0
0.0,0,0,504.0,360.0,488.0,359.0,505.0,376.0,488.0,376.0,0,0,0,0
0.0,0,0,504.0,360.0,488.0,359.0,506.0,376.0,488.0,376.0,0,0,0,0
0.0,0,0,504.0,360.0,488.0,359.0,506.0,377.0,488.0,376.0,0,0,0,0
0.0,0,0,504.0,360.0,488.0,359.0,506.0,377.0,488.0,376.0,0,0,0,0
0.0,0,0,504.0,360.0,488.0,359.0,506.0,376.0,488.0,376.0,0,0,0,0
0.0,0,0,504.0,360.0,488.0,359.0,506.0,376.0,488.0,376.0,0,0,0,0
0.0,0,0,504.0,360.0,488.0,359.0,506.0,376.0,488.0,376.0,0,0,0,0
0.0,0,0,504.0,360.0,488.0,359.0,506.0,376.0,488.0,376.0,0,0,0,0
0.0,0,0,504.0,360.0,488.0,359.0,506.0,376.0,488.0,376.0,0,0,0,0
0.0,0,0,504.0,360.0,488.0,359.0,506.0,376.0,488.0,376.0,0,0,0,0
0.0,0,0,504.0,360.0,488.0,359.0,506.0,376.0,488.0,376.0,0,0,0,0
0.0,0,0,504.0,360.0,488.0,359.0,506.0,376.0,488.0,376.0,0,0,0,0
0.0,0,0,504.0,360.0,488.0,360.0,505.0,378.0,488.0,376.0,0,0,0,0
0.0,0,0,504.0,360.0,488.0,360.0,505.0,378.0,488.0,376.0,0,0,0,0
0.0,0,0,504.0,360.0,488.0,359.0,506.0,377.0,488.0,376.0,0,0,0,0
0.0,0,0,504.0,360.0,488.0,359.0,506.0,376.0,488.0,376.0,0,0,0,0
0.0,0,0,504.0,360.0,488.0,359.0,506.0,376.0,488.0,376.0,0,0,0,0
0.0,0,0,504.0,360.0,488.0,358.0,506.0,376.0,488.0,376.0,0,0,0,0
0.0,0,0,504.0,360.0,488.0,358.0,506.0,376.0,488.0,376.0,0,0,0,0
0.0,0,0,504.0,360.0,488.0,357.0,507.0,376.0,488.0,376.0,0,0,0,0
0.0,0,0,504.0,360.0,488.0,360.0,505.0,378.0,488.0,376.0,0,0,0,0
0.0,0,0,504.0,360.0,488.0,360.0,505.0,378.0,488.0,376.0,0,0,0,0
0.0,0,0,504.0,360.0,488.0,360.0,504.0,379.0,488.0,376.0,0,0,0,0
0.0,0,0,504.0,360.0,488.0,360.0,504.0,379.0,488.0,376.0,0,0,0,0
0.0,0,0,504.0,360.0,488.0,360.0,504.0,379.0,488.0,376.0,0,0,0,0
0.0,0,0,504.0,360.0,488.0,360.0,504.0,379.0,488.0,376.0,0,0,0,0
0.0,0,0,504.0,360.0,488.0,360.0,504.0,380.0,488.0,376.0,0,0,0,0
0.0,0,0,504.0,360.0,488.0,360.0,504.0,380.0,488.0,376.0,0,0,0,0
0.0,0,0,504.0,360.0,488.0,360.0,504.0,380.0,488.0,376.0,0,0,0,0
0.0,0,0,504.0,360.0,488.0,360.0,504.0,380.0,488.0,376.0,0,0,0,0
0.0,0,0,504.0,360.0,488.0,360.0,504.0,380.0,488.0,376.0,0,0,0,0
0.0,0,0,504.0,360.0,488.0,360.0,504.0,380.0,488.0,376.0,0,0,0,0
0.0,0,0,504.0,360.0,488.0,360.0,504.0,380.0,488.0,384.0,0,0,0,0
0.0,0,0,488.0,384.0,488.0,360.0,504.0,373.0,1023.0,1023.0,0,0,0,0
0.0,0,0,488.0,384.0,488.0,360.0,504.0,373.0,1023.0,1023.0,0,0,0,0
0.0,0,0,488.0,384.0,488.0,360.0,504.0,372.0,1023.0,1023.0,0,0,0,0
0.0,0,0,488.0,384.0,488.0,360.0,504.0,373.0,1023.0,1023.0,0,0,0,0
0.0,0,0,488.0,384.0,488.0,360.0,504.0,372.0,1023.0,1023.0,0,0,0,0
0.0,0,0,488.0,384.0,488.0,360.0,504.0,372.0,1023.0,1023.0,0,0,0,0
0.0,0,0,488.0,384.0,488.0,360.0,504.0,372.0,1023.0,1023.0,0,0,0,0
0.0,0,0,488.0,384.0,488.0,360.0,504.0,372.0,1023.0,1023.0,0,0,0,0
0.0,0,0,488.0,384.0,488.0,360.0,504.0,372.0,1023.0,1023.0,0,0,0,0
0.0,0,0,488.0,360.0,1023.0,1023.0,500.0,374.0,1023.0,1023.0,0,0,0,0
0.0,0,0,488.0,368.0,1023.0,1023.0,498.0,378.0,1023.0,1023.0,0,0,0,0
0.0,0,0,488.0,368.0,1023.0,1023.0,498.0,378.0,1023.0,1023.0,0,0,0,0
0.0,0,0,488.0,368.0,1023.0,1023.0,498.0,378.0,1023.0,1023.0,0,0,0,0
0.0,0,0,488.0,367.0,488.0,384.0,504.0,376.0,1023.0,1023.0,0,0,0,0
0.0,0,0,488.0,363.0,488.0,384.0,504.0,375.0,1023.0,1023.0,0,0,0,0
0.0,0,0,488.0,360.0,1023.0,1023.0,499.0,376.0,1023.0,1023.0,0,0,0,0
0.0,0,0,488.0,360.0,1023.0,1023.0,499.0,376.0,1023.0,1023.0,0,0,0,0
0.0,0,0,488.0,360.0,1023.0,1023.0,499.0,377.0,1023.0,1023.0,0,0,0,0
0.0,0,0,488.0,363.0,488.0,384.0,504.0,375.0,1023.0,1023.0,0,0,0,0
0.0,0,0,488.0,360.0,1023.0,1023.0,499.0,376.0,1023.0,1023.0,0,0,0,0
0.0,0,0,488.0,360.0,488.0,384.0,504.0,374.0,1023.0,1023.0,0,0,0,0
0.0,0,0,488.0,360.0,488.0,384.0,504.0,375.0,1023.0,1023.0,0,0,0,0
0.0,0,0,488.0,360.0,488.0,384.0,504.0,375.0,1023.0,1023.0,0,0,0,0
0.0,0,0,488.0,362.0,488.0,384.0,504.0,375.0,1023.0,1023.0,0,0,0,0
0.0,0,0,488.0,360.0,488.0,384.0,504.0,373.0,1023.0,1023.0,0,0,0,0
0.0,0,0,488.0,360.0,488.0,384.0,504.0,373.0,1023.0,1023.0,0,0,0,0
0.0,0,0,488.0,361.0,488.0,384.0,504.0,375.0,1023.0,1023.0,0,0,0,0
0.0,0,0,488.0,361.0,488.0,384.0,504.0,375.0,1023.0,1023.0,0,0,0,0
0.0,0,0,488.0,360.0,488.0,384.0,504.0,372.0,1023.0,1023.0,0,0,0,0
0.0,0,0,488.0,360.0,488.0,384.0,504.0,373.0,1023.0,1023.0,0,0,0,0
0.0,0,0,488.0,360.0,488.0,384.0,504.0,374.0,1023.0,1023.0,0,0,0,0
0.0,0,0,488.0,360.0,488.0,384.0,504.0,374.0,1023.0,1023.0,0,0,0,0
0.0,0,0,488.0,360.0,488.0,384.0,504.0,374.0,1023.0,1023.0,0,0,0,0
0.0,0,0,488.0,360.0,488.0,384.0,504.0,372.0,1023.0,1023.0,0,0,0,0
0.0,0,0,488.0,360.0,488.0,384.0,504.0,372.0,1023.0,1023.0,0,0,0,0
0.0,0,0,488.0,360.0,488.0,384.0,504.0,374.0,1023.0,1023.0,0,0,0,0
0.0,0,0,488.0,360.0,488.0,384.0,504.0,372.0,1023.0,1023.0,0,0,0,0
0.0,0,0,488.0,360.0,488.0,384.0,504.0,372.0,1023.0,1023.0,0,0,0,0
0.0,0,0,488.0,360.0,1023.0,1023.0,500.0,374.0,1023.0,1023.0,0,0,0,0
0.0,0,0,488.0,364.0,488.0,384.0,504.0,376.0,1023.0,1023.0,0,0,0,0
0.0,0,0,488.0,360.0,488.0,384.0,504.0,373.0,1023.0,1023.0,0,0,0,0
0.0,0,0,488.0,360.0,1023.0,1023.0,500.0,374.0,1023.0,1023.0,0,0,0,0
0.0,0,0,488.0,360.0,1023.0,1023.0,500.0,374.0,1023.0,1023.0,0,0,0,0
0.0,0,0,488.0,360.0,488.0,384.0,504.0,372.0,1023.0,1023.0,0,0,0,0
0.0,0,0,488.0,360.0,488.0,384.0,504.0,372.0,1023.0,1023.0,0,0,0,0
0.0,0,0,488.0,360.0,488.0,384.0,504.0,373.0,1023.0,1023.0,0,0,0,0
0.0,0,0,488.0,360.0,488.0,384.0,504.0,372.0,1023.0,1023.0,0,0,0,0
0.0,0,0,488.0,360.0,488.0,384.0,504.0,372.0,1023.0,1023.0,0,0,0,0
0.0,0,0,488.0,360.0,488.0,384.0,504.0,373.0,1023.0,1023.0,0,0,0,0
0.0,0,0,488.0,360.0,504.0,360.0,504.0,380.0,1023.0,1023.0,0,0,0,0
0.0,0,0,488.0,360.0,504.0,360.0,504.0,379.0,488.0,376.0,0,0,0,0
0.0,0,0,487.0,360.0,504.0,360.0,497.0,377.0,1023.0,1023.0,0,0,0,0
0.0,0,0,488.0,360.0,504.0,360.0,504.0,379.0,488.0,376.0,0,0,0,0
0.0,0,0,488.0,360.0,504.0,360.0,504.0,379.0,488.0,376.0,0,0,0,0
0.0,0,0,488.0,360.0,504.0,360.0,504.0,379.0,488.0,376.0,0,0,0,0
0.0,0,0,488.0,360.0,504.0,360.0,504.0,379.0,488.0,376.0,0,0,0,0
0.0,0,0,488.0,360.0,504.0,360.0,504.0,379.0,488.0,376.0,0,0,0,0
0.0,0,0,487.0,360.0,504.0,360.0,504.0,377.0,480.0,376.0,0,0,0,0
0.0,0,0,487.0,360.0,504.0,360.0,504.0,377.0,480.0,376.0,0,0,0,0
0.0,0,0,485.0,360.0,504.0,360.0,1023.0,1023.0,492.0,376.0,0,0,0,0
0.0,0,0,481.0,360.0,504.0,360.0,1023.0,1023.0,492.0,376.0,0,0,0,0
0.0,0,0,485.0,360.0,504.0,360.0,1023.0,1023.0,492.0,376.0,0,0,0,0
0.0,0,0,486.0,360.0,504.0,360.0,1023.0,1023.0,492.0,376.0,0,0,0,0
0.0,0,0,486.0,360.0,504.0,360.0,1023.0,1023.0,492.0,376.0,0,0,0,0
0.0,0,0,482.0,360.0,504.0,360.0,1023.0,1023.0,492.0,376.0,0,0,0,0
0.0,0,0,488.0,360.0,504.0,360.0,1023.0,1023.0,492.0,376.0,0,0,0,0
0.0,0,0,487.0,360.0,504.0,360.0,1023.0,1023.0,492.0,376.0,0,0,0,0
0.0,0,0,488.0,360.0,504.0,360.0,1023.0,1023.0,493.0,376.0,0,0,0,0
0.0,0,0,488.0,360.0,504.0,360.0,1023.0,1023.0,493.0,376.0,0,0,0,0
0.0,0,0,488.0,360.0,504.0,360.0,1023.0,1023.0,492.0,376.0,0,0,0,0
0.0,0,0,488.0,360.0,504.0,360.0,1023.0,1023.0,496.0,376.0,0,0,0,0
0.0,0,0,488.0,360.0,504.0,360.0,1023.0,1023.0,496.0,376.0,0,0,0,0
0.0,0,0,488.0,360.0,504.0,360.0,1023.0,1023.0,496.0,376.0,0,0,0,0
0.0,0,0,488.0,360.0,504.0,360.0,1023.0,1023.0,496.0,376.0,0,0,0,0
0.0,0,0,488.0,360.0,504.0,360.0,1023.0,1023.0,496.0,376.0,0,0,0,0
0.0,0,0,488.0,360.0,504.0,360.0,1023.0,1023.0,496.0,376.0,0,0,0,0
0.0,0,0,488.0,360.0,504.0,360.0,1023.0,1023.0,496.0,376.0,0,0,0,0
0.0,0,0,488.0,360.0,504.0,360.0,1023.0,1023.0,496.0,376.0,0,0,0,0
0.0,0,0,488.0,360.0,504.0,360.0,1023.0,1023.0,496.0,376.0,0,0,0,0
0.0,0,0,488.0,360.0,504.0,360.0,1023.0,1023.0,496.0,376.0,0,0,0,0
0.0,0,0,488.0,360.0,504.0,360.0,1023.0,1023.0,496.0,376.0,0,0,0,0
0.0,0,0,488.0,360.0,504.0,360.0,1023.0,1023.0,496.0,376.0,0,0,0,0
0.0,0,0,488.0,360.0,504.0,360.0,1023.0,1023.0,496.0,376.0,0,0,0,0
0.0,0,0,480.0,376.0,504.0,360.0,1023.0,1023.0,503.0,376.0,0,0,0,0
0.0,0,0,480.0,376.0,504.0,360.0,1023.0,1023.0,503.0,376.0,0,0,0,0
0.0,0,0,488.0,360.0,504.0,360.0,1023.0,1023.0,496.0,376.0,0,0,0,0
0.0,0,0,488.0,360.0,504.0,360.0,1023.0,1023.0,496.0,376.0,0,0,0,0
0.0,0,0,488.0,360.0,504.0,360.0,1023.0,1023.0,496.0,376.0,0,0,0,0
0.0,0,0,504.0,360.0,1023.0,1023.0,1023.0,1023.0,495.0,376.0,0,0,0,0
0.0,0,0,504.0,360.0,1023.0,1023.0,1023.0,1023.0,495.0,376.0,0,0,0,0
0.0,0,0,504.0,360.0,480.0,376.0,1023.0,1023.0,504.0,376.0,0,0,0,0
0.0,0,0,504.0,360.0,480.0,376.0,1023.0,1023.0,504.0,376.0,0,0,0,0
0.0,0,0,504.0,360.0,493.0,376.0,1023.0,1023.0,1023.0,1023.0,0,0,0,0
0.0,0,0,504.0,360.0,504.0,376.0,480.0,376.0,1023.0,1023.0,0,0,0,0
0.0,0,0,504.0,360.0,504.0,376.0,480.0,376.0,1023.0,1023.0,0,0,0,0
0.0,0,0,504.0,360.0,1023.0,1023.0,492.0,376.0,1023.0,1023.0,0,0,0,0
0.0,0,0,504.0,360.0,492.0,376.0,1023.0,1023.0,1023.0,1023.0,0,0,0,0
0.0,0,0,504.0,360.0,1023.0,1023.0,493.0,376.0,1023.0,1023.0,0,0,0,0
0.0,0,0,504.0,360.0,1023.0,1023.0,492.0,376.0,1023.0,1023.0,0,0,0,0
0.0,0,0,504.0,360.0,1023.0,1023.0,492.0,376.0,1023.0,1023.0,0,0,0,0
0.0,0,0,504.0,360.0,1023.0,1023.0,492.0,376.0,1023.0,1023.0,0,0,0,0
0.0,0,0,504.0,360.0,488.0,360.0,491.0,376.0,1023.0,1023.0,0,0,0,0
0.0,0,0,504.0,360.0,480.0,360.0,492.0,376.0,1023.0,1023.0,0,0,0,0
0.0,0,0,504.0,360.0,487.0,360.0,492.0,376.0,1023.0,1023.0,0,0,0,0
0.0,0,0,504.0,360.0,488.0,360.0,494.0,376.0,1023.0,1023.0,0,0,0,0
0.0,0,0,504.0,360.0,488.0,360.0,494.0,376.0,1023.0,1023.0,0,0,0,0
0.0,0,0,504.0,360.0,488.0,360.0,491.0,376.0,1023.0,1023.0,0,0,0,0
0.0,0,0,504.0,360.0,488.0,360.0,494.0,376.0,1023.0,1023.0,0,0,0,0
0.0,0,0,504.0,360.0,488.0,360.0,496.0,376.0,1023.0,1023.0,0,0,0,0
0.0,0,0,504.0,360.0,488.0,360.0,496.0,376.0,1023.0,1023.0,0,0,0,0
0.0,0,0,504.0,360.0,488.0,360.0,496.0,376.0,1023.0,1023.0,0,0,0,0
0.0,0,0,504.0,360.0,488.0,360.0,496.0,376.0,1023.0,1023.0,0,0,0,0
0.0,0,0,504.0,360.0,488.0,360.0,496.0,376.0,1023.0,1023.0,0,0,0,0
0.0,0,0,504.0,360.0,488.0,360.0,496.0,376.0,1023.0,1023.0,0,0,0,0
0.0,0,0,504.0,360.0,488.0,360.0,496.0,376.0,1023.0,1023.0,0,0,0,0
0.0,0,0,504.0,360.0,488.0,360.0,496.0,376.0,1023.0,1023.0,0,0,0,0
0.0,0,0,504.0,360.0,488.0,360.0,496.0,376.0,1023.0,1023.0,0,0,0,0
0.0,0,0,504.0,360.0,488.0,360.0,488.0,376.0,504.0,376.0,0,0,0,0
0.0,0,0,504.0,360.0,488.0,360.0,488.0,376.0,504.0,376.0,0,0,0,0
0.0,0,0,504.0,360.0,488.0,360.0,496.0,376.0,1023.0,1023.0,0,0,0,0
0.0,0,0,504.0,360.0,488.0,360.0,496.0,376.0,1023.0,1023.0,0,0,0,0
0.0,0,0,504.0,360.0,488.0,360.0,496.0,376.0,1023.0,1023.0,0,0,0,0
0.0,0,0,504.0,360.0,488.0,360.0,488.0,376.0,504.0,376.0,0,0,0,0
0.0,0,0,504.0,360.0,488.0,360.0,496.0,376.0,1023.0,1023.0,0,0,0,0
0.0,0,0,504.0,360.0,488.0,360.0,496.0,376.0,1023.0,1023.0,0,0,0,0
0.0,0,0,504.0,360.0,488.0,360.0,496.0,376.0,1023.0,1023.0,0,0,0,0
0.0,0,0,504.0,360.0,488.0,360.0,496.0,376.0,1023.0,1023.0,0,0,0,0
0.0,0,0,504.0,360.0,488.0,360.0,496.0,376.0,1023.0,1023.0,0,0,0,0
0.0,0,0,504.0,360.0,488.0,360.0,496.0,376.0,1023.0,1023.0,0,0,0,0
0.0,0,0,504.0,360.0,488.0,360.0,496.0,376.0,1023.0,1023.0,0,0,0,0
0.0,0,0,504.0,360.0,488.0,360.0,496.0,376.0,1023.0,1023.0,0,0,0,0
0.0,0,0,504.0,360.0,488.0,360.0,496.0,376.0,1023.0,1023.0,0,0,0,0
0.0,0,0,504.0,360.0,488.0,360.0,496.0,376.0,1023.0,1023.0,0,0,0,0
0.0,0,0,504.0,360.0,488.0,360.0,496.0,376.0,1023.0,1023.0,0,0,0,0
0.0,0,0,504.0,360.0,488.0,360.0,496.0,376.0,1023.0,1023.0,0,0,0,0
0.0,0,0,504.0,360.0,488.0,360.0,496.0,376.0,1023.0,1023.0,0,0,0,0
0.0,0,0,504.0,360.0,488.0,360.0,496.0,376.0,1023.0,1023.0,0,0,0,0
0.0,0,0,504.0,360.0,488.0,360.0,496.0,376.0,1023.0,1023.0,0,0,0,0
0.0,0,0,504.0,360.0,488.0,360.0,496.0,376.0,1023.0,1023.0,0,0,0,0
0.0,0,0,504.0,360.0,488.0,360.0,496.0,376.0,1023.0,1023.0,0,0,0,0
0.0,0,0,504.0,360.0,488.0,360.0,496.0,376.0,1023.0,1023.0,0,0,0,0
0.0,0,0,504.0,360.0,488.0,360.0,496.0,376.0,1023.0,1023.0,0,0,0,0
0.0,0,0,504.0,360.0,488.0,360.0,496.0,376.0,1023.0,1023.0,0,0,0,0
0.0,0,0,504.0,360.0,488.0,360.0,496.0,376.0,1023.0,1023.0,0,0,0,0
0.0,0,0,504.0,360.0,488.0,360.0,496.0,376.0,1023.0,1023.0,0,0,0,0
0.0,0,0,504.0,360.0,488.0,360.0,496.0,376.0,1023.0,1023.0,0,0,0,0
0.0,0,0,504.0,360.0,488.0,360.0,496.0,376.0,1023.0,1023.0,0,0,0,0
0.0,0,0,504.0,360.0,488.0,360.0,496.0,376.0,1023.0,1023.0,0,0,0,0
