0.0,0.0,0,0,0,0,0,0,0,0,0
0.0,0.0,0,600.0,222.0,332.0,217.0,329.0,483.0,594.0,485.0
334.0,0.0,0,600.0,222.0,332.0,217.0,329.0,483.0,594.0,485.0
334.0,0.0,1,600.0,222.0,332.0,217.0,329.0,483.0,594.0,485.0
335.0,0.0,1,600.0,222.0,332.0,217.0,329.0,483.0,594.0,485.0
335.0,0.0,1,600.0,222.0,332.0,217.0,329.0,483.0,594.0,485.0
334.0,0.0,1,600.0,222.0,332.0,217.0,329.0,483.0,594.0,485.0
334.0,0.0,0,600.0,222.0,332.0,217.0,329.0,483.0,594.0,485.0
334.0,0.0,1,600.0,222.0,332.0,217.0,329.0,483.0,594.0,485.0
334.0,0.0,1,600.0,222.0,332.0,217.0,329.0,483.0,594.0,485.0
334.0,0.0,0,601.0,222.0,332.0,217.0,329.0,483.0,594.0,486.0
335.0,0.0,0,601.0,222.0,332.0,217.0,329.0,483.0,594.0,486.0
334.0,0.0,0,601.0,221.0,332.0,217.0,329.0,483.0,594.0,485.0
334.0,0.0,0,600.0,222.0,332.0,217.0,329.0,483.0,594.0,486.0
334.0,0.0,1,601.0,222.0,332.0,217.0,329.0,483.0,594.0,486.0
334.0,0.0,1,601.0,222.0,332.0,217.0,329.0,483.0,594.0,485.0
332.0,0.0,0,601.0,221.0,332.0,216.0,329.0,483.0,594.0,485.0
335.0,0.0,0,601.0,221.0,332.0,216.0,329.0,482.0,594.0,485.0
334.0,0.0,0,600.0,221.0,332.0,217.0,329.0,483.0,594.0,485.0
335.0,0.0,0,601.0,221.0,332.0,216.0,329.0,483.0,594.0,485.0
335.0,0.0,1,601.0,221.0,332.0,216.0,329.0,483.0,594.0,485.0
334.0,0.0,1,601.0,221.0,332.0,216.0,329.0,482.0,594.0,485.0
334.0,0.0,1,601.0,221.0,332.0,216.0,329.0,482.0,594.0,485.0
336.0,0.0,1,600.0,222.0,332.0,217.0,329.0,482.0,594.0,485.0
334.0,0.0,0,600.0,222.0,332.0,217.0,329.0,483.0,594.0,485.0
335.0,0.0,0,600.0,222.0,332.0,216.0,329.0,482.0,594.0,485.0
335.0,0.0,0,600.0,221.0,332.0,216.0,329.0,482.0,594.0,485.0
335.0,0.0,0,600.0,222.0,332.0,217.0,329.0,483.0,594.0,485.0
335.0,0.0,1,600.0,222.0,332.0,217.0,329.0,483.0,594.0,485.0
335.0,0.0,0,600.0,222.0,332.0,217.0,329.0,483.0,594.0,485.0
335.0,0.0,0,600.0,222.0,332.0,217.0,329.0,483.0,594.0,486.0
334.0,0.0,1,600.0,222.0,332.0,217.0,329.0,483.0,594.0,485.0
334.0,0.0,1,600.0,222.0,332.0,217.0,329.0,483.0,594.0,485.0
330.0,0.0,1,600.0,222.0,332.0,217.0,329.0,483.0,594.0,485.0
334.0,0.0,0,601.0,221.0,332.0,216.0,329.0,482.0,594.0,485.0
335.0,0.0,1,601.0,222.0,335.0,217.0,332.0,480.0,595.0,483.0
334.0,0.0,1,599.0,227.0,338.0,221.0,335.0,480.0,593.0,483.0
336.0,0.0,1,598.0,228.0,338.0,221.0,336.0,480.0,592.0,483.0
336.0,0.0,0,599.0,225.0,338.0,219.0,335.0,477.0,593.0,481.0
341.0,0.0,0,599.0,225.0,338.0,219.0,335.0,477.0,593.0,481.0
346.0,0.0,0,598.0,227.0,338.0,221.0,335.0,479.0,592.0,482.0
345.0,0.0,1,599.0,226.0,339.0,219.0,337.0,477.0,593.0,481.0
345.0,0.0,1,600.0,227.0,343.0,220.0,340.0,476.0,593.0,478.0
354.0,0.0,1,597.0,231.0,346.0,225.0,343.0,474.0,590.0,476.0
354.0,0.0,1,593.0,235.0,350.0,229.0,347.0,471.0,586.0,474.0
354.0,0.0,1,592.0,236.0,353.0,231.0,351.0,467.0,585.0,470.0
361.0,0.0,1,589.0,239.0,357.0,233.0,354.0,464.0,583.0,467.0
383.0,0.0,1,585.0,240.0,359.0,237.0,357.0,460.0,580.0,464.0
396.0,0.0,1,584.0,240.0,363.0,237.0,360.0,456.0,579.0,461.0
397.0,0.0,1,582.0,242.0,366.0,239.0,363.0,453.0,576.0,456.0
397.0,0.0,1,580.0,245.0,368.0,240.0,365.0,450.0,575.0,455.0
415.0,0.0,1,579.0,247.0,371.0,243.0,368.0,448.0,573.0,451.0
416.0,0.0,1,576.0,249.0,372.0,244.0,370.0,446.0,571.0,450.0
437.0,0.0,1,573.0,251.0,374.0,246.0,372.0,444.0,568.0,447.0
446.0,0.0,1,572.0,252.0,376.0,249.0,374.0,441.0,566.0,445.0
457.0,0.0,1,570.0,253.0,378.0,250.0,376.0,439.0,564.0,442.0
457.0,0.0,1,567.0,255.0,378.0,251.0,378.0,437.0,562.0,440.0
467.0,0.0,1,567.0,255.0,378.0,251.0,378.0,437.0,562.0,440.0
478.0,0.0,1,564.0,257.0,380.0,251.0,379.0,435.0,561.0,437.0
494.0,0.0,1,564.0,257.0,382.0,252.0,380.0,432.0,559.0,434.0
494.0,0.0,1,562.0,258.0,383.0,252.0,381.0,429.0,556.0,432.0
506.0,0.0,1,559.0,259.0,385.0,252.0,382.0,427.0,555.0,430.0
506.0,0.0,1,558.0,259.0,387.0,254.0,386.0,426.0,554.0,427.0
519.0,0.0,1,557.0,260.0,388.0,255.0,387.0,424.0,554.0,426.0
521.0,0.0,1,556.0,260.0,389.0,256.0,388.0,422.0,552.0,424.0
540.0,0.0,1,555.0,260.0,392.0,257.0,390.0,419.0,551.0,420.0
551.0,0.0,1,554.0,262.0,393.0,257.0,392.0,418.0,551.0,419.0
560.0,0.0,1,553.0,262.0,395.0,257.0,394.0,415.0,549.0,418.0
560.0,0.0,1,554.0,263.0,397.0,258.0,395.0,414.0,549.0,417.0
569.0,0.0,1,553.0,262.0,397.0,257.0,396.0,413.0,549.0,415.0
580.0,0.0,1,552.0,261.0,396.0,256.0,395.0,412.0,549.0,414.0
589.0,0.0,0,552.0,262.0,396.0,256.0,395.0,412.0,548.0,415.0
580.0,0.0,0,552.0,262.0,397.0,256.0,395.0,412.0,549.0,414.0
580.0,0.0,0,552.0,262.0,397.0,256.0,395.0,412.0,549.0,414.0
580.0,0.0,0,552.0,261.0,397.0,256.0,395.0,412.0,549.0,414.0
580.0,0.0,0,552.0,261.0,397.0,256.0,395.0,412.0,549.0,414.0
581.0,0.0,0,552.0,261.0,396.0,256.0,395.0,412.0,549.0,414.0
590.0,0.0,0,552.0,261.0,396.0,256.0,395.0,412.0,549.0,414.0
590.0,0.0,0,552.0,262.0,396.0,256.0,395.0,411.0,549.0,414.0
581.0,0.0,0,552.0,261.0,396.0,256.0,395.0,411.0,549.0,414.0
581.0,0.0,0,552.0,261.0,396.0,256.0,395.0,411.0,549.0,414.0
591.0,0.0,0,552.0,261.0,396.0,256.0,395.0,412.0,549.0,414.0
581.0,0.0,0,552.0,262.0,396.0,256.0,395.0,412.0,549.0,414.0
591.0,0.0,0,552.0,262.0,396.0,256.0,395.0,412.0,549.0,414.0
583.0,0.0,1,552.0,261.0,397.0,256.0,395.0,411.0,549.0,414.0
582.0,0.0,1,555.0,260.0,398.0,255.0,397.0,410.0,551.0,412.0
582.0,0.0,1,552.0,262.0,398.0,257.0,397.0,410.0,549.0,413.0
589.0,0.0,1,552.0,263.0,400.0,258.0,398.0,410.0,549.0,412.0
589.0,0.0,1,553.0,258.0,401.0,254.0,399.0,405.0,549.0,408.0
600.0,0.0,1,552.0,263.0,402.0,257.0,401.0,406.0,549.0,408.0
609.0,0.0,1,552.0,263.0,402.0,257.0,401.0,406.0,549.0,408.0
619.0,0.0,1,552.0,264.0,404.0,259.0,403.0,405.0,548.0,408.0
619.0,0.0,1,551.0,263.0,406.0,257.0,404.0,403.0,547.0,405.0
619.0,0.0,1,551.0,263.0,407.0,257.0,406.0,401.0,547.0,403.0
640.0,0.0,1,547.0,263.0,406.0,259.0,406.0,400.0,543.0,402.0
641.0,0.0,1,544.0,264.0,407.0,258.0,406.0,399.0,543.0,399.0
662.0,0.0,1,544.0,264.0,407.0,257.0,406.0,396.0,543.0,398.0
664.0,0.0,1,544.0,264.0,408.0,259.0,407.0,394.0,541.0,396.0
664.0,0.0,1,544.0,264.0,409.0,260.0,408.0,392.0,540.0,395.0
670.0,0.0,1,544.0,264.0,409.0,260.0,408.0,392.0,539.0,393.0
679.0,0.0,1,544.0,264.0,411.0,261.0,410.0,390.0,538.0,392.0
699.0,0.0,1,543.0,263.0,412.0,261.0,411.0,390.0,537.0,391.0
708.0,0.0,1,542.0,263.0,414.0,261.0,413.0,387.0,537.0,389.0
718.0,0.0,1,541.0,263.0,415.0,260.0,415.0,384.0,537.0,387.0
718.0,0.0,1,540.0,263.0,415.0,261.0,416.0,384.0,536.0,384.0
727.0,0.0,1,541.0,264.0,417.0,262.0,416.0,384.0,536.0,384.0
736.0,0.0,1,540.0,264.0,418.0,262.0,417.0,383.0,536.0,384.0
746.0,0.0,1,539.0,264.0,419.0,263.0,418.0,382.0,536.0,383.0
764.0,0.0,1,539.0,264.0,419.0,263.0,418.0,382.0,536.0,383.0
776.0,0.0,1,540.0,264.0,421.0,262.0,420.0,379.0,536.0,382.0
776.0,0.0,1,539.0,264.0,422.0,262.0,422.0,377.0,537.0,380.0
776.0,0.0,1,539.0,264.0,423.0,262.0,422.0,377.0,536.0,379.0
786.0,0.0,1,538.0,265.0,423.0,262.0,423.0,376.0,535.0,376.0
795.0,0.0,1,537.0,265.0,424.0,262.0,423.0,375.0,536.0,376.0
814.0,0.0,1,537.0,265.0,426.0,262.0,424.0,374.0,536.0,376.0
824.0,0.0,1,537.0,265.0,426.0,263.0,424.0,373.0,535.0,375.0
824.0,0.0,1,537.0,265.0,427.0,263.0,425.0,371.0,534.0,374.0
833.0,0.0,1,536.0,266.0,428.0,263.0,426.0,370.0,535.0,372.0
843.0,0.0,1,537.0,265.0,428.0,262.0,427.0,368.0,534.0,369.0
854.0,0.0,1,535.0,266.0,429.0,263.0,428.0,368.0,534.0,369.0
871.0,0.0,1,535.0,265.0,430.0,262.0,429.0,367.0,533.0,368.0
881.0,0.0,1,534.0,264.0,430.0,261.0,429.0,365.0,533.0,367.0
881.0,0.0,1,533.0,264.0,431.0,261.0,430.0,364.0,532.0,366.0
891.0,0.0,1,533.0,264.0,431.0,261.0,431.0,363.0,531.0,364.0
891.0,0.0,1,533.0,265.0,432.0,261.0,431.0,363.0,531.0,364.0
903.0,0.0,1,533.0,265.0,432.0,261.0,431.0,363.0,531.0,364.0
923.0,0.0,1,532.0,266.0,432.0,262.0,431.0,363.0,530.0,363.0
923.0,0.0,1,531.0,266.0,432.0,262.0,431.0,362.0,529.0,361.0
923.0,0.0,1,531.0,265.0,432.0,262.0,431.0,361.0,528.0,360.0
931.0,0.0,1,531.0,264.0,433.0,261.0,432.0,358.0,528.0,359.0
941.0,0.0,1,531.0,263.0,434.0,260.0,433.0,356.0,528.0,358.0
950.0,0.0,1,531.0,264.0,435.0,261.0,434.0,356.0,528.0,357.0
970.0,0.0,1,531.0,264.0,435.0,261.0,435.0,356.0,528.0,357.0
980.0,0.0,1,531.0,265.0,436.0,261.0,436.0,355.0,528.0,356.0
980.0,0.0,1,530.0,266.0,436.0,262.0,436.0,355.0,528.0,356.0
990.0,0.0,1,530.0,266.0,437.0,263.0,436.0,355.0,528.0,355.0
1000.0,0.0,1,530.0,266.0,439.0,263.0,437.0,354.0,528.0,354.0
1009.0,0.0,1,530.0,267.0,439.0,264.0,437.0,354.0,528.0,355.0
1031.0,0.0,1,528.0,267.0,439.0,265.0,438.0,354.0,527.0,355.0
1040.0,0.0,1,528.0,268.0,439.0,265.0,438.0,353.0,526.0,355.0
1041.0,0.0,1,527.0,268.0,439.0,266.0,439.0,353.0,526.0,355.0
1041.0,0.0,1,527.0,268.0,440.0,266.0,439.0,352.0,525.0,354.0
1041.0,0.0,1,527.0,268.0,440.0,266.0,439.0,352.0,525.0,354.0
1059.0,0.0,1,526.0,268.0,440.0,265.0,439.0,351.0,524.0,352.0
1069.0,0.0,1,525.0,268.0,440.0,265.0,439.0,351.0,524.0,352.0
1079.0,0.0,1,524.0,268.0,441.0,265.0,440.0,350.0,524.0,351.0
1086.0,0.0,1,524.0,268.0,441.0,265.0,439.0,349.0,523.0,351.0
1086.0,0.0,1,524.0,268.0,440.0,266.0,440.0,350.0,523.0,351.0
1106.0,0.0,1,523.0,271.0,440.0,268.0,440.0,351.0,522.0,352.0
1116.0,0.0,1,522.0,271.0,440.0,270.0,439.0,351.0,521.0,352.0
1125.0,0.0,1,521.0,273.0,440.0,270.0,439.0,351.0,520.0,352.0
1133.0,0.0,1,521.0,273.0,439.0,270.0,439.0,351.0,519.0,351.0
1153.0,0.0,1,520.0,273.0,439.0,270.0,439.0,350.0,518.0,351.0
1153.0,0.0,1,519.0,273.0,440.0,270.0,439.0,350.0,518.0,350.0
1151.0,0.0,1,518.0,273.0,439.0,270.0,439.0,350.0,516.0,349.0
1168.0,0.0,1,518.0,273.0,439.0,271.0,439.0,350.0,516.0,349.0
1169.0,0.0,1,518.0,273.0,439.0,272.0,439.0,350.0,516.0,349.0
1188.0,0.0,1,516.0,274.0,439.0,273.0,440.0,350.0,515.0,349.0
1188.0,0.0,1,516.0,275.0,440.0,273.0,440.0,350.0,515.0,349.0
1188.0,0.0,1,516.0,276.0,440.0,273.0,440.0,350.0,515.0,349.0
1205.0,0.0,1,516.0,276.0,440.0,273.0,440.0,350.0,515.0,349.0
1214.0,0.0,1,516.0,278.0,440.0,275.0,440.0,350.0,514.0,350.0
1224.0,0.0,1,516.0,278.0,441.0,275.0,440.0,350.0,515.0,349.0
1235.0,0.0,1,516.0,278.0,441.0,275.0,440.0,350.0,514.0,349.0
1255.0,0.0,1,515.0,278.0,441.0,275.0,441.0,348.0,514.0,349.0
1255.0,0.0,1,515.0,277.0,442.0,274.0,441.0,347.0,515.0,348.0
1260.0,0.0,1,515.0,277.0,442.0,274.0,441.0,346.0,515.0,347.0
1264.0,0.0,1,515.0,279.0,443.0,275.0,442.0,346.0,515.0,347.0
1278.0,0.0,1,515.0,279.0,444.0,276.0,443.0,346.0,515.0,347.0
1296.0,0.0,1,514.0,279.0,445.0,278.0,443.0,346.0,514.0,347.0
1309.0,0.0,1,513.0,280.0,444.0,279.0,443.0,347.0,513.0,349.0
1309.0,0.0,1,513.0,280.0,445.0,279.0,443.0,347.0,512.0,348.0
1319.0,0.0,1,513.0,280.0,445.0,279.0,445.0,346.0,512.0,348.0
1327.0,0.0,1,513.0,280.0,446.0,279.0,445.0,346.0,512.0,348.0
1336.0,0.0,1,512.0,281.0,446.0,280.0,447.0,348.0,512.0,349.0
1343.0,0.0,1,512.0,282.0,446.0,280.0,447.0,349.0,512.0,350.0
1355.0,0.0,1,512.0,282.0,446.0,280.0,447.0,349.0,512.0,350.0
1355.0,0.0,1,512.0,282.0,447.0,280.0,447.0,349.0,512.0,350.0
1365.0,0.0,1,512.0,282.0,447.0,281.0,447.0,348.0,512.0,350.0
1374.0,0.0,1,512.0,282.0,448.0,281.0,447.0,347.0,512.0,349.0
1384.0,0.0,1,512.0,282.0,448.0,281.0,447.0,347.0,512.0,349.0
1404.0,0.0,1,512.0,284.0,448.0,281.0,448.0,348.0,512.0,350.0
1412.0,0.0,1,512.0,285.0,448.0,282.0,448.0,348.0,512.0,350.0
1412.0,0.0,1,512.0,285.0,448.0,283.0,448.0,348.0,512.0,350.0
1421.0,0.0,1,512.0,287.0,448.0,284.0,448.0,348.0,512.0,350.0
1439.0,0.0,1,512.0,288.0,448.0,285.0,448.0,349.0,512.0,350.0
1439.0,0.0,1,513.0,288.0,449.0,287.0,448.0,349.0,512.0,350.0
1460.0,0.0,1,512.0,288.0,449.0,287.0,448.0,350.0,512.0,350.0
1468.0,0.0,1,512.0,288.0,449.0,287.0,448.0,350.0,512.0,350.0
1468.0,0.0,1,512.0,288.0,449.0,287.0,448.0,350.0,512.0,350.0
1475.0,0.0,1,512.0,288.0,450.0,287.0,448.0,350.0,512.0,350.0
1488.0,0.0,1,512.0,288.0,451.0,288.0,449.0,351.0,512.0,350.0
1488.0,0.0,1,512.0,290.0,452.0,288.0,450.0,351.0,512.0,350.0
1505.0,0.0,1,512.0,290.0,452.0,288.0,450.0,351.0,512.0,350.0
1515.0,0.0,1,512.0,290.0,451.0,288.0,450.0,351.0,511.0,350.0
1526.0,0.0,1,512.0,292.0,451.0,288.0,450.0,351.0,511.0,350.0
1526.0,0.0,1,512.0,292.0,451.0,288.0,451.0,352.0,511.0,350.0
1535.0,0.0,1,512.0,292.0,452.0,288.0,451.0,352.0,511.0,350.0
1545.0,0.0,1,512.0,292.0,452.0,288.0,451.0,352.0,511.0,350.0
1554.0,0.0,1,512.0,292.0,452.0,288.0,451.0,352.0,511.0,350.0
1574.0,0.0,1,511.0,292.0,453.0,290.0,452.0,352.0,511.0,351.0
1582.0,0.0,1,511.0,294.0,453.0,292.0,452.0,352.0,510.0,351.0
1582.0,0.0,1,511.0,295.0,454.0,295.0,452.0,352.0,510.0,351.0
1591.0,0.0,1,511.0,295.0,452.0,295.0,452.0,352.0,509.0,351.0
1602.0,0.0,1,511.0,295.0,452.0,296.0,452.0,352.0,508.0,351.0
1612.0,0.0,1,510.0,295.0,452.0,295.0,452.0,352.0,508.0,351.0
1629.0,0.0,1,511.0,295.0,454.0,294.0,453.0,351.0,508.0,351.0
1629.0,0.0,1,510.0,295.0,454.0,295.0,453.0,351.0,507.0,351.0
1629.0,0.0,1,510.0,295.0,454.0,294.0,454.0,350.0,508.0,352.0
1638.0,0.0,1,510.0,295.0,455.0,293.0,455.0,350.0,509.0,351.0
1657.0,0.0,1,510.0,295.0,456.0,293.0,456.0,348.0,510.0,350.0
1657.0,0.0,1,510.0,295.0,456.0,293.0,456.0,348.0,510.0,350.0
1676.0,0.0,1,510.0,295.0,456.0,293.0,456.0,347.0,511.0,349.0
1686.0,0.0,1,510.0,295.0,456.0,293.0,455.0,346.0,511.0,347.0
1686.0,0.0,1,509.0,295.0,455.0,293.0,455.0,345.0,505.0,345.0
1686.0,0.0,1,509.0,296.0,455.0,293.0,455.0,345.0,505.0,344.0
1686.0,0.0,1,509.0,295.0,456.0,292.0,455.0,345.0,507.0,344.0
1705.0,0.0,1,510.0,294.0,456.0,291.0,454.0,344.0,507.0,344.0
1724.0,0.0,1,508.0,293.0,456.0,291.0,454.0,344.0,507.0,344.0
1733.0,0.0,1,508.0,292.0,456.0,290.0,454.0,343.0,505.0,343.0
1733.0,0.0,1,507.0,289.0,455.0,289.0,455.0,342.0,505.0,343.0
1751.0,0.0,1,506.0,288.0,455.0,288.0,455.0,341.0,505.0,342.0
1753.0,0.0,1,506.0,288.0,455.0,288.0,455.0,341.0,504.0,342.0
1761.0,0.0,1,505.0,288.0,455.0,288.0,455.0,341.0,504.0,342.0
1771.0,0.0,1,506.0,290.0,455.0,289.0,455.0,341.0,504.0,342.0
1790.0,0.0,1,505.0,289.0,455.0,290.0,455.0,341.0,504.0,341.0
1790.0,0.0,1,505.0,289.0,455.0,289.0,455.0,341.0,504.0,341.0
1791.0,0.0,1,504.0,289.0,455.0,289.0,455.0,340.0,504.0,340.0
1799.0,0.0,1,504.0,289.0,455.0,289.0,455.0,340.0,504.0,340.0
1809.0,0.0,1,504.0,290.0,455.0,289.0,455.0,338.0,504.0,340.0
1826.0,0.0,1,504.0,290.0,454.0,288.0,454.0,337.0,504.0,340.0
1838.0,0.0,1,504.0,289.0,453.0,288.0,454.0,337.0,503.0,337.0
1838.0,0.0,1,504.0,287.0,454.0,287.0,453.0,336.0,504.0,336.0
1847.0,0.0,1,503.0,286.0,454.0,287.0,453.0,336.0,504.0,336.0
1856.0,0.0,1,504.0,285.0,454.0,286.0,454.0,335.0,504.0,336.0
1866.0,0.0,1,504.0,285.0,455.0,286.0,454.0,335.0,504.0,336.0
1884.0,0.0,1,503.0,285.0,454.0,286.0,454.0,334.0,503.0,335.0
1884.0,0.0,1,503.0,285.0,454.0,285.0,454.0,334.0,503.0,334.0
1884.0,0.0,1,503.0,285.0,455.0,285.0,455.0,334.0,503.0,334.0
1894.0,0.0,1,503.0,286.0,455.0,282.0,455.0,332.0,504.0,333.0
1894.0,0.0,1,503.0,284.0,455.0,282.0,455.0,329.0,504.0,331.0
1905.0,0.0,1,503.0,282.0,455.0,282.0,455.0,329.0,503.0,330.0
1923.0,0.0,1,503.0,281.0,455.0,281.0,454.0,328.0,502.0,328.0
1933.0,0.0,1,503.0,281.0,454.0,281.0,454.0,328.0,502.0,328.0
1933.0,0.0,1,503.0,281.0,454.0,281.0,453.0,328.0,502.0,328.0
1943.0,0.0,1,502.0,281.0,454.0,281.0,453.0,327.0,501.0,328.0
1952.0,0.0,1,502.0,281.0,454.0,281.0,453.0,327.0,501.0,328.0
1963.0,0.0,1,502.0,281.0,455.0,281.0,453.0,327.0,501.0,328.0
1973.0,0.0,1,502.0,281.0,455.0,281.0,453.0,327.0,501.0,328.0
1992.0,0.0,1,502.0,281.0,454.0,281.0,453.0,327.0,500.0,328.0
1992.0,0.0,1,501.0,282.0,455.0,281.0,453.0,328.0,500.0,328.0
2002.0,0.0,1,501.0,282.0,455.0,281.0,453.0,327.0,500.0,328.0
2012.0,0.0,1,501.0,282.0,455.0,281.0,454.0,327.0,500.0,328.0
2023.0,0.0,1,500.0,284.0,455.0,281.0,454.0,327.0,500.0,328.0
2032.0,0.0,1,500.0,284.0,455.0,281.0,454.0,327.0,500.0,328.0
2032.0,0.0,1,501.0,282.0,455.0,281.0,455.0,326.0,500.0,328.0
2032.0,0.0,1,502.0,281.0,456.0,281.0,456.0,325.0,501.0,328.0
2042.0,0.0,1,502.0,281.0,457.0,281.0,456.0,326.0,501.0,327.0
2054.0,0.0,1,502.0,281.0,457.0,281.0,457.0,326.0,501.0,328.0
2073.0,0.0,1,501.0,282.0,457.0,281.0,457.0,326.0,501.0,328.0
2082.0,0.0,1,501.0,282.0,457.0,281.0,457.0,326.0,501.0,328.0
2092.0,0.0,1,501.0,282.0,457.0,281.0,457.0,326.0,501.0,328.0
2092.0,0.0,1,501.0,282.0,458.0,282.0,457.0,327.0,501.0,328.0
2100.0,0.0,1,501.0,282.0,458.0,282.0,457.0,327.0,501.0,328.0
2109.0,0.0,1,500.0,283.0,459.0,283.0,457.0,327.0,501.0,328.0
2119.0,0.0,1,500.0,284.0,460.0,284.0,457.0,326.0,501.0,328.0
2147.0,0.0,1,500.0,284.0,460.0,284.0,457.0,327.0,501.0,328.0
2147.0,0.0,1,500.0,284.0,460.0,284.0,457.0,326.0,501.0,328.0
2147.0,0.0,1,501.0,285.0,460.0,284.0,457.0,327.0,501.0,328.0
2156.0,0.0,1,502.0,286.0,460.0,284.0,458.0,327.0,501.0,328.0
2156.0,0.0,1,502.0,286.0,460.0,284.0,458.0,327.0,501.0,328.0
2165.0,0.0,1,503.0,286.0,460.0,284.0,459.0,326.0,501.0,328.0
2174.0,0.0,0,502.0,286.0,460.0,284.0,458.0,326.0,501.0,327.0
2174.0,0.0,0,502.0,286.0,460.0,284.0,458.0,326.0,501.0,327.0
2174.0,0.0,0,503.0,286.0,460.0,284.0,459.0,325.0,501.0,327.0
2175.0,0.0,0,501.0,285.0,460.0,284.0,458.0,325.0,501.0,327.0
2175.0,0.0,0,502.0,286.0,460.0,284.0,458.0,326.0,501.0,327.0
2175.0,0.0,0,502.0,286.0,460.0,284.0,458.0,326.0,501.0,327.0
2174.0,0.0,0,502.0,286.0,460.0,284.0,458.0,327.0,501.0,328.0
2174.0,0.0,0,502.0,286.0,460.0,284.0,458.0,327.0,501.0,328.0
2174.0,0.0,0,502.0,286.0,460.0,284.0,459.0,326.0,501.0,327.0
2175.0,0.0,0,502.0,286.0,460.0,284.0,458.0,326.0,501.0,327.0
2175.0,0.0,0,502.0,286.0,460.0,284.0,458.0,326.0,501.0,328.0
2166.0,0.0,0,502.0,286.0,460.0,284.0,458.0,327.0,501.0,328.0
2174.0,0.0,1,500.0,284.0,460.0,284.0,457.0,326.0,502.0,327.0
2175.0,0.0,1,500.0,284.0,460.0,284.0,458.0,326.0,502.0,327.0
2175.0,0.0,1,502.0,286.0,460.0,284.0,458.0,327.0,501.0,328.0
2175.0,0.0,1,502.0,286.0,460.0,284.0,458.0,327.0,501.0,328.0
2187.0,0.0,1,502.0,281.0,458.0,282.0,460.0,324.0,500.0,324.0
2186.0,0.0,1,500.0,284.0,460.0,284.0,459.0,324.0,502.0,326.0
2187.0,0.0,1,503.0,287.0,460.0,284.0,460.0,325.0,501.0,327.0
2204.0,0.0,1,502.0,286.0,460.0,284.0,461.0,326.0,501.0,328.0
2204.0,0.0,1,502.0,286.0,460.0,284.0,459.0,325.0,501.0,327.0
2204.0,0.0,1,502.0,286.0,460.0,284.0,459.0,325.0,501.0,327.0
2214.0,0.0,1,502.0,286.0,460.0,284.0,460.0,325.0,501.0,327.0
2224.0,0.0,1,502.0,286.0,460.0,284.0,460.0,325.0,501.0,327.0
2241.0,0.0,1,502.0,286.0,460.0,284.0,460.0,325.0,501.0,327.0
2249.0,0.0,1,502.0,286.0,460.0,284.0,460.0,325.0,501.0,327.0
2249.0,0.0,1,502.0,286.0,460.0,284.0,459.0,325.0,500.0,328.0
2258.0,0.0,1,500.0,285.0,460.0,284.0,458.0,326.0,498.0,327.0
2269.0,0.0,1,500.0,284.0,460.0,284.0,458.0,325.0,497.0,327.0
2278.0,0.0,1,500.0,284.0,460.0,284.0,460.0,324.0,498.0,327.0
2286.0,0.0,1,500.0,284.0,460.0,284.0,460.0,324.0,498.0,326.0
2296.0,0.0,1,500.0,284.0,460.0,284.0,460.0,324.0,498.0,326.0
2296.0,0.0,1,501.0,286.0,460.0,284.0,460.0,324.0,500.0,325.0
2306.0,0.0,1,500.0,284.0,460.0,284.0,460.0,324.0,499.0,324.0
2317.0,0.0,1,500.0,285.0,460.0,284.0,460.0,324.0,499.0,324.0
2326.0,0.0,1,501.0,286.0,462.0,286.0,460.0,324.0,499.0,324.0
2342.0,0.0,1,500.0,284.0,461.0,285.0,460.0,324.0,498.0,325.0
2354.0,0.0,1,500.0,284.0,461.0,285.0,460.0,324.0,499.0,324.0
2354.0,0.0,1,499.0,284.0,460.0,284.0,460.0,324.0,498.0,325.0
2362.0,0.0,1,499.0,284.0,460.0,284.0,460.0,324.0,500.0,324.0
2371.0,0.0,1,500.0,284.0,461.0,285.0,460.0,324.0,500.0,324.0
2381.0,0.0,1,499.0,284.0,461.0,285.0,460.0,323.0,500.0,324.0
2398.0,0.0,1,499.0,284.0,461.0,285.0,460.0,323.0,500.0,324.0
2399.0,0.0,1,500.0,284.0,460.0,284.0,460.0,323.0,500.0,324.0
2399.0,0.0,0,500.0,284.0,460.0,284.0,460.0,323.0,499.0,323.0
2398.0,0.0,1,500.0,284.0,460.0,283.0,460.0,323.0,498.0,321.0
2398.0,0.0,1,500.0,284.0,460.0,284.0,460.0,323.0,500.0,324.0
2398.0,0.0,0,499.0,284.0,460.0,284.0,460.0,323.0,498.0,322.0
2399.0,0.0,0,499.0,284.0,460.0,284.0,460.0,323.0,498.0,322.0
2408.0,0.0,1,500.0,284.0,460.0,284.0,460.0,323.0,498.0,322.0
2408.0,0.0,1,500.0,284.0,460.0,284.0,460.0,323.0,497.0,321.0
2399.0,0.0,1,500.0,284.0,460.0,284.0,460.0,323.0,497.0,321.0
2398.0,0.0,1,499.0,284.0,460.0,284.0,460.0,323.0,498.0,322.0
2398.0,0.0,1,500.0,284.0,460.0,283.0,460.0,323.0,497.0,321.0
2399.0,0.0,1,499.0,284.0,460.0,284.0,460.0,323.0,497.0,321.0
2399.0,0.0,1,499.0,284.0,460.0,284.0,460.0,323.0,498.0,322.0
2399.0,0.0,1,499.0,284.0,460.0,284.0,460.0,323.0,498.0,322.0
2398.0,0.0,1,499.0,284.0,460.0,284.0,460.0,323.0,497.0,321.0
2398.0,0.0,1,499.0,284.0,460.0,284.0,460.0,323.0,497.0,321.0
2400.0,0.0,1,499.0,284.0,460.0,284.0,460.0,323.0,497.0,321.0
2400.0,0.0,1,499.0,284.0,460.0,284.0,460.0,323.0,498.0,322.0
2400.0,0.0,1,499.0,284.0,460.0,284.0,460.0,323.0,498.0,322.0
2400.0,0.0,1,499.0,284.0,460.0,284.0,460.0,323.0,498.0,321.0
2400.0,0.0,1,499.0,284.0,460.0,284.0,460.0,323.0,497.0,321.0
2400.0,0.0,1,499.0,284.0,460.0,284.0,460.0,323.0,498.0,322.0
2399.0,0.0,1,499.0,284.0,460.0,284.0,460.0,323.0,498.0,322.0
2400.0,0.0,1,499.0,284.0,460.0,284.0,460.0,323.0,497.0,321.0
2400.0,0.0,1,499.0,284.0,460.0,284.0,460.0,323.0,497.0,321.0
2400.0,0.0,1,500.0,284.0,460.0,284.0,460.0,323.0,498.0,322.0
2400.0,0.0,1,499.0,284.0,460.0,284.0,460.0,323.0,498.0,322.0
2400.0,0.0,1,499.0,284.0,460.0,284.0,460.0,323.0,497.0,321.0
2400.0,0.0,1,500.0,284.0,460.0,284.0,460.0,323.0,497.0,321.0
2400.0,0.0,1,500.0,284.0,460.0,284.0,460.0,323.0,498.0,321.0
2400.0,0.0,1,499.0,284.0,460.0,284.0,460.0,323.0,498.0,322.0
2399.0,0.0,1,499.0,284.0,460.0,284.0,460.0,323.0,497.0,321.0
2399.0,0.0,1,500.0,284.0,460.0,283.0,460.0,323.0,497.0,321.0
2408.0,0.0,1,500.0,284.0,460.0,283.0,460.0,323.0,497.0,321.0
2408.0,0.0,1,500.0,284.0,460.0,284.0,460.0,323.0,497.0,321.0
2400.0,0.0,1,500.0,284.0,460.0,284.0,460.0,323.0,497.0,321.0
2400.0,0.0,1,500.0,284.0,460.0,283.0,460.0,323.0,497.0,321.0
2400.0,0.0,1,500.0,284.0,460.0,283.0,460.0,323.0,497.0,321.0
2399.0,0.0,1,500.0,284.0,460.0,283.0,460.0,323.0,497.0,321.0
2400.0,0.0,1,500.0,284.0,460.0,284.0,460.0,323.0,497.0,321.0
2400.0,0.0,1,500.0,284.0,460.0,284.0,460.0,323.0,497.0,321.0
2400.0,0.0,1,499.0,284.0,460.0,284.0,460.0,323.0,497.0,321.0
2400.0,0.0,1,500.0,284.0,460.0,284.0,460.0,323.0,497.0,321.0
2400.0,0.0,1,499.0,284.0,460.0,284.0,460.0,323.0,497.0,321.0
2399.0,0.0,1,499.0,284.0,460.0,284.0,460.0,323.0,497.0,321.0
2400.0,0.0,1,499.0,284.0,460.0,284.0,460.0,323.0,497.0,321.0
2400.0,0.0,1,499.0,284.0,460.0,284.0,460.0,323.0,497.0,321.0
2401.0,0.0,1,499.0,284.0,460.0,284.0,460.0,323.0,498.0,321.0
2401.0,0.0,1,499.0,284.0,460.0,284.0,460.0,323.0,497.0,321.0
2400.0,0.0,1,499.0,284.0,460.0,284.0,460.0,323.0,497.0,321.0
2401.0,0.0,1,499.0,284.0,460.0,284.0,460.0,323.0,497.0,321.0
2401.0,0.0,1,499.0,284.0,460.0,284.0,460.0,323.0,497.0,321.0
2401.0,0.0,1,499.0,284.0,460.0,284.0,460.0,323.0,498.0,322.0
2401.0,0.0,1,499.0,284.0,460.0,284.0,460.0,323.0,497.0,321.0
2401.0,0.0,1,500.0,284.0,460.0,283.0,460.0,323.0,497.0,321.0
2401.0,0.0,1,499.0,284.0,460.0,284.0,460.0,323.0,498.0,321.0
2400.0,0.0,1,499.0,284.0,460.0,284.0,460.0,323.0,498.0,321.0
2401.0,0.0,1,499.0,284.0,460.0,284.0,460.0,323.0,497.0,321.0
2401.0,0.0,1,500.0,284.0,460.0,283.0,460.0,323.0,497.0,321.0
2401.0,0.0,1,500.0,284.0,460.0,283.0,460.0,323.0,497.0,321.0
2400.0,0.0,1,500.0,284.0,460.0,283.0,460.0,323.0,498.0,321.0
2401.0,0.0,1,500.0,284.0,460.0,283.0,460.0,323.0,497.0,321.0
2400.0,0.0,1,500.0,284.0,460.0,283.0,460.0,323.0,497.0,321.0
2400.0,0.0,1,500.0,284.0,460.0,283.0,460.0,323.0,497.0,321.0
2400.0,0.0,1,500.0,284.0,460.0,283.0,460.0,323.0,497.0,321.0
2401.0,0.0,1,499.0,284.0,460.0,284.0,460.0,323.0,497.0,321.0
2401.0,0.0,1,499.0,284.0,460.0,283.0,460.0,323.0,497.0,321.0
2400.0,0.0,1,499.0,284.0,460.0,283.0,460.0,323.0,497.0,321.0
2401.0,0.0,1,500.0,284.0,460.0,283.0,460.0,323.0,497.0,321.0
2401.0,0.0,1,499.0,284.0,460.0,284.0,460.0,323.0,497.0,321.0
2401.0,0.0,1,499.0,284.0,460.0,284.0,460.0,323.0,497.0,321.0
2401.0,0.0,1,499.0,284.0,460.0,284.0,460.0,323.0,497.0,321.0
2401.0,0.0,1,499.0,284.0,460.0,284.0,460.0,323.0,497.0,321.0
2401.0,0.0,1,499.0,284.0,460.0,284.0,460.0,323.0,497.0,321.0
2401.0,0.0,1,499.0,284.0,460.0,284.0,460.0,323.0,497.0,321.0
2401.0,0.0,1,499.0,284.0,460.0,284.0,460.0,323.0,497.0,321.0
2401.0,0.0,1,499.0,284.0,460.0,284.0,460.0,323.0,497.0,321.0
2401.0,0.0,1,499.0,284.0,460.0,284.0,460.0,323.0,497.0,321.0
2401.0,0.0,1,499.0,284.0,460.0,284.0,460.0,323.0,497.0,321.0
2401.0,0.0,1,500.0,284.0,460.0,283.0,460.0,323.0,497.0,321.0
2403.0,0.0,1,499.0,284.0,460.0,284.0,460.0,323.0,497.0,321.0
2402.0,0.0,1,499.0,284.0,460.0,284.0,460.0,323.0,497.0,321.0
2402.0,0.0,1,499.0,284.0,460.0,284.0,460.0,323.0,497.0,321.0
2402.0,0.0,1,500.0,284.0,460.0,283.0,460.0,323.0,497.0,321.0
2402.0,0.0,1,500.0,284.0,460.0,283.0,460.0,323.0,497.0,321.0
2402.0,0.0,1,500.0,284.0,460.0,283.0,460.0,323.0,497.0,321.0
2402.0,0.0,1,500.0,284.0,460.0,283.0,460.0,323.0,497.0,321.0
0.0,0.0,0,0,0,0,0,0,0,0,0
0.0,0.0,0,500.0,328.0,502.0,281.0,455.0,325.0,455.0,281.0
2053.0,0.0,0,500.0,328.0,502.0,281.0,455.0,325.0,456.0,281.0
2053.0,0.0,0,500.0,328.0,502.0,281.0,455.0,325.0,456.0,281.0
2053.0,0.0,0,500.0,328.0,502.0,281.0,455.0,325.0,455.0,281.0
2053.0,0.0,0,500.0,328.0,502.0,281.0,455.0,325.0,455.0,281.0
2053.0,0.0,0,500.0,328.0,502.0,281.0,455.0,325.0,455.0,281.0
2052.0,0.0,0,500.0,328.0,502.0,281.0,455.0,325.0,456.0,281.0
2053.0,0.0,0,500.0,328.0,502.0,281.0,455.0,325.0,456.0,281.0
2053.0,0.0,0,500.0,328.0,502.0,281.0,455.0,325.0,455.0,281.0
2053.0,0.0,0,500.0,328.0,502.0,281.0,455.0,325.0,455.0,281.0
2053.0,0.0,0,500.0,328.0,502.0,281.0,455.0,325.0,455.0,281.0
2053.0,0.0,0,500.0,328.0,502.0,281.0,455.0,325.0,455.0,281.0
2063.0,0.0,0,500.0,328.0,502.0,281.0,455.0,325.0,455.0,281.0
2062.0,0.0,0,500.0,328.0,502.0,281.0,455.0,325.0,455.0,281.0
2053.0,0.0,0,500.0,328.0,502.0,281.0,455.0,325.0,455.0,281.0
2052.0,0.0,0,500.0,328.0,502.0,281.0,455.0,325.0,455.0,281.0
2063.0,0.0,0,500.0,328.0,502.0,281.0,455.0,325.0,455.0,281.0
2063.0,0.0,0,500.0,328.0,502.0,281.0,455.0,325.0,456.0,281.0
2053.0,0.0,0,500.0,328.0,502.0,281.0,455.0,325.0,455.0,281.0
2052.0,0.0,0,500.0,328.0,502.0,281.0,455.0,325.0,455.0,281.0
2052.0,0.0,0,500.0,328.0,502.0,281.0,455.0,325.0,455.0,281.0
2052.0,0.0,0,500.0,328.0,502.0,281.0,455.0,325.0,456.0,281.0
2053.0,0.0,0,500.0,328.0,502.0,281.0,455.0,325.0,456.0,281.0
2053.0,0.0,0,500.0,328.0,502.0,281.0,455.0,325.0,456.0,281.0
2052.0,0.0,0,500.0,328.0,502.0,281.0,455.0,325.0,456.0,281.0
2063.0,0.0,0,500.0,328.0,502.0,281.0,455.0,325.0,456.0,281.0
2053.0,0.0,0,500.0,328.0,502.0,281.0,455.0,325.0,456.0,281.0
2052.0,0.0,0,500.0,328.0,502.0,281.0,455.0,325.0,456.0,281.0
2053.0,0.0,0,500.0,328.0,502.0,281.0,455.0,325.0,456.0,281.0
2053.0,0.0,0,500.0,328.0,502.0,281.0,455.0,325.0,455.0,281.0
2053.0,0.0,0,500.0,328.0,502.0,281.0,455.0,325.0,455.0,281.0
2063.0,0.0,0,500.0,328.0,502.0,281.0,455.0,325.0,456.0,281.0
2063.0,0.0,0,500.0,328.0,502.0,281.0,455.0,325.0,456.0,281.0
2053.0,0.0,0,500.0,328.0,502.0,281.0,455.0,325.0,455.0,281.0
2053.0,0.0,1,500.0,328.0,502.0,281.0,455.0,326.0,455.0,281.0
2053.0,0.0,1,500.0,328.0,502.0,281.0,455.0,325.0,455.0,281.0
2053.0,0.0,1,500.0,328.0,502.0,281.0,455.0,326.0,455.0,281.0
2052.0,0.0,1,500.0,328.0,502.0,281.0,455.0,326.0,455.0,281.0
2052.0,0.0,1,500.0,328.0,500.0,284.0,455.0,328.0,455.0,282.0
2052.0,0.0,1,500.0,328.0,500.0,284.0,454.0,327.0,455.0,281.0
2051.0,0.0,1,501.0,328.0,502.0,286.0,455.0,330.0,455.0,285.0
2051.0,0.0,1,501.0,328.0,502.0,286.0,455.0,330.0,455.0,285.0
2042.0,0.0,1,500.0,328.0,500.0,284.0,454.0,329.0,455.0,282.0
2032.0,0.0,1,500.0,328.0,500.0,284.0,454.0,329.0,455.0,281.0
2012.0,0.0,1,502.0,329.0,502.0,286.0,455.0,329.0,455.0,285.0
1972.0,0.0,1,502.0,328.0,501.0,284.0,455.0,329.0,455.0,281.0
1952.0,0.0,1,503.0,332.0,502.0,286.0,455.0,330.0,455.0,284.0
1952.0,0.0,1,503.0,335.0,501.0,287.0,454.0,335.0,454.0,287.0
1924.0,0.0,1,503.0,336.0,502.0,288.0,453.0,336.0,453.0,288.0
1924.0,0.0,1,503.0,337.0,503.0,289.0,452.0,339.0,453.0,288.0
1895.0,0.0,1,503.0,342.0,503.0,290.0,449.0,342.0,449.0,288.0
1828.0,0.0,1,503.0,342.0,504.0,290.0,449.0,342.0,450.0,288.0
1799.0,0.0,1,504.0,343.0,504.0,290.0,449.0,343.0,450.0,288.0
1799.0,0.0,1,504.0,344.0,504.0,293.0,450.0,343.0,449.0,289.0
1770.0,0.0,1,503.0,345.0,504.0,294.0,448.0,345.0,448.0,294.0
1751.0,0.0,1,504.0,352.0,504.0,297.0,449.0,351.0,450.0,296.0
1723.0,0.0,1,504.0,349.0,504.0,295.0,448.0,348.0,448.0,294.0
1676.0,0.0,1,504.0,348.0,504.0,294.0,448.0,348.0,448.0,291.0
1658.0,0.0,1,504.0,348.0,504.0,294.0,448.0,348.0,448.0,291.0
1632.0,0.0,1,504.0,351.0,504.0,296.0,447.0,351.0,447.0,295.0
1632.0,0.0,1,504.0,353.0,504.0,296.0,448.0,352.0,448.0,296.0
1622.0,0.0,1,504.0,353.0,504.0,296.0,447.0,352.0,448.0,296.0
1603.0,0.0,1,504.0,352.0,505.0,295.0,448.0,352.0,448.0,292.0
1592.0,0.0,1,505.0,352.0,508.0,296.0,448.0,352.0,448.0,292.0
1564.0,0.0,1,505.0,352.0,508.0,296.0,448.0,352.0,448.0,292.0
1546.0,0.0,1,509.0,352.0,512.0,292.0,448.0,352.0,448.0,288.0
1546.0,0.0,1,510.0,352.0,511.0,291.0,448.0,352.0,448.0,288.0
1519.0,0.0,1,510.0,352.0,512.0,289.0,447.0,352.0,448.0,288.0
1488.0,0.0,1,511.0,350.0,512.0,284.0,447.0,348.0,446.0,281.0
1450.0,0.0,1,510.0,350.0,512.0,281.0,441.0,349.0,442.0,280.0
1371.0,0.0,1,512.0,350.0,512.0,281.0,442.0,349.0,441.0,279.0
1332.0,0.0,1,512.0,348.0,513.0,278.0,441.0,347.0,441.0,276.0
1332.0,0.0,1,514.0,349.0,514.0,277.0,440.0,349.0,440.0,274.0
1305.0,0.0,1,513.0,351.0,514.0,278.0,439.0,350.0,439.0,277.0
1268.0,0.0,1,515.0,352.0,517.0,277.0,439.0,351.0,439.0,274.0
1239.0,0.0,1,515.0,352.0,517.0,277.0,439.0,351.0,439.0,274.0
1192.0,0.0,1,516.0,349.0,518.0,273.0,438.0,350.0,438.0,271.0
1165.0,0.0,1,516.0,348.0,518.0,271.0,439.0,349.0,439.0,270.0
1165.0,0.0,1,518.0,350.0,519.0,272.0,438.0,350.0,438.0,270.0
1165.0,0.0,1,519.0,352.0,521.0,273.0,438.0,351.0,439.0,270.0
1157.0,0.0,1,519.0,351.0,521.0,271.0,438.0,350.0,439.0,270.0
1148.0,0.0,1,521.0,351.0,521.0,270.0,438.0,350.0,439.0,268.0
1129.0,0.0,1,520.0,350.0,521.0,270.0,438.0,350.0,439.0,267.0
1121.0,0.0,1,520.0,352.0,521.0,270.0,438.0,351.0,439.0,269.0
1121.0,0.0,0,521.0,353.0,521.0,271.0,439.0,351.0,439.0,269.0
1129.0,0.0,0,521.0,352.0,521.0,271.0,439.0,351.0,439.0,269.0
1121.0,0.0,1,521.0,353.0,521.0,272.0,439.0,352.0,439.0,270.0
1129.0,0.0,1,522.0,351.0,522.0,270.0,438.0,350.0,439.0,267.0
1121.0,0.0,1,522.0,350.0,524.0,268.0,438.0,349.0,439.0,265.0
1107.0,0.0,1,522.0,352.0,522.0,270.0,438.0,350.0,439.0,267.0
1107.0,0.0,1,521.0,352.0,522.0,270.0,438.0,350.0,439.0,267.0
1108.0,0.0,1,522.0,352.0,522.0,270.0,439.0,351.0,439.0,267.0
1108.0,0.0,1,522.0,352.0,522.0,270.0,439.0,351.0,439.0,267.0
1109.0,0.0,1,522.0,352.0,523.0,270.0,439.0,351.0,440.0,268.0
1109.0,0.0,1,523.0,352.0,524.0,268.0,439.0,351.0,439.0,267.0
1100.0,0.0,1,523.0,353.0,525.0,269.0,439.0,352.0,439.0,267.0
1100.0,0.0,1,523.0,354.0,525.0,269.0,439.0,352.0,439.0,267.0
1090.0,0.0,1,525.0,356.0,526.0,270.0,438.0,355.0,439.0,268.0
1080.0,0.0,1,526.0,357.0,528.0,270.0,437.0,356.0,438.0,267.0
1062.0,0.0,1,527.0,357.0,529.0,268.0,436.0,356.0,437.0,266.0
1021.0,0.0,1,528.0,359.0,530.0,267.0,435.0,357.0,435.0,266.0
992.0,0.0,1,527.0,358.0,529.0,264.0,432.0,357.0,433.0,261.0
992.0,0.0,1,527.0,360.0,530.0,264.0,429.0,360.0,430.0,262.0
972.0,0.0,1,528.0,363.0,531.0,265.0,429.0,363.0,429.0,262.0
944.0,0.0,1,529.0,365.0,532.0,265.0,429.0,364.0,430.0,262.0
933.0,0.0,1,530.0,367.0,533.0,264.0,429.0,364.0,430.0,261.0
904.0,0.0,1,533.0,367.0,533.0,264.0,429.0,365.0,430.0,261.0
894.0,0.0,1,533.0,367.0,534.0,262.0,429.0,365.0,430.0,260.0
894.0,0.0,1,533.0,367.0,533.0,264.0,429.0,367.0,429.0,262.0
884.0,0.0,1,533.0,367.0,534.0,265.0,429.0,367.0,430.0,261.0
884.0,0.0,1,533.0,367.0,534.0,265.0,429.0,367.0,430.0,261.0
883.0,0.0,1,534.0,368.0,536.0,266.0,429.0,366.0,431.0,261.0
883.0,0.0,1,534.0,368.0,536.0,266.0,429.0,368.0,430.0,262.0
875.0,0.0,1,533.0,368.0,535.0,265.0,428.0,368.0,428.0,262.0
875.0,0.0,1,533.0,368.0,535.0,264.0,428.0,368.0,428.0,262.0
875.0,0.0,1,534.0,369.0,536.0,266.0,428.0,368.0,429.0,263.0
874.0,0.0,1,535.0,371.0,536.0,267.0,429.0,369.0,429.0,264.0
875.0,0.0,1,535.0,371.0,537.0,265.0,428.0,368.0,429.0,263.0
858.0,0.0,1,535.0,371.0,538.0,264.0,428.0,369.0,429.0,263.0
847.0,0.0,1,536.0,372.0,538.0,264.0,428.0,370.0,428.0,263.0
847.0,0.0,0,535.0,372.0,537.0,265.0,427.0,371.0,428.0,263.0
847.0,0.0,0,536.0,373.0,538.0,265.0,428.0,371.0,429.0,263.0
847.0,0.0,0,535.0,372.0,537.0,265.0,427.0,371.0,428.0,263.0
846.0,0.0,1,536.0,373.0,538.0,265.0,428.0,371.0,429.0,263.0
846.0,0.0,1,536.0,375.0,538.0,267.0,429.0,373.0,429.0,264.0
847.0,0.0,1,536.0,375.0,538.0,264.0,427.0,372.0,428.0,263.0
838.0,0.0,1,536.0,375.0,538.0,264.0,427.0,372.0,427.0,263.0
838.0,0.0,1,536.0,375.0,538.0,264.0,427.0,372.0,427.0,263.0
839.0,0.0,1,536.0,374.0,538.0,264.0,427.0,372.0,427.0,263.0
839.0,0.0,1,536.0,375.0,538.0,265.0,427.0,372.0,428.0,263.0
837.0,0.0,1,536.0,375.0,539.0,266.0,428.0,375.0,429.0,264.0
838.0,0.0,1,536.0,375.0,539.0,266.0,427.0,375.0,428.0,264.0
839.0,0.0,1,536.0,376.0,539.0,265.0,426.0,375.0,427.0,264.0
839.0,0.0,1,537.0,377.0,540.0,266.0,426.0,376.0,427.0,264.0
828.0,0.0,1,539.0,380.0,542.0,266.0,425.0,377.0,427.0,264.0
809.0,0.0,1,542.0,383.0,544.0,266.0,424.0,382.0,426.0,263.0
799.0,0.0,1,543.0,384.0,544.0,266.0,423.0,384.0,424.0,264.0
781.0,0.0,1,543.0,387.0,545.0,265.0,421.0,385.0,422.0,263.0
732.0,0.0,1,544.0,392.0,547.0,265.0,416.0,391.0,417.0,262.0
732.0,0.0,1,546.0,395.0,551.0,264.0,415.0,393.0,415.0,261.0
712.0,0.0,1,549.0,399.0,552.0,264.0,413.0,397.0,414.0,260.0
686.0,0.0,1,552.0,402.0,556.0,265.0,414.0,400.0,414.0,261.0
665.0,0.0,1,555.0,404.0,559.0,264.0,413.0,403.0,414.0,260.0
656.0,0.0,1,556.0,407.0,560.0,264.0,411.0,404.0,412.0,259.0
634.0,0.0,1,556.0,407.0,560.0,264.0,411.0,404.0,412.0,259.0
634.0,0.0,1,556.0,407.0,560.0,263.0,410.0,405.0,410.0,257.0
623.0,0.0,1,557.0,409.0,560.0,263.0,410.0,407.0,410.0,259.0
614.0,0.0,1,557.0,409.0,560.0,263.0,409.0,407.0,409.0,258.0
613.0,0.0,1,557.0,409.0,560.0,263.0,409.0,407.0,409.0,258.0
614.0,0.0,1,557.0,409.0,560.0,263.0,410.0,407.0,410.0,258.0
614.0,0.0,1,557.0,409.0,560.0,263.0,410.0,407.0,410.0,258.0
614.0,0.0,1,557.0,409.0,560.0,263.0,409.0,407.0,409.0,258.0
614.0,0.0,1,558.0,410.0,560.0,264.0,410.0,408.0,411.0,259.0
613.0,0.0,1,559.0,411.0,561.0,263.0,409.0,409.0,410.0,258.0
614.0,0.0,1,559.0,410.0,563.0,260.0,409.0,408.0,410.0,256.0
606.0,0.0,1,559.0,412.0,562.0,262.0,408.0,410.0,409.0,258.0
605.0,0.0,1,559.0,411.0,561.0,263.0,408.0,409.0,409.0,258.0
605.0,0.0,1,559.0,412.0,562.0,263.0,408.0,409.0,409.0,258.0
606.0,0.0,1,559.0,412.0,562.0,263.0,408.0,410.0,409.0,258.0
606.0,0.0,1,560.0,414.0,563.0,263.0,408.0,412.0,408.0,258.0
595.0,0.0,1,560.0,418.0,565.0,263.0,406.0,414.0,408.0,259.0
595.0,0.0,1,560.0,418.0,565.0,263.0,406.0,414.0,408.0,259.0
586.0,0.0,1,562.0,420.0,566.0,264.0,404.0,418.0,405.0,259.0
586.0,0.0,1,563.0,425.0,568.0,262.0,402.0,422.0,403.0,258.0
567.0,0.0,1,566.0,427.0,570.0,260.0,396.0,425.0,400.0,254.0
557.0,0.0,1,569.0,428.0,572.0,258.0,396.0,426.0,398.0,252.0
535.0,0.0,1,570.0,432.0,573.0,257.0,395.0,429.0,396.0,253.0
522.0,0.0,1,571.0,434.0,575.0,258.0,395.0,431.0,396.0,253.0
504.0,0.0,1,572.0,435.0,576.0,258.0,394.0,432.0,395.0,253.0
504.0,0.0,1,572.0,435.0,576.0,257.0,394.0,432.0,395.0,252.0
502.0,0.0,1,572.0,435.0,576.0,259.0,395.0,432.0,395.0,253.0
502.0,0.0,0,572.0,435.0,576.0,259.0,394.0,432.0,395.0,253.0
502.0,0.0,0,572.0,435.0,576.0,259.0,394.0,433.0,395.0,253.0
503.0,0.0,0,572.0,436.0,576.0,259.0,394.0,433.0,395.0,253.0
502.0,0.0,0,572.0,435.0,576.0,258.0,394.0,432.0,395.0,253.0
502.0,0.0,0,572.0,435.0,576.0,259.0,394.0,432.0,395.0,253.0
502.0,0.0,0,572.0,435.0,576.0,259.0,394.0,433.0,395.0,253.0
502.0,0.0,0,572.0,435.0,576.0,259.0,394.0,433.0,395.0,253.0
502.0,0.0,0,572.0,435.0,576.0,259.0,394.0,433.0,395.0,253.0
503.0,0.0,0,572.0,435.0,576.0,258.0,394.0,432.0,395.0,253.0
501.0,0.0,0,572.0,435.0,576.0,258.0,394.0,432.0,396.0,253.0
501.0,0.0,0,572.0,435.0,576.0,259.0,394.0,432.0,395.0,253.0
503.0,0.0,0,572.0,435.0,576.0,258.0,394.0,432.0,395.0,253.0
502.0,0.0,0,572.0,435.0,576.0,258.0,394.0,432.0,396.0,253.0
503.0,0.0,0,572.0,435.0,577.0,258.0,394.0,432.0,396.0,252.0
498.0,0.0,0,572.0,435.0,577.0,258.0,395.0,432.0,396.0,252.0
512.0,0.0,0,572.0,435.0,577.0,257.0,395.0,432.0,396.0,253.0
512.0,0.0,0,572.0,435.0,577.0,258.0,394.0,432.0,396.0,252.0
502.0,0.0,0,572.0,435.0,577.0,258.0,395.0,432.0,396.0,252.0
502.0,0.0,0,572.0,435.0,577.0,257.0,395.0,432.0,396.0,252.0
501.0,0.0,0,572.0,435.0,577.0,257.0,395.0,432.0,396.0,252.0
502.0,0.0,0,572.0,435.0,576.0,258.0,394.0,432.0,395.0,252.0
512.0,0.0,0,572.0,435.0,576.0,258.0,394.0,432.0,396.0,252.0
512.0,0.0,0,572.0,435.0,577.0,257.0,395.0,432.0,396.0,252.0
512.0,0.0,0,572.0,435.0,577.0,257.0,394.0,432.0,395.0,252.0
503.0,0.0,0,572.0,435.0,576.0,258.0,394.0,432.0,395.0,252.0
502.0,0.0,0,572.0,435.0,576.0,258.0,394.0,432.0,395.0,252.0
503.0,0.0,0,572.0,435.0,576.0,258.0,394.0,432.0,395.0,253.0
502.0,0.0,0,572.0,435.0,576.0,258.0,394.0,432.0,395.0,253.0
502.0,0.0,0,572.0,435.0,576.0,258.0,394.0,432.0,395.0,252.0
502.0,0.0,0,572.0,435.0,576.0,258.0,394.0,432.0,395.0,252.0
503.0,0.0,0,572.0,435.0,576.0,258.0,394.0,432.0,395.0,253.0
503.0,0.0,0,572.0,435.0,576.0,258.0,394.0,432.0,395.0,253.0
503.0,0.0,0,572.0,435.0,576.0,258.0,394.0,432.0,395.0,253.0
502.0,0.0,0,572.0,435.0,577.0,258.0,394.0,432.0,396.0,252.0
502.0,0.0,0,572.0,435.0,577.0,257.0,394.0,432.0,395.0,253.0
501.0,0.0,0,572.0,435.0,576.0,258.0,394.0,432.0,395.0,253.0
502.0,0.0,0,572.0,435.0,576.0,258.0,394.0,432.0,395.0,252.0
503.0,0.0,0,572.0,435.0,577.0,258.0,394.0,432.0,396.0,252.0
502.0,0.0,0,572.0,435.0,577.0,257.0,394.0,432.0,396.0,252.0
502.0,0.0,0,572.0,435.0,577.0,257.0,395.0,432.0,396.0,252.0
502.0,0.0,0,572.0,435.0,577.0,257.0,394.0,432.0,396.0,252.0
501.0,0.0,0,572.0,435.0,577.0,257.0,394.0,432.0,396.0,252.0
502.0,0.0,0,572.0,435.0,577.0,257.0,394.0,432.0,396.0,252.0
501.0,0.0,0,572.0,435.0,577.0,257.0,394.0,432.0,396.0,252.0
502.0,0.0,0,572.0,435.0,577.0,257.0,395.0,432.0,396.0,252.0
502.0,0.0,0,572.0,435.0,577.0,257.0,394.0,432.0,395.0,252.0
502.0,0.0,0,572.0,435.0,577.0,257.0,394.0,432.0,395.0,252.0
503.0,0.0,0,572.0,435.0,576.0,258.0,395.0,432.0,396.0,252.0
502.0,0.0,0,572.0,435.0,577.0,257.0,394.0,432.0,396.0,252.0
502.0,0.0,0,572.0,435.0,577.0,257.0,394.0,432.0,395.0,252.0
502.0,0.0,0,572.0,435.0,576.0,258.0,394.0,432.0,395.0,252.0
503.0,0.0,0,572.0,435.0,576.0,258.0,394.0,432.0,395.0,252.0
503.0,0.0,0,572.0,435.0,576.0,258.0,394.0,432.0,395.0,252.0
502.0,0.0,0,572.0,435.0,577.0,257.0,394.0,432.0,395.0,252.0
502.0,0.0,0,572.0,435.0,576.0,258.0,394.0,432.0,395.0,252.0
502.0,0.0,0,572.0,435.0,576.0,258.0,394.0,432.0,395.0,252.0
502.0,0.0,0,572.0,435.0,576.0,258.0,394.0,432.0,395.0,252.0
502.0,0.0,0,572.0,435.0,576.0,257.0,394.0,432.0,395.0,252.0
502.0,0.0,0,572.0,435.0,576.0,257.0,394.0,432.0,395.0,252.0
501.0,0.0,0,572.0,435.0,576.0,258.0,394.0,432.0,395.0,252.0
502.0,0.0,0,572.0,435.0,576.0,258.0,394.0,432.0,395.0,252.0
502.0,0.0,0,572.0,435.0,576.0,258.0,394.0,432.0,395.0,252.0
501.0,0.0,0,572.0,435.0,577.0,258.0,394.0,432.0,396.0,252.0
504.0,0.0,0,572.0,435.0,576.0,258.0,394.0,432.0,395.0,252.0
504.0,0.0,0,572.0,435.0,576.0,258.0,394.0,432.0,395.0,252.0
502.0,0.0,0,572.0,435.0,576.0,258.0,394.0,432.0,395.0,252.0
501.0,0.0,0,572.0,435.0,577.0,257.0,394.0,432.0,396.0,252.0
501.0,0.0,0,572.0,435.0,577.0,257.0,394.0,432.0,396.0,252.0
501.0,0.0,0,572.0,435.0,577.0,257.0,395.0,432.0,396.0,252.0
502.0,0.0,0,572.0,435.0,577.0,258.0,394.0,432.0,395.0,252.0
502.0,0.0,0,572.0,435.0,577.0,257.0,394.0,432.0,396.0,252.0
502.0,0.0,0,572.0,435.0,577.0,257.0,394.0,432.0,396.0,252.0
502.0,0.0,0,572.0,435.0,577.0,257.0,394.0,431.0,396.0,252.0
497.0,0.0,0,572.0,435.0,577.0,257.0,394.0,431.0,396.0,252.0
502.0,0.0,0,572.0,435.0,577.0,257.0,394.0,432.0,395.0,252.0
503.0,0.0,0,572.0,435.0,577.0,257.0,394.0,432.0,395.0,252.0
503.0,0.0,0,572.0,435.0,577.0,257.0,395.0,432.0,396.0,252.0
503.0,0.0,0,572.0,435.0,577.0,257.0,394.0,431.0,396.0,252.0
503.0,0.0,0,572.0,435.0,577.0,257.0,394.0,431.0,395.0,252.0
502.0,0.0,0,572.0,435.0,577.0,257.0,394.0,432.0,395.0,252.0
502.0,0.0,0,572.0,435.0,576.0,258.0,394.0,432.0,395.0,252.0
501.0,0.0,0,572.0,435.0,576.0,258.0,394.0,432.0,395.0,252.0
501.0,0.0,0,572.0,435.0,577.0,257.0,394.0,432.0,395.0,252.0
503.0,0.0,0,572.0,435.0,577.0,257.0,394.0,432.0,395.0,252.0
502.0,0.0,0,572.0,435.0,576.0,258.0,394.0,432.0,395.0,252.0
502.0,0.0,0,572.0,435.0,576.0,258.0,394.0,432.0,395.0,252.0
505.0,0.0,0,572.0,435.0,576.0,258.0,394.0,432.0,395.0,252.0
504.0,0.0,0,572.0,435.0,577.0,257.0,394.0,432.0,395.0,252.0
504.0,0.0,0,572.0,435.0,576.0,258.0,394.0,432.0,395.0,252.0
503.0,0.0,0,572.0,435.0,576.0,258.0,394.0,432.0,395.0,252.0
503.0,0.0,0,572.0,435.0,577.0,258.0,394.0,432.0,395.0,252.0
